#& Sector Superlayer Slot Cable T0Correction T0Error
1	 1	 1	 1	 0.038271	 0.026925
1	 1	 1	 2	 1.461469	 0.017755
1	 1	 1	 3	 1.170557	 0.011387
1	 1	 1	 4	 0.088411	 0.014589
1	 1	 1	 5	 1.501659	 0.016166
1	 1	 1	 6	 1.859177	 0.017966
1	 1	 2	 1	 0.950750	 0.004691
1	 1	 2	 2	 1.054112	 0.011439
1	 1	 2	 3	 2.977144	 0.015370
1	 1	 2	 4	 1.800151	 0.015429
1	 1	 2	 5	 2.432814	 0.016019
1	 1	 2	 6	 2.858484	 0.016242
1	 1	 3	 1	 1.844667	 0.016101
1	 1	 3	 2	 4.518804	 0.023866
1	 1	 3	 3	 1.272920	 0.017734
1	 1	 3	 4	 1.272623	 0.019505
1	 1	 3	 5	 3.278114	 0.020104
1	 1	 3	 6	 3.021074	 0.021515
1	 1	 4	 1	 2.372504	 0.021526
1	 1	 4	 2	 3.546204	 0.023417
1	 1	 4	 3	 -0.112486	 0.035467
1	 1	 4	 4	 0.300994	 0.022901
1	 1	 4	 5	 1.955474	 0.024544
1	 1	 4	 6	 3.172264	 0.028295
1	 1	 5	 1	 3.587084	 0.027855
1	 1	 5	 2	 1.447989	 0.031542
1	 1	 5	 3	 3.394834	 0.033236
1	 1	 5	 4	 3.781754	 0.036712
1	 1	 5	 5	 3.348244	 0.039272
1	 1	 5	 6	 3.811794	 0.042458
1	 1	 6	 1	 4.172504	 0.063593
1	 1	 6	 2	 4.004574	 0.030817
1	 1	 6	 3	 3.574284	 0.065940
1	 1	 6	 4	 2.228134	 0.055702
1	 1	 6	 5	 3.271894	 0.082849
1	 1	 6	 6	 3.805174	 0.100727
1	 1	 7	 1	 4.138704	 0.102668
1	 1	 7	 2	 5.287074	 0.153868
1	 1	 7	 3	 2.270604	 0.126261
1	 1	 7	 4	 4.983594	 0.043473
1	 1	 7	 5	 1.473909	 0.131229
1	 1	 7	 6	 2.612914	 0.220162
1	 2	 1	 1	 -20.098134	 0.015213
1	 2	 1	 2	 -19.268134	 0.019937
1	 2	 1	 3	 -20.101734	 0.020746
1	 2	 1	 4	 -19.829834	 0.033656
1	 2	 1	 5	 -19.953834	 0.020968
1	 2	 1	 6	 -19.497434	 0.017526
1	 2	 2	 1	 -19.758534	 0.017882
1	 2	 2	 2	 -19.223034	 0.016686
1	 2	 2	 3	 -21.218634	 0.016662
1	 2	 2	 4	 -21.322234	 0.016433
1	 2	 2	 5	 -20.332234	 0.017910
1	 2	 2	 6	 -20.621934	 0.018158
1	 2	 3	 1	 -20.817534	 0.017321
1	 2	 3	 2	 -19.115034	 0.031051
1	 2	 3	 3	 -20.650534	 0.020154
1	 2	 3	 4	 -20.137234	 0.021081
1	 2	 3	 5	 -19.677934	 0.022248
1	 2	 3	 6	 -19.688334	 0.026564
1	 2	 4	 1	 -20.283234	 0.022660
1	 2	 4	 2	 -20.221634	 0.024665
1	 2	 4	 3	 -21.145334	 0.023390
1	 2	 4	 4	 -20.127134	 0.026681
1	 2	 4	 5	 -20.054534	 0.027085
1	 2	 4	 6	 -19.635634	 0.036670
1	 2	 5	 1	 -20.460834	 0.031412
1	 2	 5	 2	 -20.247834	 0.038390
1	 2	 5	 3	 -20.250734	 0.035246
1	 2	 5	 4	 -20.828334	 0.036730
1	 2	 5	 5	 -19.390234	 0.036861
1	 2	 5	 6	 -20.289734	 0.045449
1	 2	 6	 1	 -20.664134	 0.050838
1	 2	 6	 2	 -19.903034	 0.058813
1	 2	 6	 3	 -21.019434	 0.063557
1	 2	 6	 4	 -21.210734	 0.075553
1	 2	 6	 5	 -21.076734	 0.075428
1	 2	 6	 6	 -20.110034	 0.105442
1	 2	 7	 1	 -21.243634	 0.102732
1	 2	 7	 2	 -20.150734	 0.143885
1	 2	 7	 3	 -20.822534	 0.142191
1	 2	 7	 4	 -22.009934	 0.135391
1	 2	 7	 5	 -20.552734	 0.176544
1	 2	 7	 6	 -22.851134	 0.152579
1	 3	 1	 1	 -16.070653	 3.818290
1	 3	 1	 2	 -14.859153	 0.073424
1	 3	 1	 3	 -17.421053	 0.032217
1	 3	 1	 4	 -17.403453	 0.029691
1	 3	 1	 5	 -17.078953	 0.027174
1	 3	 1	 6	 -16.412153	 0.027887
1	 3	 2	 1	 -17.644353	 0.028137
1	 3	 2	 2	 -16.652853	 0.026589
1	 3	 2	 3	 -17.851653	 0.028799
1	 3	 2	 4	 -16.828253	 0.024747
1	 3	 2	 5	 -16.075153	 0.027208
1	 3	 2	 6	 -16.301553	 0.028262
1	 3	 3	 1	 -17.539653	 0.027344
1	 3	 3	 2	 -16.752853	 0.043382
1	 3	 3	 3	 -16.748453	 0.033937
1	 3	 3	 4	 -17.094653	 0.034081
1	 3	 3	 5	 -16.627453	 0.032697
1	 3	 3	 6	 -15.555253	 0.035054
1	 3	 4	 1	 -16.266453	 0.038213
1	 3	 4	 2	 -16.293153	 0.040526
1	 3	 4	 3	 -16.548153	 0.048464
1	 3	 4	 4	 -17.003953	 0.045850
1	 3	 4	 5	 -15.180753	 0.052486
1	 3	 4	 6	 -15.966253	 0.052187
1	 3	 5	 1	 -15.098953	 0.062650
1	 3	 5	 2	 -15.930553	 0.068546
1	 3	 5	 3	 -15.658653	 0.070909
1	 3	 5	 4	 -15.651253	 0.077177
1	 3	 5	 5	 -14.744653	 0.124744
1	 3	 5	 6	 -15.264453	 0.123062
1	 3	 6	 1	 -16.364553	 0.154873
1	 3	 6	 2	 -16.886753	 0.111099
1	 3	 6	 3	 -15.575153	 0.170783
1	 3	 6	 4	 -16.628253	 0.131280
1	 3	 6	 5	 -16.028253	 0.558248
1	 3	 6	 6	 -17.030553	 0.941267
1	 3	 7	 1	 -16.098353	 0.053604
1	 3	 7	 2	 -15.838753	 0.317304
1	 3	 7	 3	 -20.316553	 0.710913
1	 3	 7	 4	 -21.522653	 0.994972
1	 3	 7	 5	 -20.111553	 1.749730
1	 3	 7	 6	 -23.090253	 3.606850
1	 4	 1	 1	 -25.862505	 14.528700
1	 4	 1	 2	 -18.975605	 0.162276
1	 4	 1	 3	 -17.519405	 0.051202
1	 4	 1	 4	 -18.363205	 0.036478
1	 4	 1	 5	 -17.612805	 0.026415
1	 4	 1	 6	 -17.424905	 0.028198
1	 4	 2	 1	 -18.713405	 0.025591
1	 4	 2	 2	 -17.884405	 0.026129
1	 4	 2	 3	 -18.186605	 0.026461
1	 4	 2	 4	 -18.762505	 0.026922
1	 4	 2	 5	 -18.251105	 0.028957
1	 4	 2	 6	 -18.588405	 0.031303
1	 4	 3	 1	 -17.769805	 0.031482
1	 4	 3	 2	 -19.379505	 0.033037
1	 4	 3	 3	 -19.052805	 0.031253
1	 4	 3	 4	 -18.319905	 0.036175
1	 4	 3	 5	 -17.833405	 0.036323
1	 4	 3	 6	 -17.505605	 0.040724
1	 4	 4	 1	 -18.213205	 0.039475
1	 4	 4	 2	 -18.018105	 0.040450
1	 4	 4	 3	 -18.502105	 0.046094
1	 4	 4	 4	 -19.436305	 0.044147
1	 4	 4	 5	 -17.761005	 0.049521
1	 4	 4	 6	 -17.724105	 0.055545
1	 4	 5	 1	 -18.944605	 0.059031
1	 4	 5	 2	 -19.450605	 0.067481
1	 4	 5	 3	 -18.361005	 0.072034
1	 4	 5	 4	 -18.653005	 0.087903
1	 4	 5	 5	 -18.214105	 0.108222
1	 4	 5	 6	 -17.681105	 0.124205
1	 4	 6	 1	 -18.923605	 0.102324
1	 4	 6	 2	 -19.856005	 0.116043
1	 4	 6	 3	 -18.542105	 0.166741
1	 4	 6	 4	 -20.609005	 0.328302
1	 4	 6	 5	 -20.135405	 0.375588
1	 4	 6	 6	 -20.049005	 0.125591
1	 4	 7	 1	 -17.578305	 0.180590
1	 4	 7	 2	 -19.731905	 0.683434
1	 4	 7	 3	 -21.331105	 0.902941
1	 4	 7	 4	 -24.842505	 1.971960
1	 4	 7	 5	 -10.453105	 99.887500
1	 4	 7	 6	 -22.610205	 2.748620
1	 5	 1	 1	 6.851796	 5.943560
1	 5	 1	 2	 28.598136	 0.037361
1	 5	 1	 3	 29.702536	 0.017739
1	 5	 1	 4	 28.562136	 0.012902
1	 5	 1	 5	 28.743336	 0.019533
1	 5	 1	 6	 29.857536	 0.018420
1	 5	 2	 1	 28.727336	 0.016346
1	 5	 2	 2	 31.314136	 0.023073
1	 5	 2	 3	 30.463336	 0.018948
1	 5	 2	 4	 28.669736	 0.010864
1	 5	 2	 5	 29.000636	 0.016378
1	 5	 2	 6	 30.662236	 0.030024
1	 5	 3	 1	 30.093736	 0.030526
1	 5	 3	 2	 32.029336	 0.034463
1	 5	 3	 3	 31.770736	 0.037219
1	 5	 3	 4	 30.768136	 0.040539
1	 5	 3	 5	 30.187636	 0.046823
1	 5	 3	 6	 32.078236	 0.054228
1	 5	 4	 1	 30.861936	 0.062739
1	 5	 4	 2	 29.346736	 0.062136
1	 5	 4	 3	 30.346536	 0.074309
1	 5	 4	 4	 29.975136	 0.086689
1	 5	 4	 5	 29.350536	 0.098194
1	 5	 4	 6	 31.290436	 0.113600
1	 5	 5	 1	 30.583736	 0.106213
1	 5	 5	 2	 29.814036	 0.119125
1	 5	 5	 3	 29.590336	 0.238216
1	 5	 5	 4	 28.450536	 0.185382
1	 5	 5	 5	 32.443936	 0.297304
1	 5	 5	 6	 28.999836	 0.212095
1	 5	 6	 1	 26.355236	 0.237034
1	 5	 6	 2	 27.947636	 0.624763
1	 5	 6	 3	 23.617036	 0.057410
1	 5	 6	 4	 22.953336	 0.713254
1	 5	 6	 5	 21.973836	 0.743962
1	 5	 6	 6	 22.059936	 2.615300
1	 5	 7	 1	 42.771536	 52.194600
1	 5	 7	 2	 22.225736	 1.433250
1	 5	 7	 3	 18.563036	 1.953950
1	 5	 7	 4	 34.700336	 7.634000
1	 5	 7	 5	 41.394436	 0.866746
1	 5	 7	 6	 44.928136	 13.204500
1	 6	 1	 1	 19.466455	 1.330310
1	 6	 1	 2	 21.867755	 0.102320
1	 6	 1	 3	 21.610755	 0.036913
1	 6	 1	 4	 23.175055	 0.036847
1	 6	 1	 5	 26.229655	 0.043838
1	 6	 1	 6	 21.617655	 0.023278
1	 6	 2	 1	 22.619955	 0.018491
1	 6	 2	 2	 22.551155	 0.012555
1	 6	 2	 3	 21.564655	 0.019343
1	 6	 2	 4	 21.450955	 0.012207
1	 6	 2	 5	 22.171855	 0.022217
1	 6	 2	 6	 21.514355	 0.014547
1	 6	 3	 1	 23.073855	 0.020414
1	 6	 3	 2	 23.407755	 0.036581
1	 6	 3	 3	 23.342955	 0.041609
1	 6	 3	 4	 23.275055	 0.045265
1	 6	 3	 5	 22.613855	 0.047699
1	 6	 3	 6	 21.695455	 0.056636
1	 6	 4	 1	 23.240455	 0.063720
1	 6	 4	 2	 23.240055	 0.073669
1	 6	 4	 3	 23.509555	 0.074448
1	 6	 4	 4	 23.859055	 0.084452
1	 6	 4	 5	 26.676055	 0.084651
1	 6	 4	 6	 23.105755	 0.109905
1	 6	 5	 1	 27.936555	 0.122820
1	 6	 5	 2	 28.177655	 0.166351
1	 6	 5	 3	 25.973255	 0.089847
1	 6	 5	 4	 27.224655	 0.130531
1	 6	 5	 5	 27.822955	 0.198071
1	 6	 5	 6	 22.568355	 0.342879
1	 6	 6	 1	 25.418655	 0.561410
1	 6	 6	 2	 17.552555	 0.424999
1	 6	 6	 3	 29.916955	 0.165570
1	 6	 6	 4	 18.895955	 0.566717
1	 6	 6	 5	 20.086455	 0.829000
1	 6	 6	 6	 25.323355	 2.250170
1	 6	 7	 1	 20.826955	 1.027210
1	 6	 7	 2	 27.816855	 5.225000
1	 6	 7	 3	 36.334555	 17.593800
1	 6	 7	 4	 22.871555	 1.876520
1	 6	 7	 5	 27.237555	 3.214290
1	 6	 7	 6	 27.816855	 5.225000
2	 1	 1	 1	 12.486135	 0.046275
2	 1	 1	 2	 12.048635	 0.022351
2	 1	 1	 3	 12.585935	 0.020454
2	 1	 1	 4	 10.378625	 0.023326
2	 1	 1	 5	 12.186535	 0.033377
2	 1	 1	 6	 11.568035	 0.027570
2	 1	 2	 1	 10.223195	 0.020709
2	 1	 2	 2	 11.970835	 0.018227
2	 1	 2	 3	 12.247435	 0.018263
2	 1	 2	 4	 13.512535	 0.020313
2	 1	 2	 5	 15.159535	 0.018377
2	 1	 2	 6	 17.190735	 0.021097
2	 1	 3	 1	 13.035335	 0.021055
2	 1	 3	 2	 13.562335	 0.021641
2	 1	 3	 3	 12.758435	 0.022196
2	 1	 3	 4	 13.541235	 0.025132
2	 1	 3	 5	 13.636935	 0.023824
2	 1	 3	 6	 11.623235	 0.022961
2	 1	 4	 1	 12.063235	 0.020630
2	 1	 4	 2	 13.166235	 0.024310
2	 1	 4	 3	 11.894535	 0.033060
2	 1	 4	 4	 11.708535	 0.024761
2	 1	 4	 5	 13.172835	 0.024808
2	 1	 4	 6	 13.107735	 0.027885
2	 1	 5	 1	 12.280535	 0.032849
2	 1	 5	 2	 13.416935	 0.033238
2	 1	 5	 3	 12.493835	 0.028862
2	 1	 5	 4	 13.611135	 0.035329
2	 1	 5	 5	 13.628335	 0.038114
2	 1	 5	 6	 12.979435	 0.044027
2	 1	 6	 1	 12.757435	 0.038805
2	 1	 6	 2	 16.588035	 0.011630
2	 1	 6	 3	 14.564635	 1.500780
2	 1	 6	 4	 10.966935	 0.069201
2	 1	 6	 5	 10.448605	 0.074272
2	 1	 6	 6	 18.273235	 0.197277
2	 1	 7	 1	 10.158785	 0.167166
2	 1	 7	 2	 13.604635	 0.138212
2	 1	 7	 3	 12.377335	 0.166562
2	 1	 7	 4	 11.611735	 0.063647
2	 1	 7	 5	 11.403835	 0.222250
2	 1	 7	 6	 15.163935	 0.193318
2	 2	 1	 1	 16.033773	 0.059361
2	 2	 1	 2	 16.399473	 0.022215
2	 2	 1	 3	 15.413573	 0.020466
2	 2	 1	 4	 15.786173	 0.023015
2	 2	 1	 5	 15.766873	 0.022152
2	 2	 1	 6	 14.835873	 0.020084
2	 2	 2	 1	 18.812673	 0.020193
2	 2	 2	 2	 17.970473	 0.019491
2	 2	 2	 3	 16.996273	 0.018349
2	 2	 2	 4	 18.152373	 0.019191
2	 2	 2	 5	 13.860873	 0.017772
2	 2	 2	 6	 15.380473	 0.018452
2	 2	 3	 1	 11.903273	 0.019974
2	 2	 3	 2	 14.571073	 0.018855
2	 2	 3	 3	 11.875573	 0.020326
2	 2	 3	 4	 11.153973	 0.028657
2	 2	 3	 5	 11.577473	 0.020935
2	 2	 3	 6	 11.872073	 0.024500
2	 2	 4	 1	 14.789073	 0.024723
2	 2	 4	 2	 14.235373	 0.034955
2	 2	 4	 3	 15.498473	 0.027284
2	 2	 4	 4	 13.881573	 0.027858
2	 2	 4	 5	 16.971273	 0.032488
2	 2	 4	 6	 14.802673	 0.035482
2	 2	 5	 1	 10.704333	 0.030040
2	 2	 5	 2	 11.666773	 0.037303
2	 2	 5	 3	 11.649773	 0.034991
2	 2	 5	 4	 12.534173	 0.047008
2	 2	 5	 5	 11.564073	 0.046390
2	 2	 5	 6	 14.075973	 0.052736
2	 2	 6	 1	 13.870273	 0.054326
2	 2	 6	 2	 15.242673	 0.059018
2	 2	 6	 3	 13.152673	 0.060289
2	 2	 6	 4	 11.718673	 0.077988
2	 2	 6	 5	 14.085273	 0.083733
2	 2	 6	 6	 14.555573	 0.164073
2	 2	 7	 1	 12.845973	 0.146483
2	 2	 7	 2	 13.570773	 0.690234
2	 2	 7	 3	 16.274573	 0.313706
2	 2	 7	 4	 13.257773	 0.211912
2	 2	 7	 5	 13.833173	 0.257461
2	 2	 7	 6	 14.108373	 0.249777
2	 3	 1	 1	 28.188464	 2.363320
2	 3	 1	 2	 22.091064	 0.082556
2	 3	 1	 3	 21.238864	 0.045471
2	 3	 1	 4	 15.427164	 0.030521
2	 3	 1	 5	 15.232764	 0.029133
2	 3	 1	 6	 15.173864	 0.028629
2	 3	 2	 1	 16.656164	 0.024457
2	 3	 2	 2	 16.388264	 0.024969
2	 3	 2	 3	 15.827064	 0.026830
2	 3	 2	 4	 16.452364	 0.025870
2	 3	 2	 5	 17.097364	 0.027461
2	 3	 2	 6	 16.214764	 0.027239
2	 3	 3	 1	 15.405464	 0.028820
2	 3	 3	 2	 16.975464	 0.034596
2	 3	 3	 3	 16.585064	 0.029145
2	 3	 3	 4	 15.474064	 0.040635
2	 3	 3	 5	 15.207364	 0.041370
2	 3	 3	 6	 15.760664	 0.043994
2	 3	 4	 1	 17.673964	 0.036497
2	 3	 4	 2	 18.773564	 0.042341
2	 3	 4	 3	 16.494764	 0.048665
2	 3	 4	 4	 18.140564	 0.058847
2	 3	 4	 5	 18.069764	 0.047306
2	 3	 4	 6	 17.810664	 0.053359
2	 3	 5	 1	 16.631664	 0.056943
2	 3	 5	 2	 16.204464	 0.060848
2	 3	 5	 3	 17.188764	 0.074810
2	 3	 5	 4	 18.158964	 0.072571
2	 3	 5	 5	 17.104364	 0.105252
2	 3	 5	 6	 18.106364	 0.113773
2	 3	 6	 1	 17.141764	 0.109636
2	 3	 6	 2	 19.343364	 0.123075
2	 3	 6	 3	 16.090064	 0.073256
2	 3	 6	 4	 17.494264	 0.220489
2	 3	 6	 5	 17.527164	 0.230312
2	 3	 6	 6	 14.643264	 0.496099
2	 3	 7	 1	 14.022164	 0.522438
2	 3	 7	 2	 18.101764	 0.214053
2	 3	 7	 3	 13.299464	 0.798274
2	 3	 7	 4	 14.739864	 1.355320
2	 3	 7	 5	 18.742764	 9.533030
2	 3	 7	 6	 17.173564	 2.710580
2	 4	 1	 1	 32.298693	 6.497670
2	 4	 1	 2	 17.485293	 0.162418
2	 4	 1	 3	 16.918593	 0.062235
2	 4	 1	 4	 18.557893	 0.058303
2	 4	 1	 5	 16.432893	 0.035261
2	 4	 1	 6	 17.207793	 0.030044
2	 4	 2	 1	 15.582593	 0.029193
2	 4	 2	 2	 16.158893	 0.025379
2	 4	 2	 3	 16.635693	 0.029171
2	 4	 2	 4	 17.461493	 0.031265
2	 4	 2	 5	 16.868493	 0.030119
2	 4	 2	 6	 17.194093	 0.036485
2	 4	 3	 1	 16.204193	 0.034965
2	 4	 3	 2	 15.777093	 0.034855
2	 4	 3	 3	 16.960693	 0.036144
2	 4	 3	 4	 15.925493	 0.038900
2	 4	 3	 5	 16.268093	 0.045998
2	 4	 3	 6	 16.858693	 0.040019
2	 4	 4	 1	 15.203793	 0.043461
2	 4	 4	 2	 14.896993	 0.051908
2	 4	 4	 3	 15.955193	 0.057549
2	 4	 4	 4	 15.513293	 0.071496
2	 4	 4	 5	 16.459593	 0.058792
2	 4	 4	 6	 15.971193	 0.060749
2	 4	 5	 1	 15.540393	 0.067306
2	 4	 5	 2	 15.257693	 0.085841
2	 4	 5	 3	 12.868593	 1.042820
2	 4	 5	 4	 15.368393	 0.087666
2	 4	 5	 5	 15.422793	 0.147676
2	 4	 5	 6	 16.688293	 0.121574
2	 4	 6	 1	 17.192493	 0.207210
2	 4	 6	 2	 16.282493	 0.425495
2	 4	 6	 3	 15.476693	 0.433299
2	 4	 6	 4	 22.360193	 2.101000
2	 4	 6	 5	 17.034493	 0.298066
2	 4	 6	 6	 16.422193	 0.222373
2	 4	 7	 1	 22.409193	 2.804000
2	 4	 7	 2	 13.916893	 0.767783
2	 4	 7	 3	 12.952893	 0.981205
2	 4	 7	 4	 12.161593	 1.266970
2	 4	 7	 5	 13.504293	 1.997930
2	 4	 7	 6	 24.331193	 21.482100
2	 5	 1	 1	 14.846235	 1.543640
2	 5	 1	 2	 27.891935	 0.023863
2	 5	 1	 3	 27.166535	 0.051452
2	 5	 1	 4	 26.493335	 0.042090
2	 5	 1	 5	 29.018035	 0.010591
2	 5	 1	 6	 27.999335	 0.012624
2	 5	 2	 1	 27.943335	 0.008872
2	 5	 2	 2	 29.028235	 0.008067
2	 5	 2	 3	 29.065835	 0.009328
2	 5	 2	 4	 29.097235	 0.010527
2	 5	 2	 5	 31.132435	 0.031651
2	 5	 2	 6	 30.963135	 0.031355
2	 5	 3	 1	 31.892435	 0.033113
2	 5	 3	 2	 30.146735	 0.034956
2	 5	 3	 3	 31.880435	 0.041395
2	 5	 3	 4	 30.677135	 0.043544
2	 5	 3	 5	 31.362735	 0.052403
2	 5	 3	 6	 32.482235	 0.058558
2	 5	 4	 1	 31.746435	 0.064793
2	 5	 4	 2	 29.752735	 0.058858
2	 5	 4	 3	 29.139835	 0.070524
2	 5	 4	 4	 27.431035	 0.088530
2	 5	 4	 5	 30.092435	 0.085882
2	 5	 4	 6	 29.574535	 0.099895
2	 5	 5	 1	 28.429035	 0.117673
2	 5	 5	 2	 26.370335	 0.064352
2	 5	 5	 3	 27.172335	 0.194959
2	 5	 5	 4	 22.089335	 0.334476
2	 5	 5	 5	 31.968335	 0.444922
2	 5	 5	 6	 16.946335	 0.439217
2	 5	 6	 1	 16.230035	 0.599622
2	 5	 6	 2	 15.853935	 0.569938
2	 5	 6	 3	 17.348835	 0.734133
2	 5	 6	 4	 19.938335	 16.433000
2	 5	 6	 5	 18.352835	 0.965394
2	 5	 6	 6	 15.878835	 0.836154
2	 5	 7	 1	 30.630235	 4.388000
2	 5	 7	 2	 14.522135	 1.639410
2	 5	 7	 3	 15.646335	 3.114220
2	 5	 7	 4	 16.879435	 2.673060
2	 5	 7	 5	 24.716535	 283.133000
2	 5	 7	 6	 30.630235	 4.388000
2	 6	 1	 1	 21.958792	 0.059037
2	 6	 1	 2	 23.013492	 0.069831
2	 6	 1	 3	 20.956092	 0.022267
2	 6	 1	 4	 20.987892	 0.020534
2	 6	 1	 5	 23.459992	 0.035232
2	 6	 1	 6	 21.859992	 0.033370
2	 6	 2	 1	 22.219592	 0.026153
2	 6	 2	 2	 22.402092	 0.028717
2	 6	 2	 3	 23.623292	 0.030220
2	 6	 2	 4	 21.317292	 0.018887
2	 6	 2	 5	 23.448692	 0.028619
2	 6	 2	 6	 31.847492	 0.037107
2	 6	 3	 1	 24.989092	 0.037445
2	 6	 3	 2	 26.966492	 0.015590
2	 6	 3	 3	 26.851292	 0.010397
2	 6	 3	 4	 23.894592	 0.045196
2	 6	 3	 5	 24.156392	 0.048575
2	 6	 3	 6	 26.688092	 0.056641
2	 6	 4	 1	 24.933392	 0.064625
2	 6	 4	 2	 22.988192	 0.070255
2	 6	 4	 3	 22.928592	 0.077202
2	 6	 4	 4	 24.117992	 0.090032
2	 6	 4	 5	 24.287092	 0.094492
2	 6	 4	 6	 23.632592	 0.106498
2	 6	 5	 1	 23.421792	 0.110345
2	 6	 5	 2	 23.296292	 0.140253
2	 6	 5	 3	 21.148292	 0.176311
2	 6	 5	 4	 22.637992	 0.217793
2	 6	 5	 5	 12.485592	 0.327768
2	 6	 5	 6	 11.237592	 0.498838
2	 6	 6	 1	 10.137692	 0.668412
2	 6	 6	 2	 10.528292	 0.453162
2	 6	 6	 3	 29.027292	 0.743358
2	 6	 6	 4	 28.363692	 0.166102
2	 6	 6	 5	 12.230892	 0.601690
2	 6	 6	 6	 24.988192	 0.109236
2	 6	 7	 1	 8.155032	 1.393920
2	 6	 7	 2	 25.060692	 0.206273
2	 6	 7	 3	 13.801492	 2.617740
2	 6	 7	 4	 19.502692	 1.712620
2	 6	 7	 5	 41.473392	 1.549530
2	 6	 7	 6	 24.543692	 4.021000
3	 1	 1	 1	 39.132951	 0.035350
3	 1	 1	 2	 40.463751	 0.021457
3	 1	 1	 3	 39.670151	 0.016929
3	 1	 1	 4	 39.122351	 0.019155
3	 1	 1	 5	 38.193651	 0.017251
3	 1	 1	 6	 38.716351	 0.017657
3	 1	 2	 1	 40.234451	 0.017173
3	 1	 2	 2	 41.857151	 0.016635
3	 1	 2	 3	 39.971351	 0.016384
3	 1	 2	 4	 43.466351	 0.017782
3	 1	 2	 5	 40.470251	 0.015888
3	 1	 2	 6	 39.762151	 0.016449
3	 1	 3	 1	 39.627051	 0.017606
3	 1	 3	 2	 39.470751	 0.020275
3	 1	 3	 3	 39.444251	 0.020584
3	 1	 3	 4	 39.571751	 0.022613
3	 1	 3	 5	 40.328351	 0.022130
3	 1	 3	 6	 40.187951	 0.023472
3	 1	 4	 1	 42.206451	 0.021331
3	 1	 4	 2	 41.631751	 0.022265
3	 1	 4	 3	 37.707551	 0.020725
3	 1	 4	 4	 40.239651	 0.024004
3	 1	 4	 5	 41.088351	 0.015033
3	 1	 4	 6	 41.824651	 0.026000
3	 1	 5	 1	 39.922151	 0.031795
3	 1	 5	 2	 38.962951	 0.032096
3	 1	 5	 3	 38.202551	 0.031103
3	 1	 5	 4	 42.024151	 0.995119
3	 1	 5	 5	 39.946451	 0.037932
3	 1	 5	 6	 43.032951	 0.636391
3	 1	 6	 1	 40.130251	 0.035104
3	 1	 6	 2	 39.993151	 0.049618
3	 1	 6	 3	 39.803551	 0.051136
3	 1	 6	 4	 40.847551	 0.067271
3	 1	 6	 5	 38.951351	 0.085434
3	 1	 6	 6	 42.178751	 0.087696
3	 1	 7	 1	 42.060251	 0.122635
3	 1	 7	 2	 40.935651	 0.085349
3	 1	 7	 3	 43.609851	 0.111262
3	 1	 7	 4	 42.494251	 0.122981
3	 1	 7	 5	 42.280451	 0.161231
3	 1	 7	 6	 41.558951	 0.176222
3	 2	 1	 1	 41.718282	 0.068317
3	 2	 1	 2	 44.489682	 0.023882
3	 2	 1	 3	 42.602082	 0.018825
3	 2	 1	 4	 41.829282	 0.019885
3	 2	 1	 5	 42.091382	 0.019504
3	 2	 1	 6	 43.605982	 0.020603
3	 2	 2	 1	 42.728182	 0.018593
3	 2	 2	 2	 44.403282	 0.018940
3	 2	 2	 3	 41.239582	 0.017658
3	 2	 2	 4	 42.567882	 0.019261
3	 2	 2	 5	 42.007682	 0.018861
3	 2	 2	 6	 42.953782	 0.019611
3	 2	 3	 1	 41.241582	 0.020998
3	 2	 3	 2	 42.534682	 0.021943
3	 2	 3	 3	 40.763282	 0.021336
3	 2	 3	 4	 42.494482	 0.022235
3	 2	 3	 5	 42.000482	 0.022184
3	 2	 3	 6	 42.112482	 0.025228
3	 2	 4	 1	 39.343982	 0.023445
3	 2	 4	 2	 41.418682	 0.025797
3	 2	 4	 3	 38.809182	 0.027141
3	 2	 4	 4	 41.745782	 0.027870
3	 2	 4	 5	 38.136582	 0.028400
3	 2	 4	 6	 39.785982	 0.044750
3	 2	 5	 1	 40.722482	 0.033330
3	 2	 5	 2	 42.639582	 0.038069
3	 2	 5	 3	 37.542782	 0.036420
3	 2	 5	 4	 41.673582	 0.036951
3	 2	 5	 5	 39.446082	 0.038728
3	 2	 5	 6	 40.814182	 0.047135
3	 2	 6	 1	 39.945782	 0.057869
3	 2	 6	 2	 40.470482	 0.051937
3	 2	 6	 3	 40.635282	 0.060501
3	 2	 6	 4	 40.217482	 0.752093
3	 2	 6	 5	 40.539482	 0.019735
3	 2	 6	 6	 41.234982	 0.091867
3	 2	 7	 1	 41.269682	 0.103410
3	 2	 7	 2	 42.897982	 0.164161
3	 2	 7	 3	 41.059782	 0.199742
3	 2	 7	 4	 43.146982	 0.155239
3	 2	 7	 5	 41.343382	 0.261522
3	 2	 7	 6	 42.887982	 0.243205
3	 3	 1	 1	 44.321164	 2.420030
3	 3	 1	 2	 39.071164	 0.094106
3	 3	 1	 3	 37.902164	 0.048930
3	 3	 1	 4	 38.864464	 0.036665
3	 3	 1	 5	 39.579564	 0.015853
3	 3	 1	 6	 41.387364	 0.030400
3	 3	 2	 1	 42.947264	 0.028143
3	 3	 2	 2	 42.185564	 0.034534
3	 3	 2	 3	 42.310864	 0.029409
3	 3	 2	 4	 42.692564	 0.024944
3	 3	 2	 5	 44.376864	 0.030254
3	 3	 2	 6	 44.043164	 0.032913
3	 3	 3	 1	 43.315864	 0.038121
3	 3	 3	 2	 42.023764	 0.038312
3	 3	 3	 3	 41.886564	 0.036704
3	 3	 3	 4	 43.888464	 0.043054
3	 3	 3	 5	 43.969264	 0.042401
3	 3	 3	 6	 43.603064	 0.041728
3	 3	 4	 1	 42.867964	 0.038921
3	 3	 4	 2	 44.345864	 0.046401
3	 3	 4	 3	 44.978164	 0.044331
3	 3	 4	 4	 43.105264	 0.071735
3	 3	 4	 5	 39.867764	 0.055354
3	 3	 4	 6	 39.171864	 0.064235
3	 3	 5	 1	 38.760264	 0.063282
3	 3	 5	 2	 39.966464	 0.066939
3	 3	 5	 3	 40.614864	 0.068461
3	 3	 5	 4	 42.149364	 0.098605
3	 3	 5	 5	 42.875964	 0.120991
3	 3	 5	 6	 44.058964	 0.113597
3	 3	 6	 1	 41.529764	 0.113426
3	 3	 6	 2	 40.117764	 0.134270
3	 3	 6	 3	 37.109964	 0.359420
3	 3	 6	 4	 39.510464	 0.084506
3	 3	 6	 5	 40.338964	 0.120021
3	 3	 6	 6	 39.929764	 0.404038
3	 3	 7	 1	 39.089864	 0.433051
3	 3	 7	 2	 39.631364	 0.512733
3	 3	 7	 3	 36.948864	 0.693647
3	 3	 7	 4	 37.833964	 1.415060
3	 3	 7	 5	 37.703564	 1.746690
3	 3	 7	 6	 40.926364	 18.623600
3	 4	 1	 1	 51.768057	 5.662000
3	 4	 1	 2	 40.224257	 0.137028
3	 4	 1	 3	 41.103057	 0.051981
3	 4	 1	 4	 41.204357	 0.038008
3	 4	 1	 5	 41.338757	 0.032020
3	 4	 1	 6	 41.494057	 0.030056
3	 4	 2	 1	 40.186357	 0.028098
3	 4	 2	 2	 40.885957	 0.027021
3	 4	 2	 3	 42.128957	 0.029684
3	 4	 2	 4	 43.604557	 0.033033
3	 4	 2	 5	 43.548657	 0.033310
3	 4	 2	 6	 43.880557	 0.034354
3	 4	 3	 1	 41.159257	 0.033271
3	 4	 3	 2	 43.959157	 0.042952
3	 4	 3	 3	 43.913657	 0.040541
3	 4	 3	 4	 41.055757	 0.039088
3	 4	 3	 5	 41.488957	 0.045562
3	 4	 3	 6	 41.369957	 0.042488
3	 4	 4	 1	 47.688957	 0.050191
3	 4	 4	 2	 46.138457	 0.051752
3	 4	 4	 3	 45.929757	 0.053794
3	 4	 4	 4	 42.918457	 0.078959
3	 4	 4	 5	 46.668557	 0.055884
3	 4	 4	 6	 47.040757	 0.058509
3	 4	 5	 1	 43.290057	 0.077337
3	 4	 5	 2	 43.269757	 0.092681
3	 4	 5	 3	 43.465457	 0.117903
3	 4	 5	 4	 42.022457	 0.098387
3	 4	 5	 5	 46.598357	 0.165727
3	 4	 5	 6	 43.223357	 0.275834
3	 4	 6	 1	 47.357457	 0.113423
3	 4	 6	 2	 54.314657	 0.234493
3	 4	 6	 3	 48.710657	 0.195384
3	 4	 6	 4	 49.578057	 3.640000
3	 4	 6	 5	 44.999257	 0.470036
3	 4	 6	 6	 53.527857	 1.725010
3	 4	 7	 1	 44.392057	 0.544026
3	 4	 7	 2	 45.576257	 0.670948
3	 4	 7	 3	 38.345957	 0.987559
3	 4	 7	 4	 39.274357	 1.363280
3	 4	 7	 5	 40.007457	 1.866040
3	 4	 7	 6	 44.775057	 2.295420
3	 5	 1	 1	 50.609455	 7.210680
3	 5	 1	 2	 73.545155	 1.073440
3	 5	 1	 3	 70.761355	 0.033158
3	 5	 1	 4	 69.662355	 0.031451
3	 5	 1	 5	 70.855555	 0.039983
3	 5	 1	 6	 71.543955	 0.027802
3	 5	 2	 1	 69.603955	 0.016100
3	 5	 2	 2	 69.503355	 0.013210
3	 5	 2	 3	 73.319955	 0.397265
3	 5	 2	 4	 70.788755	 0.015577
3	 5	 2	 5	 70.709455	 0.024229
3	 5	 2	 6	 71.402155	 0.030409
3	 5	 3	 1	 71.728855	 0.032694
3	 5	 3	 2	 70.657755	 0.035953
3	 5	 3	 3	 70.429155	 0.039707
3	 5	 3	 4	 70.268155	 0.044188
3	 5	 3	 5	 72.129155	 0.051299
3	 5	 3	 6	 72.681655	 0.060803
3	 5	 4	 1	 70.852155	 0.060278
3	 5	 4	 2	 72.362855	 0.071752
3	 5	 4	 3	 71.665555	 0.075912
3	 5	 4	 4	 69.935455	 0.084847
3	 5	 4	 5	 72.104955	 0.097682
3	 5	 4	 6	 72.131955	 0.117641
3	 5	 5	 1	 62.526755	 0.126529
3	 5	 5	 2	 55.617955	 0.130261
3	 5	 5	 3	 61.767955	 0.153306
3	 5	 5	 4	 56.116155	 0.246662
3	 5	 5	 5	 53.368055	 0.127715
3	 5	 5	 6	 58.596955	 0.280597
3	 5	 6	 1	 62.956155	 0.418876
3	 5	 6	 2	 62.769155	 0.519751
3	 5	 6	 3	 55.934855	 0.290654
3	 5	 6	 4	 53.250255	 0.266287
3	 5	 6	 5	 52.469955	 0.375893
3	 5	 6	 6	 55.392455	 0.958898
3	 5	 7	 1	 45.271055	 1.783270
3	 5	 7	 2	 55.995255	 0.316749
3	 5	 7	 3	 49.229055	 1.733850
3	 5	 7	 4	 48.194455	 2.537120
3	 5	 7	 5	 60.186355	 12.885000
3	 5	 7	 6	 60.186355	 12.885000
3	 6	 1	 1	 62.979327	 1.489290
3	 6	 1	 2	 66.359727	 0.147504
3	 6	 1	 3	 66.591127	 0.091759
3	 6	 1	 4	 63.872327	 0.090348
3	 6	 1	 5	 67.035727	 0.057863
3	 6	 1	 6	 67.349827	 0.053363
3	 6	 2	 1	 66.455127	 0.037508
3	 6	 2	 2	 65.776227	 0.034511
3	 6	 2	 3	 65.526327	 0.031441
3	 6	 2	 4	 66.704627	 0.031158
3	 6	 2	 5	 67.565927	 0.035227
3	 6	 2	 6	 66.411627	 0.036060
3	 6	 3	 1	 58.474027	 0.132880
3	 6	 3	 2	 66.186727	 0.039634
3	 6	 3	 3	 65.291827	 0.043465
3	 6	 3	 4	 65.302927	 0.050577
3	 6	 3	 5	 65.602227	 0.053583
3	 6	 3	 6	 65.647427	 0.063186
3	 6	 4	 1	 66.471527	 0.072258
3	 6	 4	 2	 66.032527	 0.075034
3	 6	 4	 3	 68.778627	 0.163580
3	 6	 4	 4	 66.013827	 0.095695
3	 6	 4	 5	 69.840527	 0.025015
3	 6	 4	 6	 67.339027	 0.102357
3	 6	 5	 1	 57.033627	 0.149538
3	 6	 5	 2	 50.101527	 0.077574
3	 6	 5	 3	 50.847527	 0.074723
3	 6	 5	 4	 52.637627	 0.175832
3	 6	 5	 5	 56.254227	 0.218473
3	 6	 5	 6	 51.119227	 0.108319
3	 6	 6	 1	 45.093027	 0.401522
3	 6	 6	 2	 45.178027	 0.538859
3	 6	 6	 3	 46.634527	 0.589510
3	 6	 6	 4	 45.115927	 0.695749
3	 6	 6	 5	 46.099927	 0.968472
3	 6	 6	 6	 45.444827	 1.251850
3	 6	 7	 1	 43.197827	 1.271970
3	 6	 7	 2	 40.288227	 1.321450
3	 6	 7	 3	 47.304127	 1.980430
3	 6	 7	 4	 49.998927	 1.638570
3	 6	 7	 5	 58.544427	 2.188620
3	 6	 7	 6	 57.011127	 10.619000
4	 1	 1	 1	 5.745553	 0.038349
4	 1	 1	 2	 6.535113	 0.019535
4	 1	 1	 3	 6.345033	 0.016713
4	 1	 1	 4	 5.040963	 0.016157
4	 1	 1	 5	 5.966753	 0.017730
4	 1	 1	 6	 5.369083	 0.017821
4	 1	 2	 1	 5.437783	 0.016182
4	 1	 2	 2	 5.802373	 0.017036
4	 1	 2	 3	 5.995323	 0.015824
4	 1	 2	 4	 4.861923	 0.015303
4	 1	 2	 5	 5.417853	 0.016562
4	 1	 2	 6	 6.933863	 0.017104
4	 1	 3	 1	 4.878373	 0.016289
4	 1	 3	 2	 6.112983	 0.019223
4	 1	 3	 3	 5.842903	 0.017657
4	 1	 3	 4	 5.472343	 0.019321
4	 1	 3	 5	 6.758423	 0.019778
4	 1	 3	 6	 6.323423	 0.020231
4	 1	 4	 1	 6.781683	 0.023782
4	 1	 4	 2	 7.468163	 0.025223
4	 1	 4	 3	 5.624513	 0.023571
4	 1	 4	 4	 6.555283	 0.026677
4	 1	 4	 5	 5.872913	 0.026582
4	 1	 4	 6	 7.641783	 0.030718
4	 1	 5	 1	 6.512403	 0.028049
4	 1	 5	 2	 6.833363	 0.035673
4	 1	 5	 3	 6.995263	 0.035150
4	 1	 5	 4	 6.957413	 0.035096
4	 1	 5	 5	 5.771563	 0.038061
4	 1	 5	 6	 6.651833	 0.043280
4	 1	 6	 1	 5.654393	 0.042446
4	 1	 6	 2	 6.762433	 0.048054
4	 1	 6	 3	 5.611843	 0.045877
4	 1	 6	 4	 6.809723	 0.056753
4	 1	 6	 5	 6.119073	 0.068145
4	 1	 6	 6	 6.497413	 0.095196
4	 1	 7	 1	 5.422473	 0.096403
4	 1	 7	 2	 5.607673	 0.103486
4	 1	 7	 3	 6.458433	 0.143487
4	 1	 7	 4	 6.696963	 0.147717
4	 1	 7	 5	 6.270863	 0.135373
4	 1	 7	 6	 6.386353	 0.238131
4	 2	 1	 1	 32.424582	 0.055125
4	 2	 1	 2	 34.033982	 0.024537
4	 2	 1	 3	 32.355382	 0.023520
4	 2	 1	 4	 32.062482	 0.017508
4	 2	 1	 5	 32.608882	 0.017531
4	 2	 1	 6	 33.075082	 0.016833
4	 2	 2	 1	 32.539982	 0.026237
4	 2	 2	 2	 47.157282	 0.021775
4	 2	 2	 3	 31.710082	 0.013511
4	 2	 2	 4	 32.868982	 0.018383
4	 2	 2	 5	 32.119882	 0.017995
4	 2	 2	 6	 33.292182	 0.019672
4	 2	 3	 1	 32.762482	 0.019654
4	 2	 3	 2	 32.475982	 0.019605
4	 2	 3	 3	 30.637782	 0.022009
4	 2	 3	 4	 30.915382	 0.023291
4	 2	 3	 5	 33.719282	 0.022967
4	 2	 3	 6	 31.950682	 0.022351
4	 2	 4	 1	 33.270682	 0.025231
4	 2	 4	 2	 32.640482	 0.026455
4	 2	 4	 3	 32.299582	 0.023184
4	 2	 4	 4	 32.675582	 0.028059
4	 2	 4	 5	 32.821382	 0.031700
4	 2	 4	 6	 33.195682	 0.033485
4	 2	 5	 1	 33.406082	 0.032116
4	 2	 5	 2	 34.578282	 0.037295
4	 2	 5	 3	 34.225082	 0.040340
4	 2	 5	 4	 31.147582	 0.039473
4	 2	 5	 5	 31.140582	 0.045230
4	 2	 5	 6	 32.049582	 0.041575
4	 2	 6	 1	 31.895882	 0.056125
4	 2	 6	 2	 30.963982	 0.069368
4	 2	 6	 3	 31.559382	 0.058416
4	 2	 6	 4	 30.454582	 0.080263
4	 2	 6	 5	 30.961582	 0.087137
4	 2	 6	 6	 30.486982	 0.115461
4	 2	 7	 1	 30.374982	 0.095080
4	 2	 7	 2	 31.415082	 0.123501
4	 2	 7	 3	 28.325982	 0.103276
4	 2	 7	 4	 49.809982	 0.182859
4	 2	 7	 5	 30.509782	 0.155404
4	 2	 7	 6	 29.756682	 0.167025
4	 3	 1	 1	 15.707654	 2.016820
4	 3	 1	 2	 13.965854	 0.076953
4	 3	 1	 3	 13.834454	 0.038579
4	 3	 1	 4	 14.658654	 0.033759
4	 3	 1	 5	 14.207754	 0.039058
4	 3	 1	 6	 14.103454	 0.033707
4	 3	 2	 1	 10.874454	 0.029328
4	 3	 2	 2	 10.267654	 0.025850
4	 3	 2	 3	 11.918854	 0.035256
4	 3	 2	 4	 11.371554	 0.029512
4	 3	 2	 5	 13.429454	 0.030604
4	 3	 2	 6	 12.955454	 0.034116
4	 3	 3	 1	 11.038554	 0.031420
4	 3	 3	 2	 11.751554	 0.031023
4	 3	 3	 3	 11.127454	 0.007588
4	 3	 3	 4	 11.528854	 0.035532
4	 3	 3	 5	 12.070654	 0.037782
4	 3	 3	 6	 11.946954	 0.040649
4	 3	 4	 1	 12.405954	 0.039379
4	 3	 4	 2	 12.882854	 0.043261
4	 3	 4	 3	 13.036854	 0.047128
4	 3	 4	 4	 12.142954	 0.047953
4	 3	 4	 5	 13.241154	 0.054995
4	 3	 4	 6	 12.665454	 0.051119
4	 3	 5	 1	 11.985454	 0.051869
4	 3	 5	 2	 11.004754	 0.052877
4	 3	 5	 3	 11.652954	 0.071267
4	 3	 5	 4	 11.127754	 0.100590
4	 3	 5	 5	 12.483654	 0.093587
4	 3	 5	 6	 12.311854	 0.184808
4	 3	 6	 1	 15.249054	 0.046742
4	 3	 6	 2	 12.701754	 0.184177
4	 3	 6	 3	 12.040254	 0.169107
4	 3	 6	 4	 11.483154	 0.301173
4	 3	 6	 5	 12.747054	 0.185635
4	 3	 6	 6	 11.132054	 0.039586
4	 3	 7	 1	 13.150454	 0.241189
4	 3	 7	 2	 11.104754	 0.351662
4	 3	 7	 3	 9.090084	 0.698024
4	 3	 7	 4	 16.313954	 0.580228
4	 3	 7	 5	 6.654754	 1.837770
4	 3	 7	 6	 14.066754	 1.859180
4	 4	 1	 1	 13.227331	 5.969970
4	 4	 1	 2	 13.231331	 0.181820
4	 4	 1	 3	 13.653431	 0.054319
4	 4	 1	 4	 12.482231	 0.043296
4	 4	 1	 5	 14.215231	 0.035712
4	 4	 1	 6	 13.662231	 0.032700
4	 4	 2	 1	 13.445831	 0.029515
4	 4	 2	 2	 12.963031	 0.029191
4	 4	 2	 3	 12.746931	 0.028561
4	 4	 2	 4	 12.397031	 0.032235
4	 4	 2	 5	 12.475031	 0.030785
4	 4	 2	 6	 12.947331	 0.032244
4	 4	 3	 1	 13.255131	 0.034155
4	 4	 3	 2	 12.306731	 0.037416
4	 4	 3	 3	 12.286531	 0.039044
4	 4	 3	 4	 12.372931	 0.038499
4	 4	 3	 5	 12.206631	 0.041124
4	 4	 3	 6	 12.449731	 0.042302
4	 4	 4	 1	 12.524531	 0.051988
4	 4	 4	 2	 12.213631	 0.054196
4	 4	 4	 3	 11.957931	 0.048084
4	 4	 4	 4	 11.513331	 0.051665
4	 4	 4	 5	 12.818531	 0.057991
4	 4	 4	 6	 11.768831	 0.048183
4	 4	 5	 1	 13.059031	 0.069931
4	 4	 5	 2	 14.242931	 0.355773
4	 4	 5	 3	 11.830831	 0.080506
4	 4	 5	 4	 12.846131	 0.079632
4	 4	 5	 5	 12.599731	 0.166685
4	 4	 5	 6	 11.322731	 0.210516
4	 4	 6	 1	 11.739131	 0.273437
4	 4	 6	 2	 15.655531	 0.166126
4	 4	 6	 3	 12.309231	 0.232682
4	 4	 6	 4	 13.639931	 0.214010
4	 4	 6	 5	 10.380531	 0.464972
4	 4	 6	 6	 10.275731	 0.485188
4	 4	 7	 1	 9.871131	 0.669568
4	 4	 7	 2	 10.130531	 0.831715
4	 4	 7	 3	 8.056171	 1.094060
4	 4	 7	 4	 16.456231	 3.539000
4	 4	 7	 5	 7.298611	 1.744610
4	 4	 7	 6	 6.054921	 4.105340
4	 5	 1	 1	 53.387646	 2.477000
4	 5	 1	 2	 49.364146	 0.181315
4	 5	 1	 3	 50.220146	 0.064645
4	 5	 1	 4	 49.186446	 0.049128
4	 5	 1	 5	 51.604746	 0.010727
4	 5	 1	 6	 50.335846	 0.085670
4	 5	 2	 1	 50.761646	 0.023119
4	 5	 2	 2	 51.533646	 0.020826
4	 5	 2	 3	 50.547746	 0.009891
4	 5	 2	 4	 51.799346	 0.013711
4	 5	 2	 5	 53.590246	 0.027097
4	 5	 2	 6	 53.237246	 0.027293
4	 5	 3	 1	 54.441146	 0.033428
4	 5	 3	 2	 53.007546	 0.035024
4	 5	 3	 3	 53.698546	 0.040137
4	 5	 3	 4	 53.256446	 0.044730
4	 5	 3	 5	 53.761546	 0.049304
4	 5	 3	 6	 54.629446	 0.059940
4	 5	 4	 1	 54.555146	 0.058358
4	 5	 4	 2	 54.528446	 0.061538
4	 5	 4	 3	 52.728146	 0.070849
4	 5	 4	 4	 53.812946	 0.241652
4	 5	 4	 5	 51.910246	 0.096717
4	 5	 4	 6	 52.896846	 0.098165
4	 5	 5	 1	 51.708746	 0.110143
4	 5	 5	 2	 50.100146	 0.117821
4	 5	 5	 3	 48.227046	 0.148894
4	 5	 5	 4	 48.255046	 0.117262
4	 5	 5	 5	 41.341546	 0.344351
4	 5	 5	 6	 47.029346	 0.169101
4	 5	 6	 1	 32.766046	 2.021220
4	 5	 6	 2	 53.266546	 0.509110
4	 5	 6	 3	 43.448546	 0.633388
4	 5	 6	 4	 51.550646	 1.141880
4	 5	 6	 5	 54.454646	 8.957000
4	 5	 6	 6	 53.296046	 1.454030
4	 5	 7	 1	 37.705446	 0.966351
4	 5	 7	 2	 63.816546	 1.039480
4	 5	 7	 3	 37.131746	 0.587365
4	 5	 7	 4	 42.305846	 1.792610
4	 5	 7	 5	 53.783646	 10.186000
4	 5	 7	 6	 53.783646	 10.186000
4	 6	 1	 1	 32.858628	 1.928830
4	 6	 1	 2	 46.213528	 0.129365
4	 6	 1	 3	 45.715328	 0.020590
4	 6	 1	 4	 46.826628	 0.013812
4	 6	 1	 5	 45.697528	 0.012093
4	 6	 1	 6	 46.909328	 0.015193
4	 6	 2	 1	 48.131328	 0.030218
4	 6	 2	 2	 47.673528	 0.027965
4	 6	 2	 3	 48.108028	 0.028416
4	 6	 2	 4	 52.902328	 0.011003
4	 6	 2	 5	 50.022928	 0.029210
4	 6	 2	 6	 49.812728	 0.033886
4	 6	 3	 1	 53.327528	 0.035698
4	 6	 3	 2	 53.005128	 0.036656
4	 6	 3	 3	 53.302428	 0.023995
4	 6	 3	 4	 47.972428	 0.042656
4	 6	 3	 5	 48.106428	 0.048968
4	 6	 3	 6	 47.153828	 0.054739
4	 6	 4	 1	 49.419428	 0.064618
4	 6	 4	 2	 48.737028	 0.069898
4	 6	 4	 3	 48.917928	 0.084016
4	 6	 4	 4	 49.725928	 1.414210
4	 6	 4	 5	 51.688228	 0.016821
4	 6	 4	 6	 55.769528	 0.465687
4	 6	 5	 1	 49.935228	 0.135259
4	 6	 5	 2	 48.525828	 0.136484
4	 6	 5	 3	 51.513328	 0.257945
4	 6	 5	 4	 51.662228	 0.210779
4	 6	 5	 5	 50.752928	 0.232266
4	 6	 5	 6	 52.558528	 0.230227
4	 6	 6	 1	 34.600828	 5.245230
4	 6	 6	 2	 39.113228	 0.795254
4	 6	 6	 3	 39.235628	 0.616966
4	 6	 6	 4	 46.399628	 0.890432
4	 6	 6	 5	 55.282328	 7.619000
4	 6	 6	 6	 43.771128	 0.910470
4	 6	 7	 1	 48.302328	 9.627000
4	 6	 7	 2	 40.713128	 1.347730
4	 6	 7	 3	 43.219328	 1.357660
4	 6	 7	 4	 52.489328	 7.357000
4	 6	 7	 5	 60.798128	 2.141150
4	 6	 7	 6	 58.667028	 0.724527
5	 1	 1	 1	 40.665968	 0.047207
5	 1	 1	 2	 30.353068	 0.022585
5	 1	 1	 3	 28.917368	 0.020261
5	 1	 1	 4	 23.598768	 0.018046
5	 1	 1	 5	 22.930868	 0.016969
5	 1	 1	 6	 23.790068	 0.018017
5	 1	 2	 1	 27.428968	 0.016078
5	 1	 2	 2	 25.302668	 0.004159
5	 1	 2	 3	 25.928868	 0.014477
5	 1	 2	 4	 26.672368	 0.016665
5	 1	 2	 5	 25.965268	 0.024389
5	 1	 2	 6	 24.465868	 0.005548
5	 1	 3	 1	 26.652968	 0.017536
5	 1	 3	 2	 26.377868	 0.018562
5	 1	 3	 3	 26.877068	 0.018626
5	 1	 3	 4	 25.548268	 0.018930
5	 1	 3	 5	 26.042568	 0.018406
5	 1	 3	 6	 26.246868	 0.022631
5	 1	 4	 1	 26.248968	 0.021336
5	 1	 4	 2	 27.368768	 0.023241
5	 1	 4	 3	 26.064768	 0.022188
5	 1	 4	 4	 26.616768	 0.023936
5	 1	 4	 5	 27.959568	 0.025598
5	 1	 4	 6	 26.997168	 0.026956
5	 1	 5	 1	 27.885068	 0.027146
5	 1	 5	 2	 28.170468	 0.031971
5	 1	 5	 3	 27.548368	 0.034534
5	 1	 5	 4	 26.127168	 0.039245
5	 1	 5	 5	 28.475168	 0.034206
5	 1	 5	 6	 31.133668	 0.045171
5	 1	 6	 1	 27.190168	 0.048181
5	 1	 6	 2	 26.961668	 0.048734
5	 1	 6	 3	 27.735768	 0.051399
5	 1	 6	 4	 27.065368	 0.077764
5	 1	 6	 5	 26.201668	 0.079438
5	 1	 6	 6	 27.633868	 0.095271
5	 1	 7	 1	 27.356168	 0.106169
5	 1	 7	 2	 27.146868	 0.120479
5	 1	 7	 3	 27.397568	 0.132971
5	 1	 7	 4	 29.384168	 0.135324
5	 1	 7	 5	 29.407068	 0.059412
5	 1	 7	 6	 30.592468	 0.230490
5	 2	 1	 1	 2.900429	 0.066404
5	 2	 1	 2	 3.233439	 0.022922
5	 2	 1	 3	 1.228902	 0.018931
5	 2	 1	 4	 2.422729	 0.021719
5	 2	 1	 5	 3.228699	 0.019757
5	 2	 1	 6	 2.312989	 0.017845
5	 2	 2	 1	 1.183551	 0.016756
5	 2	 2	 2	 2.695469	 0.017385
5	 2	 2	 3	 2.043839	 0.016708
5	 2	 2	 4	 1.567459	 0.017041
5	 2	 2	 5	 1.727074	 0.016327
5	 2	 2	 6	 1.320104	 0.017799
5	 2	 3	 1	 0.942624	 0.018274
5	 2	 3	 2	 1.734861	 0.020273
5	 2	 3	 3	 0.397634	 0.017915
5	 2	 3	 4	 1.928049	 0.022035
5	 2	 3	 5	 1.953619	 0.020076
5	 2	 3	 6	 1.230874	 0.020894
5	 2	 4	 1	 2.633639	 0.024296
5	 2	 4	 2	 2.231319	 0.024715
5	 2	 4	 3	 2.039899	 0.025241
5	 2	 4	 4	 2.224229	 0.024778
5	 2	 4	 5	 1.309367	 0.027901
5	 2	 4	 6	 2.809599	 0.028471
5	 2	 5	 1	 1.343817	 0.032755
5	 2	 5	 2	 1.526190	 0.032853
5	 2	 5	 3	 0.216043	 0.031133
5	 2	 5	 4	 1.153105	 0.033988
5	 2	 5	 5	 1.255979	 0.040513
5	 2	 5	 6	 1.558469	 0.041164
5	 2	 6	 1	 2.047729	 0.050038
5	 2	 6	 2	 1.727998	 0.055153
5	 2	 6	 3	 0.126046	 0.064355
5	 2	 6	 4	 2.675299	 0.068701
5	 2	 6	 5	 2.114529	 0.068450
5	 2	 6	 6	 1.869358	 0.106078
5	 2	 7	 1	 0.922982	 0.158942
5	 2	 7	 2	 1.401911	 0.235224
5	 2	 7	 3	 1.040984	 0.129498
5	 2	 7	 4	 1.673463	 0.171391
5	 2	 7	 5	 0.911647	 0.127713
5	 2	 7	 6	 2.553779	 0.228274
5	 3	 1	 1	 8.097491	 4.254900
5	 3	 1	 2	 10.293121	 0.109522
5	 3	 1	 3	 8.681771	 0.035381
5	 3	 1	 4	 9.868521	 0.029319
5	 3	 1	 5	 9.897721	 0.027811
5	 3	 1	 6	 9.728631	 0.023795
5	 3	 2	 1	 9.244831	 0.024683
5	 3	 2	 2	 9.687731	 0.023415
5	 3	 2	 3	 9.713281	 0.024468
5	 3	 2	 4	 8.677461	 0.022674
5	 3	 2	 5	 9.291831	 0.026256
5	 3	 2	 6	 8.900141	 0.028655
5	 3	 3	 1	 9.930121	 0.026657
5	 3	 3	 2	 8.917321	 0.029069
5	 3	 3	 3	 8.275541	 0.029169
5	 3	 3	 4	 9.310681	 0.031100
5	 3	 3	 5	 9.511291	 0.031500
5	 3	 3	 6	 9.838731	 0.035145
5	 3	 4	 1	 12.402321	 0.037779
5	 3	 4	 2	 11.864021	 0.041515
5	 3	 4	 3	 11.678421	 0.039774
5	 3	 4	 4	 11.563121	 0.042684
5	 3	 4	 5	 8.289531	 0.038660
5	 3	 4	 6	 9.048571	 0.051052
5	 3	 5	 1	 8.861601	 0.055740
5	 3	 5	 2	 9.067211	 0.056985
5	 3	 5	 3	 9.247371	 0.065482
5	 3	 5	 4	 8.878451	 0.079667
5	 3	 5	 5	 9.016431	 0.076596
5	 3	 5	 6	 9.275231	 0.092572
5	 3	 6	 1	 11.074721	 0.109916
5	 3	 6	 2	 10.470421	 0.125652
5	 3	 6	 3	 8.170321	 0.171597
5	 3	 6	 4	 9.947021	 0.220428
5	 3	 6	 5	 8.846231	 0.127837
5	 3	 6	 6	 9.420861	 0.144791
5	 3	 7	 1	 7.845121	 0.171780
5	 3	 7	 2	 10.289821	 0.455167
5	 3	 7	 3	 7.873571	 0.688711
5	 3	 7	 4	 10.541221	 0.288429
5	 3	 7	 5	 11.778621	 1.111480
5	 3	 7	 6	 7.281641	 3.777730
5	 4	 1	 1	 14.152094	 4.590380
5	 4	 1	 2	 13.100694	 0.428280
5	 4	 1	 3	 9.122924	 0.050407
5	 4	 1	 4	 9.968194	 0.034539
5	 4	 1	 5	 10.595994	 0.032662
5	 4	 1	 6	 9.547864	 0.026378
5	 4	 2	 1	 9.780994	 0.027654
5	 4	 2	 2	 9.374514	 0.025229
5	 4	 2	 3	 9.180074	 0.026043
5	 4	 2	 4	 8.749984	 0.025885
5	 4	 2	 5	 10.022494	 0.028191
5	 4	 2	 6	 10.969794	 2.125850
5	 4	 3	 1	 9.790394	 0.031081
5	 4	 3	 2	 10.360394	 0.032930
5	 4	 3	 3	 9.466614	 0.035962
5	 4	 3	 4	 9.356284	 0.035075
5	 4	 3	 5	 9.372894	 0.038374
5	 4	 3	 6	 9.786194	 0.043358
5	 4	 4	 1	 11.084994	 0.049715
5	 4	 4	 2	 10.165794	 0.048307
5	 4	 4	 3	 9.365664	 0.050522
5	 4	 4	 4	 9.725174	 0.044946
5	 4	 4	 5	 11.108894	 0.051190
5	 4	 4	 6	 10.049194	 0.058800
5	 4	 5	 1	 10.197994	 0.057336
5	 4	 5	 2	 11.197094	 0.084945
5	 4	 5	 3	 8.884434	 0.082710
5	 4	 5	 4	 10.610194	 0.091093
5	 4	 5	 5	 13.121694	 0.328400
5	 4	 5	 6	 11.707094	 0.130779
5	 4	 6	 1	 12.071894	 0.367969
5	 4	 6	 2	 11.637394	 0.150596
5	 4	 6	 3	 8.959424	 0.202584
5	 4	 6	 4	 9.044354	 0.281460
5	 4	 6	 5	 8.588994	 0.128540
5	 4	 6	 6	 6.260954	 0.493827
5	 4	 7	 1	 9.073964	 2.146940
5	 4	 7	 2	 16.433994	 4.407000
5	 4	 7	 3	 9.385484	 0.910163
5	 4	 7	 4	 4.067284	 1.356980
5	 4	 7	 5	 16.433994	 4.407000
5	 4	 7	 6	 16.433994	 4.407000
5	 5	 1	 1	 33.988204	 3.359150
5	 5	 1	 2	 44.691404	 23.172000
5	 5	 1	 3	 50.102604	 0.050625
5	 5	 1	 4	 50.131504	 0.045183
5	 5	 1	 5	 49.351504	 0.035349
5	 5	 1	 6	 49.088004	 0.032934
5	 5	 2	 1	 52.681404	 0.014233
5	 5	 2	 2	 52.711004	 0.011176
5	 5	 2	 3	 53.824504	 0.009650
5	 5	 2	 4	 50.187604	 0.027284
5	 5	 2	 5	 51.101904	 0.029603
5	 5	 2	 6	 52.072304	 0.032365
5	 5	 3	 1	 51.030304	 0.034933
5	 5	 3	 2	 50.792604	 0.035655
5	 5	 3	 3	 51.482204	 0.041428
5	 5	 3	 4	 48.954004	 0.040901
5	 5	 3	 5	 52.939104	 0.048712
5	 5	 3	 6	 50.880604	 0.058222
5	 5	 4	 1	 49.452304	 0.059242
5	 5	 4	 2	 49.919404	 0.062409
5	 5	 4	 3	 49.903904	 0.070578
5	 5	 4	 4	 47.715004	 0.068545
5	 5	 4	 5	 49.543204	 0.088016
5	 5	 4	 6	 48.085904	 0.088589
5	 5	 5	 1	 47.669604	 0.112701
5	 5	 5	 2	 50.838204	 0.202752
5	 5	 5	 3	 46.639304	 0.149840
5	 5	 5	 4	 48.177004	 0.170121
5	 5	 5	 5	 48.559604	 0.242077
5	 5	 5	 6	 49.447904	 0.482212
5	 5	 6	 1	 37.393704	 0.465497
5	 5	 6	 2	 46.469104	 0.346050
5	 5	 6	 3	 48.474904	 5.697000
5	 5	 6	 4	 46.145404	 0.449941
5	 5	 6	 5	 50.381904	 15.424000
5	 5	 6	 6	 50.381904	 15.424000
5	 5	 7	 1	 38.482104	 0.892900
5	 5	 7	 2	 50.381904	 15.424000
5	 5	 7	 3	 46.104504	 0.881924
5	 5	 7	 4	 50.911604	 12.138100
5	 5	 7	 5	 42.001404	 3.377560
5	 5	 7	 6	 56.227604	 11.686400
5	 6	 1	 1	 39.155233	 0.417408
5	 6	 1	 2	 42.135533	 0.094424
5	 6	 1	 3	 42.830433	 0.062554
5	 6	 1	 4	 42.225933	 0.054656
5	 6	 1	 5	 43.580233	 0.044206
5	 6	 1	 6	 41.744533	 0.037146
5	 6	 2	 1	 47.174433	 0.031030
5	 6	 2	 2	 44.910133	 0.025148
5	 6	 2	 3	 44.807533	 0.018562
5	 6	 2	 4	 46.856933	 0.024725
5	 6	 2	 5	 47.260833	 0.029467
5	 6	 2	 6	 47.485633	 0.029231
5	 6	 3	 1	 46.323433	 0.030198
5	 6	 3	 2	 46.911933	 0.036026
5	 6	 3	 3	 45.761233	 0.010124
5	 6	 3	 4	 44.884533	 0.075406
5	 6	 3	 5	 45.170533	 0.048646
5	 6	 3	 6	 44.932933	 0.051851
5	 6	 4	 1	 43.941933	 0.077243
5	 6	 4	 2	 44.743333	 0.066982
5	 6	 4	 3	 44.604833	 0.015199
5	 6	 4	 4	 53.544733	 3.394540
5	 6	 4	 5	 48.881133	 0.080715
5	 6	 4	 6	 47.224833	 0.112174
5	 6	 5	 1	 44.793933	 0.149887
5	 6	 5	 2	 44.440933	 0.128262
5	 6	 5	 3	 46.085433	 0.143778
5	 6	 5	 4	 47.636033	 0.186837
5	 6	 5	 5	 49.290333	 0.260926
5	 6	 5	 6	 47.674033	 0.283286
5	 6	 6	 1	 45.527133	 0.244639
5	 6	 6	 2	 45.222433	 0.144855
5	 6	 6	 3	 47.411133	 0.123673
5	 6	 6	 4	 45.678133	 0.647374
5	 6	 6	 5	 46.259833	 6.187000
5	 6	 6	 6	 33.676133	 0.910148
5	 6	 7	 1	 46.369333	 1.801600
5	 6	 7	 2	 50.003833	 8.904000
5	 6	 7	 3	 35.620033	 1.052270
5	 6	 7	 4	 39.577133	 1.688950
5	 6	 7	 5	 48.523033	 1.536170
5	 6	 7	 6	 77.421933	 176.966000
6	 1	 1	 1	 5.330795	 0.034791
6	 1	 1	 2	 5.586435	 0.019298
6	 1	 1	 3	 4.163675	 0.015945
6	 1	 1	 4	 8.865615	 0.019634
6	 1	 1	 5	 9.822375	 0.019790
6	 1	 1	 6	 10.483585	 0.019815
6	 1	 2	 1	 8.081485	 0.018294
6	 1	 2	 2	 7.915725	 0.017413
6	 1	 2	 3	 8.177835	 0.017245
6	 1	 2	 4	 8.200065	 0.017927
6	 1	 2	 5	 8.757115	 0.015437
6	 1	 2	 6	 8.161035	 0.020391
6	 1	 3	 1	 7.663525	 0.018037
6	 1	 3	 2	 7.912675	 0.018996
6	 1	 3	 3	 7.365125	 0.022516
6	 1	 3	 4	 6.354325	 0.021581
6	 1	 3	 5	 7.801675	 0.020765
6	 1	 3	 6	 6.297425	 0.021217
6	 1	 4	 1	 9.351325	 0.025257
6	 1	 4	 2	 8.958905	 0.025423
6	 1	 4	 3	 9.023885	 0.023024
6	 1	 4	 4	 10.196365	 0.032124
6	 1	 4	 5	 9.162915	 0.025889
6	 1	 4	 6	 10.380665	 0.030729
6	 1	 5	 1	 4.795215	 0.028715
6	 1	 5	 2	 6.973315	 0.030018
6	 1	 5	 3	 3.751005	 0.028739
6	 1	 5	 4	 9.157125	 0.041320
6	 1	 5	 5	 9.122105	 0.040583
6	 1	 5	 6	 9.705535	 0.043048
6	 1	 6	 1	 6.466145	 0.053854
6	 1	 6	 2	 6.777365	 0.058718
6	 1	 6	 3	 5.945895	 0.059449
6	 1	 6	 4	 4.532975	 0.062354
6	 1	 6	 5	 4.347485	 0.081195
6	 1	 6	 6	 5.339475	 0.092542
6	 1	 7	 1	 6.591305	 0.108113
6	 1	 7	 2	 8.925755	 0.141363
6	 1	 7	 3	 6.768105	 0.120706
6	 1	 7	 4	 7.719545	 0.130825
6	 1	 7	 5	 7.308695	 0.095615
6	 1	 7	 6	 7.947745	 0.047324
6	 2	 1	 1	 11.250435	 0.079804
6	 2	 1	 2	 10.104255	 0.026848
6	 2	 1	 3	 7.592015	 0.019732
6	 2	 1	 4	 9.190995	 0.019143
6	 2	 1	 5	 7.616625	 0.021253
6	 2	 1	 6	 7.122845	 0.019153
6	 2	 2	 1	 6.431925	 0.018587
6	 2	 2	 2	 6.895125	 0.018177
6	 2	 2	 3	 5.334375	 0.018581
6	 2	 2	 4	 6.757025	 0.017492
6	 2	 2	 5	 7.908055	 0.019081
6	 2	 2	 6	 8.100365	 0.020081
6	 2	 3	 1	 6.664245	 0.019018
6	 2	 3	 2	 7.649675	 0.021618
6	 2	 3	 3	 6.175505	 0.020809
6	 2	 3	 4	 6.689995	 0.021671
6	 2	 3	 5	 6.306415	 0.022965
6	 2	 3	 6	 5.229005	 0.023995
6	 2	 4	 1	 8.333695	 0.023737
6	 2	 4	 2	 7.917035	 0.033436
6	 2	 4	 3	 8.385735	 0.034136
6	 2	 4	 4	 5.723195	 0.025464
6	 2	 4	 5	 5.495945	 0.027850
6	 2	 4	 6	 5.957955	 0.030708
6	 2	 5	 1	 6.431975	 0.031176
6	 2	 5	 2	 10.815825	 0.037662
6	 2	 5	 3	 8.753345	 0.039949
6	 2	 5	 4	 4.459705	 0.074995
6	 2	 5	 5	 6.510015	 0.042344
6	 2	 5	 6	 6.597775	 0.051302
6	 2	 6	 1	 4.500305	 0.045962
6	 2	 6	 2	 4.819645	 0.062503
6	 2	 6	 3	 4.994655	 0.051247
6	 2	 6	 4	 9.740785	 0.090012
6	 2	 6	 5	 9.298075	 0.102377
6	 2	 6	 6	 9.586125	 0.115892
6	 2	 7	 1	 8.377385	 0.098149
6	 2	 7	 2	 9.524375	 0.143137
6	 2	 7	 3	 7.569375	 0.192677
6	 2	 7	 4	 2.121595	 0.147430
6	 2	 7	 5	 4.744365	 0.179757
6	 2	 7	 6	 3.813885	 0.222671
6	 3	 1	 1	 -27.956946	 2.345780
6	 3	 1	 2	 -27.883246	 0.082366
6	 3	 1	 3	 -29.572446	 1.421300
6	 3	 1	 4	 -28.950446	 0.033538
6	 3	 1	 5	 -29.315946	 0.030564
6	 3	 1	 6	 -29.638246	 0.017684
6	 3	 2	 1	 -28.326246	 0.024512
6	 3	 2	 2	 -28.118646	 0.025581
6	 3	 2	 3	 -30.356346	 0.036365
6	 3	 2	 4	 -29.885946	 0.027271
6	 3	 2	 5	 -28.359146	 0.028299
6	 3	 2	 6	 -29.723446	 0.027810
6	 3	 3	 1	 -29.470046	 0.014068
6	 3	 3	 2	 -28.890946	 0.030488
6	 3	 3	 3	 -30.387046	 0.031119
6	 3	 3	 4	 -30.116146	 0.031369
6	 3	 3	 5	 -28.453346	 0.033271
6	 3	 3	 6	 -27.984446	 0.037764
6	 3	 4	 1	 -29.617546	 0.034042
6	 3	 4	 2	 -28.847846	 0.037851
6	 3	 4	 3	 -29.559946	 0.042669
6	 3	 4	 4	 -29.511546	 0.042085
6	 3	 4	 5	 -28.528746	 0.046865
6	 3	 4	 6	 -28.267046	 0.051965
6	 3	 5	 1	 -28.483046	 0.053014
6	 3	 5	 2	 -26.961146	 0.060807
6	 3	 5	 3	 -26.507746	 0.080628
6	 3	 5	 4	 -29.358646	 0.078875
6	 3	 5	 5	 -27.631946	 0.091227
6	 3	 5	 6	 -26.614346	 0.082762
6	 3	 6	 1	 -27.058646	 0.105007
6	 3	 6	 2	 -26.489346	 0.127494
6	 3	 6	 3	 -27.527746	 0.158763
6	 3	 6	 4	 -29.043046	 0.151601
6	 3	 6	 5	 -27.593746	 0.233418
6	 3	 6	 6	 -26.813246	 0.174288
6	 3	 7	 1	 -26.536846	 1.869000
6	 3	 7	 2	 -27.438146	 9.906900
6	 3	 7	 3	 -30.785046	 0.749895
6	 3	 7	 4	 -30.296746	 0.892460
6	 3	 7	 5	 -31.029746	 1.479960
6	 3	 7	 6	 -37.783246	 2.732220
6	 4	 1	 1	 -16.551230	 1.202000
6	 4	 1	 2	 -28.416530	 0.147039
6	 4	 1	 3	 -28.901030	 0.055938
6	 4	 1	 4	 -28.391230	 0.031462
6	 4	 1	 5	 -28.164230	 0.030099
6	 4	 1	 6	 -27.701930	 0.022260
6	 4	 2	 1	 -28.478130	 0.026540
6	 4	 2	 2	 -28.776930	 0.026488
6	 4	 2	 3	 -28.970630	 0.025467
6	 4	 2	 4	 -29.072930	 0.034846
6	 4	 2	 5	 -29.391530	 0.027870
6	 4	 2	 6	 -29.301830	 0.029965
6	 4	 3	 1	 -27.505430	 0.029933
6	 4	 3	 2	 -29.425030	 0.031263
6	 4	 3	 3	 -29.557330	 0.033697
6	 4	 3	 4	 -28.863230	 0.036599
6	 4	 3	 5	 -28.229130	 0.039379
6	 4	 3	 6	 -27.828030	 0.036805
6	 4	 4	 1	 -28.807930	 0.043317
6	 4	 4	 2	 -28.724830	 0.047085
6	 4	 4	 3	 -28.405130	 0.056759
6	 4	 4	 4	 -28.551230	 0.076477
6	 4	 4	 5	 -27.853030	 0.063203
6	 4	 4	 6	 -28.529730	 0.066026
6	 4	 5	 1	 -27.742730	 0.065763
6	 4	 5	 2	 -28.046430	 0.063933
6	 4	 5	 3	 -28.447930	 0.077140
6	 4	 5	 4	 -28.117630	 0.092803
6	 4	 5	 5	 -28.728930	 0.100714
6	 4	 5	 6	 -28.880330	 0.090337
6	 4	 6	 1	 -28.241530	 0.129292
6	 4	 6	 2	 -29.610830	 0.062829
6	 4	 6	 3	 -28.550230	 0.080026
6	 4	 6	 4	 -29.566830	 0.385480
6	 4	 6	 5	 -30.988530	 0.391772
6	 4	 6	 6	 -31.289630	 0.422999
6	 4	 7	 1	 -29.293030	 0.106700
6	 4	 7	 2	 -32.367630	 0.653589
6	 4	 7	 3	 -34.593330	 0.810159
6	 4	 7	 4	 -33.539430	 1.583650
6	 4	 7	 5	 -34.916630	 1.784530
6	 4	 7	 6	 -35.624030	 2.707830
6	 5	 1	 1	 10.246343	 2.964480
6	 5	 1	 2	 22.904343	 0.211970
6	 5	 1	 3	 20.998343	 0.099897
6	 5	 1	 4	 24.573143	 0.058529
6	 5	 1	 5	 26.410043	 0.046662
6	 5	 1	 6	 25.598143	 0.036977
6	 5	 2	 1	 22.240343	 0.013248
6	 5	 2	 2	 25.228343	 0.060359
6	 5	 2	 3	 21.161143	 0.011507
6	 5	 2	 4	 27.336943	 0.035060
6	 5	 2	 5	 27.150343	 0.013088
6	 5	 2	 6	 24.851343	 0.032647
6	 5	 3	 1	 24.045543	 0.033142
6	 5	 3	 2	 22.996243	 0.037002
6	 5	 3	 3	 22.628043	 0.042181
6	 5	 3	 4	 22.817843	 0.045811
6	 5	 3	 5	 24.502243	 0.054399
6	 5	 3	 6	 25.421343	 0.062693
6	 5	 4	 1	 27.017943	 0.067746
6	 5	 4	 2	 29.448943	 0.061982
6	 5	 4	 3	 28.713043	 0.074099
6	 5	 4	 4	 23.596643	 0.082702
6	 5	 4	 5	 22.582143	 0.093083
6	 5	 4	 6	 25.791343	 0.117948
6	 5	 5	 1	 23.385443	 0.104557
6	 5	 5	 2	 24.983343	 0.107201
6	 5	 5	 3	 21.730743	 0.190753
6	 5	 5	 4	 20.079043	 0.427252
6	 5	 5	 5	 22.872343	 0.502583
6	 5	 5	 6	 23.043643	 0.320080
6	 5	 6	 1	 18.509543	 0.371811
6	 5	 6	 2	 13.754243	 0.470465
6	 5	 6	 3	 10.323843	 0.575848
6	 5	 6	 4	 22.872843	 4.279000
6	 5	 6	 5	 19.156743	 1.250090
6	 5	 6	 6	 19.481943	 0.217657
6	 5	 7	 1	 22.077843	 6.854000
6	 5	 7	 2	 16.435343	 0.802511
6	 5	 7	 3	 22.077843	 6.854000
6	 5	 7	 4	 14.280243	 1.783080
6	 5	 7	 5	 13.010843	 2.687400
6	 5	 7	 6	 30.038243	 5.761190
6	 6	 1	 1	 13.772860	 1.264610
6	 6	 1	 2	 24.244960	 1.191000
6	 6	 1	 3	 17.710060	 0.127236
6	 6	 1	 4	 19.516660	 0.068081
6	 6	 1	 5	 19.201360	 0.052622
6	 6	 1	 6	 19.513660	 0.042894
6	 6	 2	 1	 18.707460	 0.033758
6	 6	 2	 2	 18.093660	 0.034200
6	 6	 2	 3	 17.421860	 0.029898
6	 6	 2	 4	 18.474060	 2.602030
6	 6	 2	 5	 16.540560	 0.027898
6	 6	 2	 6	 17.092060	 0.031292
6	 6	 3	 1	 20.660360	 0.048344
6	 6	 3	 2	 19.366160	 0.050385
6	 6	 3	 3	 19.407060	 0.049772
6	 6	 3	 4	 13.440160	 0.070487
6	 6	 3	 5	 17.893560	 0.056437
6	 6	 3	 6	 17.902760	 0.061063
6	 6	 4	 1	 19.093560	 0.078784
6	 6	 4	 2	 18.186760	 0.079782
6	 6	 4	 3	 19.690560	 0.085134
6	 6	 4	 4	 19.127860	 2.171060
6	 6	 4	 5	 20.341860	 0.110031
6	 6	 4	 6	 19.039060	 0.128821
6	 6	 5	 1	 22.088560	 0.128411
6	 6	 5	 2	 22.081860	 0.134130
6	 6	 5	 3	 23.629560	 0.174956
6	 6	 5	 4	 20.785860	 0.211571
6	 6	 5	 5	 24.457260	 0.197305
6	 6	 5	 6	 9.991360	 0.477421
6	 6	 6	 1	 20.722560	 0.145203
6	 6	 6	 2	 6.127430	 0.468026
6	 6	 6	 3	 6.717690	 0.517495
6	 6	 6	 4	 8.434200	 0.623637
6	 6	 6	 5	 12.593260	 0.105891
6	 6	 6	 6	 22.402560	 0.600396
6	 6	 7	 1	 18.507360	 3.289930
6	 6	 7	 2	 11.045060	 0.876249
6	 6	 7	 3	 29.312960	 22.491300
6	 6	 7	 4	 21.670960	 3.904000
6	 6	 7	 5	 27.364060	 2.298580
6	 6	 7	 6	 41.350060	 16.587400
