#& Sector Superlayer Slot Cable T0Correction T0Error
1	 1	 1	 1	 0.939259	 3.915643
1	 1	 1	 2	 3.866667	 2.047143
1	 1	 1	 3	 1.923567	 2.050812
1	 1	 1	 4	 2.767942	 1.868991
1	 1	 1	 5	 4.171808	 1.637637
1	 1	 1	 6	 3.219048	 1.827577
1	 1	 2	 1	 3.051425	 0.820981
1	 1	 2	 2	 3.795918	 1.746549
1	 1	 2	 3	 2.991335	 1.502427
1	 1	 2	 4	 4.559639	 1.357399
1	 1	 2	 5	 4.023474	 1.479279
1	 1	 2	 6	 4.866403	 1.364666
1	 1	 3	 1	 3.866667	 1.863804
1	 1	 3	 2	 5.624125	 2.066627
1	 1	 3	 3	 2.984670	 1.665155
1	 1	 3	 4	 2.955649	 1.632899
1	 1	 3	 5	 0.196717	 2.051487
1	 1	 3	 6	 1.610496	 3.886852
1	 1	 4	 1	 2.208061	 1.831786
1	 1	 4	 2	 6.172810	 0.023417
1	 1	 4	 3	 0.615225	 1.254131
1	 1	 4	 4	 -4.433205	 3.061083
1	 1	 4	 5	 2.705044	 2.057413
1	 1	 4	 6	 1.772731	 2.090890
1	 1	 5	 1	 5.362092	 2.349262
1	 1	 5	 2	 -0.466128	 2.244622
1	 1	 5	 3	 3.472462	 2.379718
1	 1	 5	 4	 1.252708	 2.425334
1	 1	 5	 5	 2.547164	 4.128578
1	 1	 5	 6	 2.359858	 3.315950
1	 1	 6	 1	 6.743262	 4.819289
1	 1	 6	 2	 1.322782	 4.785525
1	 1	 6	 3	 3.472329	 4.454386
1	 1	 6	 4	 2.040056	 3.653827
1	 1	 6	 5	 5.531414	 3.309288
1	 1	 6	 6	 1.357127	 8.787686
1	 1	 7	 1	 4.463443	 4.949543
1	 1	 7	 2	 -2.601433	 5.729528
1	 1	 7	 3	 11.098069	 6.230386
1	 1	 7	 4	 -17.090909	 37.052964
1	 1	 7	 5	 4.100515	 0.131229
1	 1	 7	 6	 5.239520	 0.220162
1	 2	 1	 1	 -17.960494	 7.095503
1	 2	 1	 2	 -21.563371	 3.378545
1	 2	 1	 3	 -18.503832	 3.215174
1	 2	 1	 4	 -18.363333	 2.972644
1	 2	 1	 5	 -17.672780	 2.511216
1	 2	 1	 6	 -18.699523	 2.014381
1	 2	 2	 1	 -15.879739	 1.990762
1	 2	 2	 2	 -16.652094	 1.571210
1	 2	 2	 3	 -18.740300	 0.016662
1	 2	 2	 4	 -19.614250	 2.199598
1	 2	 2	 5	 -19.248051	 2.063694
1	 2	 2	 6	 -21.762553	 3.099874
1	 2	 3	 1	 -21.808035	 2.011451
1	 2	 3	 2	 -18.355629	 2.187894
1	 2	 3	 3	 -23.220151	 3.601268
1	 2	 3	 4	 -22.686520	 2.294721
1	 2	 3	 5	 -17.014162	 1.843131
1	 2	 3	 6	 -18.621209	 2.309268
1	 2	 4	 1	 -21.328528	 2.155388
1	 2	 4	 2	 -19.981028	 2.540896
1	 2	 4	 3	 -22.317926	 3.426465
1	 2	 4	 4	 -22.343794	 2.630171
1	 2	 4	 5	 -21.949792	 2.572935
1	 2	 4	 6	 -23.824777	 2.750744
1	 2	 5	 1	 -19.423632	 2.961131
1	 2	 5	 2	 -20.641787	 3.857981
1	 2	 5	 3	 -21.254473	 3.990611
1	 2	 5	 4	 -18.348765	 2.516605
1	 2	 5	 5	 -16.911900	 0.036861
1	 2	 5	 6	 -21.884741	 5.720137
1	 2	 6	 1	 -18.141489	 3.803424
1	 2	 6	 2	 -20.844742	 4.240666
1	 2	 6	 3	 -42.565793	 13.662567
1	 2	 6	 4	 -23.344664	 6.719211
1	 2	 6	 5	 -20.523573	 5.327337
1	 2	 6	 6	 -19.693827	 6.944874
1	 2	 7	 1	 -18.765300	 0.102732
1	 2	 7	 2	 -17.672400	 0.143885
1	 2	 7	 3	 -18.344200	 0.142191
1	 2	 7	 4	 -34.032697	 14.295017
1	 2	 7	 5	 -18.074400	 0.176544
1	 2	 7	 6	 -38.322844	 12.505214
1	 3	 1	 1	 -12.676100	 3.818290
1	 3	 1	 2	 -11.464600	 0.073424
1	 3	 1	 3	 -14.026500	 0.032217
1	 3	 1	 4	 -16.049129	 2.756715
1	 3	 1	 5	 -13.395394	 1.841674
1	 3	 1	 6	 -13.017600	 0.027887
1	 3	 2	 1	 -14.249800	 0.028137
1	 3	 2	 2	 -12.925676	 1.836657
1	 3	 2	 3	 -16.207676	 2.063308
1	 3	 2	 4	 -16.093142	 2.002391
1	 3	 2	 5	 -16.918093	 2.199386
1	 3	 2	 6	 -22.671031	 4.272269
1	 3	 3	 1	 -22.298746	 3.361937
1	 3	 3	 2	 -15.163042	 1.752815
1	 3	 3	 3	 -10.383545	 1.598736
1	 3	 3	 4	 -30.101429	 5.512741
1	 3	 3	 5	 -17.079064	 1.720236
1	 3	 3	 6	 -21.000224	 3.840735
1	 3	 4	 1	 -20.733060	 2.457807
1	 3	 4	 2	 -16.294569	 2.729400
1	 3	 4	 3	 -23.665758	 5.207785
1	 3	 4	 4	 -19.110157	 2.623536
1	 3	 4	 5	 -15.216330	 2.384203
1	 3	 4	 6	 -20.178390	 2.909763
1	 3	 5	 1	 -19.516823	 4.885213
1	 3	 5	 2	 -20.166910	 5.088100
1	 3	 5	 3	 -17.084231	 4.426666
1	 3	 5	 4	 -18.802254	 5.472620
1	 3	 5	 5	 -10.894585	 2.838753
1	 3	 5	 6	 -10.589317	 4.576821
1	 3	 6	 1	 -10.647542	 3.986264
1	 3	 6	 2	 -15.004018	 4.575985
1	 3	 6	 3	 -10.269801	 5.550006
1	 3	 6	 4	 -23.576003	 12.145356
1	 3	 6	 5	 -6.293143	 5.819728
1	 3	 6	 6	 -17.490422	 13.876702
1	 3	 7	 1	 -12.703800	 0.053604
1	 3	 7	 2	 -12.444200	 0.317304
1	 3	 7	 3	 -16.922000	 0.710913
1	 3	 7	 4	 -18.128100	 0.994972
1	 3	 7	 5	 -16.717000	 1.749730
1	 3	 7	 6	 -19.695700	 3.606850
1	 4	 1	 1	 -23.096800	 14.528700
1	 4	 1	 2	 -15.351142	 3.464595
1	 4	 1	 3	 -16.679482	 2.901254
1	 4	 1	 4	 -14.669004	 2.113089
1	 4	 1	 5	 -14.847100	 0.026415
1	 4	 1	 6	 -24.797570	 6.668652
1	 4	 2	 1	 -17.009375	 1.931286
1	 4	 2	 2	 -35.101954	 8.086796
1	 4	 2	 3	 -12.958557	 2.115479
1	 4	 2	 4	 -22.237853	 5.209138
1	 4	 2	 5	 -15.485400	 0.028957
1	 4	 2	 6	 -14.064369	 2.508828
1	 4	 3	 1	 -19.790875	 4.105072
1	 4	 3	 2	 -23.916892	 2.610958
1	 4	 3	 3	 -25.485592	 2.970227
1	 4	 3	 4	 -18.149695	 2.588702
1	 4	 3	 5	 -20.939310	 2.137004
1	 4	 3	 6	 -24.987928	 4.459973
1	 4	 4	 1	 -27.756230	 4.104740
1	 4	 4	 2	 -15.252400	 0.040450
1	 4	 4	 3	 -29.014860	 6.357790
1	 4	 4	 4	 -19.821549	 2.879867
1	 4	 4	 5	 -19.181574	 3.255624
1	 4	 4	 6	 -19.422222	 4.943024
1	 4	 5	 1	 -19.441533	 3.784523
1	 4	 5	 2	 -26.160311	 6.522917
1	 4	 5	 3	 -23.411326	 5.733525
1	 4	 5	 4	 -14.491297	 2.954515
1	 4	 5	 5	 -14.934422	 6.805959
1	 4	 5	 6	 -12.308354	 3.733417
1	 4	 6	 1	 -53.982581	 31.841200
1	 4	 6	 2	 -24.340874	 8.175480
1	 4	 6	 3	 -15.776400	 0.166741
1	 4	 6	 4	 -12.532514	 9.376675
1	 4	 6	 5	 -15.436113	 11.747890
1	 4	 6	 6	 -62.262183	 94.830864
1	 4	 7	 1	 -15.976203	 12.008435
1	 4	 7	 2	 -32.201293	 23.769731
1	 4	 7	 3	 -5.811091	 16.220429
1	 4	 7	 4	 -22.076800	 1.971960
1	 4	 7	 5	 -7.687400	 99.887500
1	 4	 7	 6	 -19.844500	 2.748620
1	 5	 1	 1	 19.788167	 15.610897
1	 5	 1	 2	 21.903600	 5.522674
1	 5	 1	 3	 19.881890	 10.584656
1	 5	 1	 4	 30.184824	 6.222766
1	 5	 1	 5	 30.681365	 7.930187
1	 5	 1	 6	 32.534932	 7.055173
1	 5	 2	 1	 28.367127	 6.702759
1	 5	 2	 2	 29.408453	 8.618466
1	 5	 2	 3	 26.289338	 12.872991
1	 5	 2	 4	 34.446120	 10.754383
1	 5	 2	 5	 27.467005	 9.052762
1	 5	 2	 6	 34.910000	 0.030024
1	 5	 3	 1	 21.734167	 9.775428
1	 5	 3	 2	 26.762302	 8.609719
1	 5	 3	 3	 22.816500	 9.748567
1	 5	 3	 4	 25.787227	 9.125390
1	 5	 3	 5	 33.889271	 10.250623
1	 5	 3	 6	 27.693697	 8.756954
1	 5	 4	 1	 18.015301	 10.731973
1	 5	 4	 2	 31.844820	 10.839994
1	 5	 4	 3	 34.594300	 0.074309
1	 5	 4	 4	 32.455445	 7.181755
1	 5	 4	 5	 27.589118	 13.063206
1	 5	 4	 6	 31.026821	 8.672768
1	 5	 5	 1	 12.963889	 13.542715
1	 5	 5	 2	 32.026104	 9.754733
1	 5	 5	 3	 27.105906	 10.973054
1	 5	 5	 4	 31.312741	 13.966535
1	 5	 5	 5	 24.556781	 10.296455
1	 5	 5	 6	 39.430515	 12.965428
1	 5	 6	 1	 26.813127	 8.801511
1	 5	 6	 2	 34.830845	 8.809440
1	 5	 6	 3	 30.421886	 18.310852
1	 5	 6	 4	 24.730581	 21.126704
1	 5	 6	 5	 26.221600	 0.743962
1	 5	 6	 6	 49.207177	 26.916846
1	 5	 7	 1	 47.019300	 52.194600
1	 5	 7	 2	 31.334094	 33.628268
1	 5	 7	 3	 22.810800	 1.953950
1	 5	 7	 4	 38.948100	 7.634000
1	 5	 7	 5	 45.642200	 0.866746
1	 5	 7	 6	 49.175900	 13.204500
1	 6	 1	 1	 15.296345	 9.025498
1	 6	 1	 2	 26.039852	 8.509423
1	 6	 1	 3	 18.268309	 8.845516
1	 6	 1	 4	 14.761856	 14.993488
1	 6	 1	 5	 12.577467	 12.974435
1	 6	 1	 6	 22.849044	 5.699735
1	 6	 2	 1	 23.795893	 5.834736
1	 6	 2	 2	 20.915712	 8.459196
1	 6	 2	 3	 23.045750	 5.739969
1	 6	 2	 4	 27.349100	 0.012207
1	 6	 2	 5	 21.194298	 8.256850
1	 6	 2	 6	 18.852396	 6.667473
1	 6	 3	 1	 21.132321	 7.742964
1	 6	 3	 2	 16.479080	 6.816763
1	 6	 3	 3	 20.940960	 6.107355
1	 6	 3	 4	 22.864702	 7.268714
1	 6	 3	 5	 10.829640	 9.714894
1	 6	 3	 6	 17.919176	 8.234964
1	 6	 4	 1	 21.331449	 7.775566
1	 6	 4	 2	 21.509859	 5.879237
1	 6	 4	 3	 19.419185	 7.715793
1	 6	 4	 4	 19.953897	 8.057458
1	 6	 4	 5	 22.311960	 14.314161
1	 6	 4	 6	 9.316515	 8.186381
1	 6	 5	 1	 17.755752	 12.352734
1	 6	 5	 2	 25.587749	 10.839321
1	 6	 5	 3	 29.164546	 10.875855
1	 6	 5	 4	 21.612802	 7.714454
1	 6	 5	 5	 27.804065	 8.741957
1	 6	 5	 6	 20.706716	 8.937126
1	 6	 6	 1	 17.659064	 16.799888
1	 6	 6	 2	 21.187367	 21.576617
1	 6	 6	 3	 40.590123	 14.942918
1	 6	 6	 4	 24.794100	 0.566717
1	 6	 6	 5	 20.375406	 16.120826
1	 6	 6	 6	 23.424338	 21.770722
1	 6	 7	 1	 49.624756	 25.236771
1	 6	 7	 2	 45.110470	 35.915970
1	 6	 7	 3	 36.585592	 45.162210
1	 6	 7	 4	 40.530119	 50.449297
1	 6	 7	 5	 33.135700	 3.214290
1	 6	 7	 6	 33.715000	 5.225000
2	 1	 1	 1	 16.466813	 6.426936
2	 1	 1	 2	 10.907327	 4.055078
2	 1	 1	 3	 11.532424	 5.434134
2	 1	 1	 4	 6.745212	 3.500156
2	 1	 1	 5	 11.680546	 4.678539
2	 1	 1	 6	 -3.130728	 7.779955
2	 1	 2	 1	 6.975378	 2.749149
2	 1	 2	 2	 13.237629	 2.407786
2	 1	 2	 3	 11.398404	 2.867203
2	 1	 2	 4	 14.209057	 3.279771
2	 1	 2	 5	 14.111581	 4.120655
2	 1	 2	 6	 18.809150	 4.610653
2	 1	 3	 1	 11.910321	 3.770603
2	 1	 3	 2	 16.298988	 3.813206
2	 1	 3	 3	 12.368427	 2.963831
2	 1	 3	 4	 11.769612	 2.711087
2	 1	 3	 5	 12.212149	 3.306744
2	 1	 3	 6	 12.208952	 3.045373
2	 1	 4	 1	 15.920000	 5.145212
2	 1	 4	 2	 13.174195	 2.814975
2	 1	 4	 3	 12.919530	 2.876936
2	 1	 4	 4	 11.920254	 3.944187
2	 1	 4	 5	 11.514446	 4.316871
2	 1	 4	 6	 12.646790	 3.201946
2	 1	 5	 1	 14.652700	 0.032849
2	 1	 5	 2	 12.287058	 3.695790
2	 1	 5	 3	 11.020564	 4.044899
2	 1	 5	 4	 4.320388	 4.111949
2	 1	 5	 5	 10.108430	 7.809732
2	 1	 5	 6	 11.522789	 4.935867
2	 1	 6	 1	 12.727444	 7.991030
2	 1	 6	 2	 18.640972	 6.316065
2	 1	 6	 3	 11.125912	 7.544936
2	 1	 6	 4	 11.662544	 8.947086
2	 1	 6	 5	 6.615861	 10.315771
2	 1	 6	 6	 -0.692402	 19.557334
2	 1	 7	 1	 12.706223	 7.685135
2	 1	 7	 2	 6.015028	 8.099565
2	 1	 7	 3	 14.749500	 0.166562
2	 1	 7	 4	 13.983900	 0.063647
2	 1	 7	 5	 6.481344	 6.396569
2	 1	 7	 6	 17.536100	 0.193318
2	 2	 1	 1	 8.623566	 15.511332
2	 2	 1	 2	 16.655240	 5.080428
2	 2	 1	 3	 15.085232	 4.611070
2	 2	 1	 4	 17.970021	 3.754611
2	 2	 1	 5	 18.361787	 3.749232
2	 2	 1	 6	 14.533502	 4.433550
2	 2	 2	 1	 19.893749	 3.227171
2	 2	 2	 2	 18.409970	 3.560708
2	 2	 2	 3	 17.456360	 4.639345
2	 2	 2	 4	 20.417278	 4.095614
2	 2	 2	 5	 17.203900	 0.017772
2	 2	 2	 6	 13.771489	 3.473546
2	 2	 3	 1	 15.246300	 0.019974
2	 2	 3	 2	 14.018120	 2.632631
2	 2	 3	 3	 13.016836	 3.347309
2	 2	 3	 4	 12.077694	 2.922952
2	 2	 3	 5	 11.058355	 3.033994
2	 2	 3	 6	 11.531647	 2.996004
2	 2	 4	 1	 15.067676	 3.462719
2	 2	 4	 2	 19.352654	 4.859472
2	 2	 4	 3	 11.770990	 4.337267
2	 2	 4	 4	 10.270401	 4.576140
2	 2	 4	 5	 18.153048	 5.468055
2	 2	 4	 6	 13.629078	 3.753874
2	 2	 5	 1	 9.769365	 5.038216
2	 2	 5	 2	 11.178951	 3.979096
2	 2	 5	 3	 13.407972	 3.613464
2	 2	 5	 4	 8.325873	 5.071059
2	 2	 5	 5	 5.732876	 6.671895
2	 2	 5	 6	 8.012434	 7.017546
2	 2	 6	 1	 1.478996	 8.398213
2	 2	 6	 2	 9.922068	 6.964331
2	 2	 6	 3	 10.747323	 9.087784
2	 2	 6	 4	 12.779991	 7.812471
2	 2	 6	 5	 14.029266	 9.542737
2	 2	 6	 6	 12.567749	 7.553735
2	 2	 7	 1	 11.374564	 10.311607
2	 2	 7	 2	 16.913800	 0.690234
2	 2	 7	 3	 19.617600	 0.313706
2	 2	 7	 4	 16.600800	 0.211912
2	 2	 7	 5	 17.176200	 0.257461
2	 2	 7	 6	 17.451400	 0.249777
2	 3	 1	 1	 31.829200	 2.363320
2	 3	 1	 2	 27.021052	 14.104430
2	 3	 1	 3	 18.975799	 10.780085
2	 3	 1	 4	 19.067900	 0.030521
2	 3	 1	 5	 19.852995	 5.445469
2	 3	 1	 6	 13.045220	 7.882710
2	 3	 2	 1	 17.670434	 4.261090
2	 3	 2	 2	 22.290740	 6.698196
2	 3	 2	 3	 19.663230	 3.997665
2	 3	 2	 4	 10.476935	 10.769449
2	 3	 2	 5	 15.799904	 6.360966
2	 3	 2	 6	 17.343480	 4.501483
2	 3	 3	 1	 7.827071	 8.038320
2	 3	 3	 2	 14.623501	 3.981968
2	 3	 3	 3	 6.895231	 4.857374
2	 3	 3	 4	 15.644592	 5.907765
2	 3	 3	 5	 15.989608	 5.962415
2	 3	 3	 6	 11.962530	 6.107349
2	 3	 4	 1	 15.447189	 5.827964
2	 3	 4	 2	 7.919036	 6.585318
2	 3	 4	 3	 15.229814	 6.857276
2	 3	 4	 4	 10.550406	 6.532029
2	 3	 4	 5	 14.852848	 6.043245
2	 3	 4	 6	 21.586094	 8.629980
2	 3	 5	 1	 18.256139	 7.733811
2	 3	 5	 2	 16.183997	 7.060087
2	 3	 5	 3	 14.712903	 10.485387
2	 3	 5	 4	 23.232043	 8.657149
2	 3	 5	 5	 11.353513	 11.072894
2	 3	 5	 6	 19.737447	 13.843629
2	 3	 6	 1	 13.169802	 12.901831
2	 3	 6	 2	 22.984100	 0.123075
2	 3	 6	 3	 19.730800	 0.073256
2	 3	 6	 4	 22.244653	 29.131654
2	 3	 6	 5	 14.234964	 21.512059
2	 3	 6	 6	 13.144067	 30.097769
2	 3	 7	 1	 17.584550	 51.559647
2	 3	 7	 2	 -0.037778	 56.490332
2	 3	 7	 3	 16.940200	 0.798274
2	 3	 7	 4	 18.380600	 1.355320
2	 3	 7	 5	 22.383500	 9.533030
2	 3	 7	 6	 20.814300	 2.710580
2	 4	 1	 1	 35.974500	 6.497670
2	 4	 1	 2	 20.982716	 23.611594
2	 4	 1	 3	 22.983453	 9.537584
2	 4	 1	 4	 22.181583	 7.511307
2	 4	 1	 5	 19.313064	 7.584799
2	 4	 1	 6	 19.421129	 6.657772
2	 4	 2	 1	 13.241079	 6.214311
2	 4	 2	 2	 22.420743	 7.876292
2	 4	 2	 3	 11.744889	 8.937428
2	 4	 2	 4	 12.912922	 11.625529
2	 4	 2	 5	 14.350567	 4.220575
2	 4	 2	 6	 11.392553	 7.938311
2	 4	 3	 1	 19.880000	 0.034965
2	 4	 3	 2	 15.054250	 4.252003
2	 4	 3	 3	 12.670669	 4.506810
2	 4	 3	 4	 7.546497	 8.752552
2	 4	 3	 5	 13.429632	 4.746628
2	 4	 3	 6	 4.206335	 7.750664
2	 4	 4	 1	 18.708722	 6.790740
2	 4	 4	 2	 16.800383	 4.995222
2	 4	 4	 3	 12.093423	 5.022060
2	 4	 4	 4	 10.314689	 5.661264
2	 4	 4	 5	 13.598826	 4.256467
2	 4	 4	 6	 13.934717	 6.445289
2	 4	 5	 1	 11.024482	 10.804878
2	 4	 5	 2	 27.149669	 9.119086
2	 4	 5	 3	 25.919431	 9.665036
2	 4	 5	 4	 16.912495	 7.100033
2	 4	 5	 5	 5.426934	 13.379370
2	 4	 5	 6	 19.816085	 12.883293
2	 4	 6	 1	 25.266169	 12.707009
2	 4	 6	 2	 22.918048	 12.398100
2	 4	 6	 3	 -3.025655	 16.353280
2	 4	 6	 4	 15.282875	 11.089424
2	 4	 6	 5	 9.519662	 17.334359
2	 4	 6	 6	 8.405091	 32.589862
2	 4	 7	 1	 34.974575	 31.343302
2	 4	 7	 2	 17.592700	 0.767783
2	 4	 7	 3	 16.628700	 0.981205
2	 4	 7	 4	 15.837400	 1.266970
2	 4	 7	 5	 17.180100	 1.997930
2	 4	 7	 6	 28.007000	 21.482100
2	 5	 1	 1	 27.345979	 16.658833
2	 5	 1	 2	 23.703664	 7.567718
2	 5	 1	 3	 27.198421	 9.367651
2	 5	 1	 4	 25.467846	 9.543401
2	 5	 1	 5	 33.358800	 0.010591
2	 5	 1	 6	 24.367093	 8.163989
2	 5	 2	 1	 27.059460	 7.067211
2	 5	 2	 2	 31.288183	 6.390396
2	 5	 2	 3	 28.699471	 9.534469
2	 5	 2	 4	 18.931877	 11.644426
2	 5	 2	 5	 27.373056	 10.692617
2	 5	 2	 6	 15.409228	 9.413085
2	 5	 3	 1	 33.557914	 7.515301
2	 5	 3	 2	 23.837446	 9.562154
2	 5	 3	 3	 20.605361	 10.331015
2	 5	 3	 4	 23.743022	 9.489499
2	 5	 3	 5	 27.078166	 9.366110
2	 5	 3	 6	 34.998732	 10.398438
2	 5	 4	 1	 36.087200	 0.064793
2	 5	 4	 2	 26.181612	 9.171320
2	 5	 4	 3	 23.835915	 7.262132
2	 5	 4	 4	 28.362680	 6.525295
2	 5	 4	 5	 34.433200	 0.085882
2	 5	 4	 6	 32.953597	 8.446931
2	 5	 5	 1	 19.136630	 9.559668
2	 5	 5	 2	 29.947697	 8.258048
2	 5	 5	 3	 32.118370	 6.705967
2	 5	 5	 4	 36.730083	 10.195478
2	 5	 5	 5	 33.342425	 11.405823
2	 5	 5	 6	 27.792319	 10.362863
2	 5	 6	 1	 29.099466	 11.114608
2	 5	 6	 2	 25.187261	 18.044228
2	 5	 6	 3	 21.689600	 0.734133
2	 5	 6	 4	 24.279100	 16.433000
2	 5	 6	 5	 30.376334	 19.248182
2	 5	 6	 6	 14.597614	 35.075747
2	 5	 7	 1	 7.965636	 47.230876
2	 5	 7	 2	 36.477048	 22.478510
2	 5	 7	 3	 19.987100	 3.114220
2	 5	 7	 4	 21.220200	 2.673060
2	 5	 7	 5	 29.057300	 283.133000
2	 5	 7	 6	 34.971000	 4.388000
2	 6	 1	 1	 25.658822	 13.411700
2	 6	 1	 2	 21.180221	 7.002670
2	 6	 1	 3	 20.523270	 6.633526
2	 6	 1	 4	 27.281640	 5.640384
2	 6	 1	 5	 18.727301	 9.214622
2	 6	 1	 6	 30.119438	 8.198424
2	 6	 2	 1	 16.420951	 7.485961
2	 6	 2	 2	 23.942905	 9.553107
2	 6	 2	 3	 15.014628	 8.255954
2	 6	 2	 4	 23.355672	 7.931498
2	 6	 2	 5	 16.620430	 10.995804
2	 6	 2	 6	 31.105173	 12.334114
2	 6	 3	 1	 27.620724	 9.904410
2	 6	 3	 2	 30.907534	 6.844017
2	 6	 3	 3	 25.456474	 6.215531
2	 6	 3	 4	 24.527587	 7.457667
2	 6	 3	 5	 22.315571	 8.168994
2	 6	 3	 6	 31.599166	 8.622803
2	 6	 4	 1	 25.307690	 7.331008
2	 6	 4	 2	 23.967212	 7.724082
2	 6	 4	 3	 18.215515	 6.833475
2	 6	 4	 4	 16.982055	 7.189348
2	 6	 4	 5	 25.183772	 5.988522
2	 6	 4	 6	 25.798481	 7.256328
2	 6	 5	 1	 19.804400	 8.974740
2	 6	 5	 2	 23.236619	 12.476426
2	 6	 5	 3	 19.681231	 10.675102
2	 6	 5	 4	 20.992571	 18.248853
2	 6	 5	 5	 21.865950	 7.912913
2	 6	 5	 6	 30.728767	 13.067469
2	 6	 6	 1	 21.084572	 16.882801
2	 6	 6	 2	 33.919279	 13.472708
2	 6	 6	 3	 38.819528	 15.981400
2	 6	 6	 4	 22.342058	 13.163288
2	 6	 6	 5	 33.088933	 13.150236
2	 6	 6	 6	 31.142100	 0.109236
2	 6	 7	 1	 32.012647	 27.581363
2	 6	 7	 2	 31.214600	 0.206273
2	 6	 7	 3	 28.503821	 24.745832
2	 6	 7	 4	 11.364290	 30.357871
2	 6	 7	 5	 47.627300	 1.549530
2	 6	 7	 6	 30.697600	 4.021000
3	 1	 1	 1	 39.960784	 20.185339
3	 1	 1	 2	 43.019045	 7.987652
3	 1	 1	 3	 42.324700	 0.016929
3	 1	 1	 4	 40.403230	 7.338064
3	 1	 1	 5	 39.028356	 5.718221
3	 1	 1	 6	 42.023682	 6.114040
3	 1	 2	 1	 41.760919	 8.811633
3	 1	 2	 2	 42.038380	 6.536348
3	 1	 2	 3	 39.803642	 7.229182
3	 1	 2	 4	 44.218125	 7.239878
3	 1	 2	 5	 40.826610	 7.156350
3	 1	 2	 6	 40.936199	 7.204392
3	 1	 3	 1	 36.577331	 5.807340
3	 1	 3	 2	 36.315648	 9.494739
3	 1	 3	 3	 39.031023	 8.282419
3	 1	 3	 4	 40.954919	 7.840206
3	 1	 3	 5	 35.652983	 10.367237
3	 1	 3	 6	 40.500900	 11.184093
3	 1	 4	 1	 40.877460	 12.029013
3	 1	 4	 2	 45.932811	 11.228896
3	 1	 4	 3	 38.296062	 7.387667
3	 1	 4	 4	 37.527885	 8.262391
3	 1	 4	 5	 39.570921	 9.924744
3	 1	 4	 6	 38.558019	 8.362419
3	 1	 5	 1	 37.621811	 7.378048
3	 1	 5	 2	 39.848173	 8.475245
3	 1	 5	 3	 38.601690	 7.094144
3	 1	 5	 4	 33.506807	 12.090734
3	 1	 5	 5	 37.772058	 9.088696
3	 1	 5	 6	 38.772611	 14.036049
3	 1	 6	 1	 39.498323	 9.683598
3	 1	 6	 2	 40.093685	 12.112647
3	 1	 6	 3	 32.575000	 25.446338
3	 1	 6	 4	 45.159192	 17.353889
3	 1	 6	 5	 26.977777	 59.115167
3	 1	 6	 6	 36.074074	 23.992492
3	 1	 7	 1	 41.622798	 27.299432
3	 1	 7	 2	 31.803550	 50.606031
3	 1	 7	 3	 40.258467	 23.088636
3	 1	 7	 4	 37.917021	 29.915054
3	 1	 7	 5	 44.935000	 0.161231
3	 1	 7	 6	 44.213500	 0.176222
3	 2	 1	 1	 41.714023	 21.908914
3	 2	 1	 2	 47.458400	 0.023882
3	 2	 1	 3	 45.801115	 8.285109
3	 2	 1	 4	 42.821052	 8.901652
3	 2	 1	 5	 42.262783	 5.279827
3	 2	 1	 6	 46.639073	 6.741951
3	 2	 2	 1	 38.412434	 7.786735
3	 2	 2	 2	 47.057803	 8.505935
3	 2	 2	 3	 40.710379	 9.206012
3	 2	 2	 4	 44.542705	 7.652705
3	 2	 2	 5	 45.090611	 7.492087
3	 2	 2	 6	 40.942394	 7.501816
3	 2	 3	 1	 42.985613	 8.891796
3	 2	 3	 2	 43.346178	 9.241299
3	 2	 3	 3	 40.504518	 8.226005
3	 2	 3	 4	 41.321226	 5.417055
3	 2	 3	 5	 39.023997	 8.939881
3	 2	 3	 6	 42.743770	 7.249683
3	 2	 4	 1	 42.312700	 0.023445
3	 2	 4	 2	 39.322476	 9.211009
3	 2	 4	 3	 35.914650	 8.407708
3	 2	 4	 4	 38.415051	 6.633541
3	 2	 4	 5	 35.532303	 8.363652
3	 2	 4	 6	 33.606508	 8.993736
3	 2	 5	 1	 40.538591	 8.471107
3	 2	 5	 2	 42.974656	 12.123201
3	 2	 5	 3	 34.959016	 11.476967
3	 2	 5	 4	 45.283391	 11.516659
3	 2	 5	 5	 35.333905	 14.128169
3	 2	 5	 6	 36.060431	 15.073800
3	 2	 6	 1	 45.918841	 17.224808
3	 2	 6	 2	 38.266974	 13.865911
3	 2	 6	 3	 39.199119	 20.565301
3	 2	 6	 4	 30.859656	 14.321757
3	 2	 6	 5	 41.661348	 14.173285
3	 2	 6	 6	 41.883172	 10.800487
3	 2	 7	 1	 43.155556	 24.755245
3	 2	 7	 2	 45.866700	 0.164161
3	 2	 7	 3	 44.252354	 17.610071
3	 2	 7	 4	 39.451403	 31.231792
3	 2	 7	 5	 44.312100	 0.261522
3	 2	 7	 6	 46.379420	 25.353350
3	 3	 1	 1	 48.433000	 2.420030
3	 3	 1	 2	 46.039782	 36.253374
3	 3	 1	 3	 42.014000	 0.048930
3	 3	 1	 4	 40.400001	 16.726271
3	 3	 1	 5	 44.566062	 17.817322
3	 3	 1	 6	 43.716238	 15.867629
3	 3	 2	 1	 40.402342	 10.299202
3	 3	 2	 2	 43.286022	 10.993861
3	 3	 2	 3	 46.068791	 12.388009
3	 3	 2	 4	 40.716366	 14.924464
3	 3	 2	 5	 45.069342	 10.601785
3	 3	 2	 6	 35.858465	 13.227809
3	 3	 3	 1	 43.833859	 10.538612
3	 3	 3	 2	 42.023838	 13.361825
3	 3	 3	 3	 44.869571	 12.895329
3	 3	 3	 4	 41.228628	 11.422123
3	 3	 3	 5	 38.188963	 12.722695
3	 3	 3	 6	 46.786471	 12.067224
3	 3	 4	 1	 43.455410	 13.851062
3	 3	 4	 2	 46.261415	 14.636382
3	 3	 4	 3	 49.957959	 11.767747
3	 3	 4	 4	 33.093573	 13.204893
3	 3	 4	 5	 40.778059	 10.530741
3	 3	 4	 6	 40.348289	 18.008415
3	 3	 5	 1	 37.310038	 10.051579
3	 3	 5	 2	 41.727709	 14.277300
3	 3	 5	 3	 26.871444	 23.414178
3	 3	 5	 4	 33.393605	 28.165782
3	 3	 5	 5	 44.438501	 16.735428
3	 3	 5	 6	 52.922605	 28.728873
3	 3	 6	 1	 29.114667	 55.303836
3	 3	 6	 2	 31.560993	 34.937083
3	 3	 6	 3	 24.621613	 30.792804
3	 3	 6	 4	 32.706499	 36.588073
3	 3	 6	 5	 48.116578	 31.537768
3	 3	 6	 6	 37.422354	 75.708460
3	 3	 7	 1	 42.878511	 47.233894
3	 3	 7	 2	 9.277099	 104.632319
3	 3	 7	 3	 41.060700	 0.693647
3	 3	 7	 4	 48.443969	 36.819919
3	 3	 7	 5	 41.815400	 1.746690
3	 3	 7	 6	 45.038200	 18.623600
3	 4	 1	 1	 56.028500	 5.662000
3	 4	 1	 2	 43.919468	 35.033737
3	 4	 1	 3	 36.558011	 32.261757
3	 4	 1	 4	 34.069691	 16.552657
3	 4	 1	 5	 46.083401	 14.008764
3	 4	 1	 6	 43.973556	 11.434757
3	 4	 2	 1	 42.839497	 14.661958
3	 4	 2	 2	 38.855689	 20.853682
3	 4	 2	 3	 41.909637	 19.085168
3	 4	 2	 4	 25.643971	 23.971524
3	 4	 2	 5	 43.695429	 13.992068
3	 4	 2	 6	 48.188683	 10.394546
3	 4	 3	 1	 38.004098	 8.508496
3	 4	 3	 2	 45.541425	 12.041028
3	 4	 3	 3	 44.336515	 12.506489
3	 4	 3	 4	 43.917084	 11.225196
3	 4	 3	 5	 36.946192	 14.200381
3	 4	 3	 6	 45.630400	 0.042488
3	 4	 4	 1	 50.937294	 12.740312
3	 4	 4	 2	 48.800577	 22.100295
3	 4	 4	 3	 46.223586	 12.827059
3	 4	 4	 4	 40.800159	 14.240994
3	 4	 4	 5	 45.421623	 18.040674
3	 4	 4	 6	 49.310066	 16.940595
3	 4	 5	 1	 39.476785	 13.429031
3	 4	 5	 2	 38.842177	 23.063145
3	 4	 5	 3	 44.533948	 13.528774
3	 4	 5	 4	 46.381033	 18.342612
3	 4	 5	 5	 57.355719	 22.413061
3	 4	 5	 6	 42.429913	 18.054049
3	 4	 6	 1	 39.979552	 16.308774
3	 4	 6	 2	 40.382683	 25.743879
3	 4	 6	 3	 52.671940	 25.357241
3	 4	 6	 4	 50.767303	 28.683908
3	 4	 6	 5	 29.151925	 31.549191
3	 4	 6	 6	 57.788300	 1.725010
3	 4	 7	 1	 43.939695	 12.952780
3	 4	 7	 2	 54.955085	 38.524036
3	 4	 7	 3	 42.606400	 0.987559
3	 4	 7	 4	 43.534800	 1.363280
3	 4	 7	 5	 44.267900	 1.866040
3	 4	 7	 6	 49.035500	 2.295420
3	 5	 1	 1	 75.914692	 29.218613
3	 5	 1	 2	 68.052634	 30.667246
3	 5	 1	 3	 66.297507	 21.071583
3	 5	 1	 4	 76.071995	 20.598760
3	 5	 1	 5	 73.065340	 15.597557
3	 5	 1	 6	 77.000076	 14.008124
3	 5	 2	 1	 73.761994	 15.766608
3	 5	 2	 2	 60.461982	 21.329691
3	 5	 2	 3	 67.915429	 13.933007
3	 5	 2	 4	 69.235442	 18.282324
3	 5	 2	 5	 69.275148	 13.402056
3	 5	 2	 6	 72.540139	 16.911550
3	 5	 3	 1	 67.453702	 14.030451
3	 5	 3	 2	 72.196514	 11.701645
3	 5	 3	 3	 67.023982	 17.700324
3	 5	 3	 4	 76.745502	 13.098749
3	 5	 3	 5	 66.921698	 13.374640
3	 5	 3	 6	 74.076395	 14.581212
3	 5	 4	 1	 59.287910	 15.375946
3	 5	 4	 2	 63.939885	 18.938069
3	 5	 4	 3	 60.163516	 13.769610
3	 5	 4	 4	 65.568346	 19.496856
3	 5	 4	 5	 77.749400	 0.097682
3	 5	 4	 6	 77.241681	 15.649951
3	 5	 5	 1	 58.730739	 16.127181
3	 5	 5	 2	 60.074252	 18.691960
3	 5	 5	 3	 62.162345	 14.030081
3	 5	 5	 4	 64.460532	 16.409269
3	 5	 5	 5	 60.660227	 14.988439
3	 5	 5	 6	 59.398510	 13.766669
3	 5	 6	 1	 66.745037	 22.206590
3	 5	 6	 2	 72.915545	 22.763477
3	 5	 6	 3	 67.753884	 26.823708
3	 5	 6	 4	 66.669621	 32.834787
3	 5	 6	 5	 50.177779	 38.142904
3	 5	 6	 6	 69.218757	 51.159392
3	 5	 7	 1	 50.915500	 1.783270
3	 5	 7	 2	 61.639700	 0.316749
3	 5	 7	 3	 54.873500	 1.733850
3	 5	 7	 4	 56.573206	 48.932496
3	 5	 7	 5	 57.273047	 63.811041
3	 5	 7	 6	 65.830800	 12.885000
3	 6	 1	 1	 47.875132	 34.490089
3	 6	 1	 2	 68.448866	 18.641625
3	 6	 1	 3	 67.289315	 18.016885
3	 6	 1	 4	 62.696263	 21.230419
3	 6	 1	 5	 71.112178	 19.933880
3	 6	 1	 6	 66.072103	 17.044762
3	 6	 2	 1	 65.892815	 19.339019
3	 6	 2	 2	 64.331911	 10.900010
3	 6	 2	 3	 66.029001	 13.213110
3	 6	 2	 4	 61.271310	 16.383479
3	 6	 2	 5	 69.848329	 15.224285
3	 6	 2	 6	 66.921625	 16.195297
3	 6	 3	 1	 64.155107	 15.488399
3	 6	 3	 2	 68.719555	 17.834305
3	 6	 3	 3	 65.943158	 9.901164
3	 6	 3	 4	 66.084465	 11.448728
3	 6	 3	 5	 62.243908	 20.167629
3	 6	 3	 6	 64.498672	 9.710935
3	 6	 4	 1	 68.098396	 18.067058
3	 6	 4	 2	 72.766600	 0.075034
3	 6	 4	 3	 60.517729	 16.675370
3	 6	 4	 4	 64.230268	 16.179652
3	 6	 4	 5	 65.360873	 13.066481
3	 6	 4	 6	 61.702835	 14.570649
3	 6	 5	 1	 60.196011	 13.515515
3	 6	 5	 2	 34.232916	 40.947232
3	 6	 5	 3	 55.758000	 17.928491
3	 6	 5	 4	 57.431358	 16.902540
3	 6	 5	 5	 61.287852	 27.118000
3	 6	 5	 6	 68.998682	 22.834795
3	 6	 6	 1	 60.971985	 21.385638
3	 6	 6	 2	 60.778577	 20.410406
3	 6	 6	 3	 53.368600	 0.589510
3	 6	 6	 4	 51.850000	 0.695749
3	 6	 6	 5	 76.388079	 30.004336
3	 6	 6	 6	 52.178900	 1.251850
3	 6	 7	 1	 56.605411	 24.345254
3	 6	 7	 2	 47.022300	 1.321450
3	 6	 7	 3	 54.038200	 1.980430
3	 6	 7	 4	 48.790942	 44.488706
3	 6	 7	 5	 28.819210	 40.813328
3	 6	 7	 6	 63.745200	 10.619000
4	 1	 1	 1	 -2.642298	 6.700017
4	 1	 1	 2	 8.295165	 2.210828
4	 1	 1	 3	 7.515939	 2.053631
4	 1	 1	 4	 7.095619	 2.449596
4	 1	 1	 5	 7.520721	 2.265545
4	 1	 1	 6	 7.033323	 2.522722
4	 1	 2	 1	 7.039573	 1.868673
4	 1	 2	 2	 7.790020	 2.439992
4	 1	 2	 3	 5.911677	 1.961303
4	 1	 2	 4	 5.287656	 2.155545
4	 1	 2	 5	 6.434606	 1.959576
4	 1	 2	 6	 7.988412	 1.789702
4	 1	 3	 1	 4.719450	 2.188655
4	 1	 3	 2	 8.221085	 1.550010
4	 1	 3	 3	 8.321594	 1.717271
4	 1	 3	 4	 7.570845	 1.901998
4	 1	 3	 5	 9.579210	 0.019778
4	 1	 3	 6	 8.490544	 1.857163
4	 1	 4	 1	 7.613296	 3.173062
4	 1	 4	 2	 5.763525	 2.125743
4	 1	 4	 3	 6.797779	 2.013635
4	 1	 4	 4	 6.281200	 2.682279
4	 1	 4	 5	 4.605321	 2.584587
4	 1	 4	 6	 5.849789	 2.114694
4	 1	 5	 1	 7.283023	 2.736604
4	 1	 5	 2	 8.632775	 3.911077
4	 1	 5	 3	 4.748940	 2.534120
4	 1	 5	 4	 2.491886	 4.550572
4	 1	 5	 5	 6.991975	 2.936030
4	 1	 5	 6	 11.181209	 5.880316
4	 1	 6	 1	 7.268530	 2.974895
4	 1	 6	 2	 -1.294607	 6.957102
4	 1	 6	 3	 4.054806	 3.691681
4	 1	 6	 4	 11.039080	 6.878533
4	 1	 6	 5	 7.417624	 5.295993
4	 1	 6	 6	 3.018328	 6.796873
4	 1	 7	 1	 2.702929	 11.423909
4	 1	 7	 2	 3.560452	 7.130414
4	 1	 7	 3	 9.279220	 0.143487
4	 1	 7	 4	 -9.362533	 8.023403
4	 1	 7	 5	 9.091650	 0.135373
4	 1	 7	 6	 9.207140	 0.238131
4	 2	 1	 1	 28.179039	 17.016869
4	 2	 1	 2	 35.522435	 6.151727
4	 2	 1	 3	 34.276023	 9.630104
4	 2	 1	 4	 32.067955	 5.395062
4	 2	 1	 5	 35.790947	 5.459507
4	 2	 1	 6	 36.978586	 8.415102
4	 2	 2	 1	 34.263748	 5.695569
4	 2	 2	 2	 49.060863	 7.341158
4	 2	 2	 3	 30.412703	 7.316670
4	 2	 2	 4	 30.763181	 7.890319
4	 2	 2	 5	 32.589114	 6.807240
4	 2	 2	 6	 34.079961	 6.688725
4	 2	 3	 1	 31.669882	 7.312304
4	 2	 3	 2	 32.976897	 6.708937
4	 2	 3	 3	 24.210918	 9.708653
4	 2	 3	 4	 29.836177	 5.054556
4	 2	 3	 5	 31.954462	 5.746839
4	 2	 3	 6	 31.522502	 7.573337
4	 2	 4	 1	 34.106728	 6.523812
4	 2	 4	 2	 35.252800	 0.026455
4	 2	 4	 3	 33.614689	 7.806642
4	 2	 4	 4	 32.332817	 6.953450
4	 2	 4	 5	 31.426666	 10.627162
4	 2	 4	 6	 33.095281	 8.965111
4	 2	 5	 1	 35.970711	 7.297306
4	 2	 5	 2	 24.897344	 10.395284
4	 2	 5	 3	 29.372211	 11.107273
4	 2	 5	 4	 26.266024	 10.368015
4	 2	 5	 5	 30.440871	 7.899545
4	 2	 5	 6	 33.228139	 11.218148
4	 2	 6	 1	 34.508200	 0.056125
4	 2	 6	 2	 34.144321	 9.550437
4	 2	 6	 3	 32.048700	 12.972896
4	 2	 6	 4	 36.915556	 20.137765
4	 2	 6	 5	 36.285143	 14.206206
4	 2	 6	 6	 37.128620	 12.701785
4	 2	 7	 1	 11.955555	 63.501686
4	 2	 7	 2	 32.986667	 19.334012
4	 2	 7	 3	 30.938300	 0.103276
4	 2	 7	 4	 54.622605	 36.702916
4	 2	 7	 5	 33.122100	 0.155404
4	 2	 7	 6	 32.369000	 0.167025
4	 3	 1	 1	 19.264800	 2.016820
4	 3	 1	 2	 17.523000	 0.076953
4	 3	 1	 3	 7.688651	 11.447689
4	 3	 1	 4	 8.776780	 13.309916
4	 3	 1	 5	 17.607782	 7.536087
4	 3	 1	 6	 12.749827	 6.557531
4	 3	 2	 1	 14.431600	 0.029328
4	 3	 2	 2	 14.779551	 7.375814
4	 3	 2	 3	 15.476000	 0.035256
4	 3	 2	 4	 14.923707	 6.764074
4	 3	 2	 5	 15.508512	 5.642648
4	 3	 2	 6	 12.487885	 5.505516
4	 3	 3	 1	 10.246540	 6.076827
4	 3	 3	 2	 8.852230	 5.826758
4	 3	 3	 3	 6.135153	 5.249913
4	 3	 3	 4	 5.252744	 6.442175
4	 3	 3	 5	 9.483838	 5.064168
4	 3	 3	 6	 13.399666	 5.071849
4	 3	 4	 1	 7.492223	 5.176095
4	 3	 4	 2	 8.596324	 7.160963
4	 3	 4	 3	 4.850125	 6.278185
4	 3	 4	 4	 17.726896	 4.986589
4	 3	 4	 5	 9.210770	 5.578709
4	 3	 4	 6	 12.348966	 6.952230
4	 3	 5	 1	 12.081265	 5.424160
4	 3	 5	 2	 6.687750	 5.836428
4	 3	 5	 3	 13.256998	 7.663180
4	 3	 5	 4	 0.614921	 9.468548
4	 3	 5	 5	 14.083092	 8.733310
4	 3	 5	 6	 18.776752	 12.313254
4	 3	 6	 1	 14.547953	 10.975937
4	 3	 6	 2	 0.027713	 23.153598
4	 3	 6	 3	 15.597400	 0.169107
4	 3	 6	 4	 25.101410	 17.706170
4	 3	 6	 5	 -23.882774	 64.959421
4	 3	 6	 6	 5.823037	 13.457532
4	 3	 7	 1	 1.992550	 46.831750
4	 3	 7	 2	 14.661900	 0.351662
4	 3	 7	 3	 12.647230	 0.698024
4	 3	 7	 4	 19.871100	 0.580228
4	 3	 7	 5	 10.211900	 1.837770
4	 3	 7	 6	 17.623900	 1.859180
4	 4	 1	 1	 17.378700	 5.969970
4	 4	 1	 2	 12.522417	 12.235221
4	 4	 1	 3	 11.688085	 9.683168
4	 4	 1	 4	 16.633600	 0.043296
4	 4	 1	 5	 5.980485	 12.564917
4	 4	 1	 6	 17.246586	 8.539935
4	 4	 2	 1	 5.121229	 8.444374
4	 4	 2	 2	 11.382479	 5.419483
4	 4	 2	 3	 17.636273	 5.244379
4	 4	 2	 4	 15.415386	 5.484525
4	 4	 2	 5	 12.109484	 4.910608
4	 4	 2	 6	 9.106630	 6.962016
4	 4	 3	 1	 14.083490	 5.713245
4	 4	 3	 2	 8.951623	 6.459732
4	 4	 3	 3	 6.975320	 5.485177
4	 4	 3	 4	 6.806630	 5.401416
4	 4	 3	 5	 6.696704	 5.293083
4	 4	 3	 6	 9.164477	 6.051480
4	 4	 4	 1	 10.294756	 6.814394
4	 4	 4	 2	 9.775521	 5.628442
4	 4	 4	 3	 6.090545	 3.628990
4	 4	 4	 4	 15.341558	 5.873575
4	 4	 4	 5	 0.303104	 11.555422
4	 4	 4	 6	 6.077598	 6.582269
4	 4	 5	 1	 17.210400	 0.069931
4	 4	 5	 2	 14.579710	 6.204458
4	 4	 5	 3	 15.479135	 8.271192
4	 4	 5	 4	 13.875192	 6.394798
4	 4	 5	 5	 15.564298	 6.443212
4	 4	 5	 6	 15.903765	 14.371986
4	 4	 6	 1	 13.695484	 13.244825
4	 4	 6	 2	 7.003149	 26.038045
4	 4	 6	 3	 23.587104	 17.952695
4	 4	 6	 4	 26.162083	 18.705898
4	 4	 6	 5	 15.582222	 19.303370
4	 4	 6	 6	 7.959502	 20.186167
4	 4	 7	 1	 -0.091242	 33.271992
4	 4	 7	 2	 -1.149495	 51.637138
4	 4	 7	 3	 12.207540	 1.094060
4	 4	 7	 4	 20.607600	 3.539000
4	 4	 7	 5	 11.449980	 1.744610
4	 4	 7	 6	 10.206290	 4.105340
4	 5	 1	 1	 46.042636	 23.552090
4	 5	 1	 2	 44.368832	 12.946917
4	 5	 1	 3	 44.772644	 12.848107
4	 5	 1	 4	 49.963039	 10.385599
4	 5	 1	 5	 47.801844	 11.114097
4	 5	 1	 6	 49.070457	 8.024977
4	 5	 2	 1	 56.013200	 0.023119
4	 5	 2	 2	 49.726515	 10.684343
4	 5	 2	 3	 49.088282	 11.067298
4	 5	 2	 4	 49.116751	 8.597606
4	 5	 2	 5	 47.855749	 8.976780
4	 5	 2	 6	 53.683360	 17.475652
4	 5	 3	 1	 40.900090	 15.660900
4	 5	 3	 2	 47.925842	 13.216664
4	 5	 3	 3	 48.451392	 18.355624
4	 5	 3	 4	 50.996614	 12.707454
4	 5	 3	 5	 54.241500	 12.196280
4	 5	 3	 6	 51.534835	 12.394172
4	 5	 4	 1	 57.025171	 15.447800
4	 5	 4	 2	 52.225201	 17.520338
4	 5	 4	 3	 47.373754	 14.013347
4	 5	 4	 4	 59.064500	 0.241652
4	 5	 4	 5	 45.219586	 15.733676
4	 5	 4	 6	 51.476420	 11.805316
4	 5	 5	 1	 50.399177	 12.526337
4	 5	 5	 2	 52.731130	 11.642129
4	 5	 5	 3	 55.218978	 15.463823
4	 5	 5	 4	 53.632835	 22.610761
4	 5	 5	 5	 55.401149	 12.639879
4	 5	 5	 6	 35.436153	 24.289092
4	 5	 6	 1	 54.653643	 16.594824
4	 5	 6	 2	 54.725587	 24.156824
4	 5	 6	 3	 48.700100	 0.633388
4	 5	 6	 4	 51.136375	 19.524944
4	 5	 6	 5	 58.331995	 39.910919
4	 5	 6	 6	 51.388400	 21.336028
4	 5	 7	 1	 66.818057	 31.877036
4	 5	 7	 2	 55.636366	 87.384697
4	 5	 7	 3	 52.269595	 76.459171
4	 5	 7	 4	 47.557400	 1.792610
4	 5	 7	 5	 59.035200	 10.186000
4	 5	 7	 6	 59.035200	 10.186000
4	 6	 1	 1	 36.727106	 26.830034
4	 6	 1	 2	 50.658700	 0.129365
4	 6	 1	 3	 45.469230	 13.804181
4	 6	 1	 4	 44.070886	 14.058436
4	 6	 1	 5	 50.142700	 0.012093
4	 6	 1	 6	 47.273413	 11.022402
4	 6	 2	 1	 37.917263	 10.788323
4	 6	 2	 2	 46.363867	 11.834856
4	 6	 2	 3	 44.431173	 13.823497
4	 6	 2	 4	 31.866640	 32.032368
4	 6	 2	 5	 48.221904	 9.593782
4	 6	 2	 6	 48.191111	 12.425666
4	 6	 3	 1	 57.772700	 0.035698
4	 6	 3	 2	 48.934805	 14.175652
4	 6	 3	 3	 55.907148	 9.832792
4	 6	 3	 4	 46.132617	 10.776282
4	 6	 3	 5	 38.905385	 13.098267
4	 6	 3	 6	 50.205509	 10.080708
4	 6	 4	 1	 53.864600	 0.064618
4	 6	 4	 2	 48.954243	 10.687496
4	 6	 4	 3	 51.596112	 10.255872
4	 6	 4	 4	 43.567687	 9.715219
4	 6	 4	 5	 52.142494	 10.885111
4	 6	 4	 6	 50.684547	 11.731453
4	 6	 5	 1	 56.022749	 14.480724
4	 6	 5	 2	 47.910727	 14.362259
4	 6	 5	 3	 54.979812	 23.064641
4	 6	 5	 4	 50.300642	 13.713951
4	 6	 5	 5	 50.038981	 15.758002
4	 6	 5	 6	 53.878229	 10.977336
4	 6	 6	 1	 47.608394	 14.192563
4	 6	 6	 2	 49.051296	 36.399482
4	 6	 6	 3	 63.042276	 28.998720
4	 6	 6	 4	 66.743679	 40.681244
4	 6	 6	 5	 61.732889	 26.357255
4	 6	 6	 6	 48.216300	 0.910470
4	 6	 7	 1	 48.851343	 44.281139
4	 6	 7	 2	 69.572734	 38.885574
4	 6	 7	 3	 48.588303	 44.903510
4	 6	 7	 4	 40.933315	 56.120514
4	 6	 7	 5	 57.821613	 36.365129
4	 6	 7	 6	 63.112200	 0.724527
5	 1	 1	 1	 41.711287	 20.683053
5	 1	 1	 2	 30.099503	 13.921848
5	 1	 1	 3	 27.574553	 9.568809
5	 1	 1	 4	 26.401705	 3.434093
5	 1	 1	 5	 24.376884	 3.607952
5	 1	 1	 6	 25.877597	 3.445925
5	 1	 2	 1	 27.552637	 4.357257
5	 1	 2	 2	 26.525726	 3.261867
5	 1	 2	 3	 25.055934	 4.973310
5	 1	 2	 4	 27.628592	 4.636647
5	 1	 2	 5	 26.407303	 3.604735
5	 1	 2	 6	 26.287446	 6.842877
5	 1	 3	 1	 26.912369	 6.546720
5	 1	 3	 2	 27.140114	 4.965027
5	 1	 3	 3	 27.379359	 7.039630
5	 1	 3	 4	 25.858333	 7.817114
5	 1	 3	 5	 25.564067	 4.273676
5	 1	 3	 6	 23.443527	 6.174210
5	 1	 4	 1	 24.629686	 5.925042
5	 1	 4	 2	 25.497815	 6.289753
5	 1	 4	 3	 24.229637	 6.825182
5	 1	 4	 4	 28.306667	 7.404411
5	 1	 4	 5	 28.013861	 5.620117
5	 1	 4	 6	 26.898446	 5.004180
5	 1	 5	 1	 22.970885	 9.811030
5	 1	 5	 2	 28.064161	 7.550020
5	 1	 5	 3	 29.905185	 7.893710
5	 1	 5	 4	 16.399712	 9.700262
5	 1	 5	 5	 20.551063	 13.575201
5	 1	 5	 6	 27.373318	 7.439829
5	 1	 6	 1	 25.141697	 13.319097
5	 1	 6	 2	 26.114066	 9.043520
5	 1	 6	 3	 23.305014	 11.328124
5	 1	 6	 4	 27.469121	 12.745978
5	 1	 6	 5	 26.812698	 20.253158
5	 1	 6	 6	 29.961600	 0.095271
5	 1	 7	 1	 29.892996	 12.524551
5	 1	 7	 2	 31.869485	 17.527152
5	 1	 7	 3	 12.770911	 13.640264
5	 1	 7	 4	 31.711900	 0.135324
5	 1	 7	 5	 31.734800	 0.059412
5	 1	 7	 6	 32.920200	 0.230490
5	 2	 1	 1	 -11.630246	 8.850878
5	 2	 1	 2	 3.480086	 1.890796
5	 2	 1	 3	 3.582030	 1.540261
5	 2	 1	 4	 1.434592	 1.396704
5	 2	 1	 5	 2.790183	 1.341652
5	 2	 1	 6	 2.790270	 1.200653
5	 2	 2	 1	 3.602871	 1.380885
5	 2	 2	 2	 3.454401	 1.569615
5	 2	 2	 3	 0.697049	 1.719775
5	 2	 2	 4	 4.356390	 0.017041
5	 2	 2	 5	 1.499092	 1.779582
5	 2	 2	 6	 1.318162	 1.846885
5	 2	 3	 1	 5.317927	 1.761999
5	 2	 3	 2	 4.668402	 1.494380
5	 2	 3	 3	 -0.760450	 1.022578
5	 2	 3	 4	 3.526040	 1.655807
5	 2	 3	 5	 4.388904	 1.394397
5	 2	 3	 6	 4.110384	 1.516243
5	 2	 4	 1	 1.598500	 1.887015
5	 2	 4	 2	 4.120314	 1.745351
5	 2	 4	 3	 0.184245	 2.247049
5	 2	 4	 4	 4.033697	 1.847875
5	 2	 4	 5	 -0.821750	 2.190094
5	 2	 4	 6	 1.565386	 2.253167
5	 2	 5	 1	 -2.028712	 1.970911
5	 2	 5	 2	 2.444444	 2.884414
5	 2	 5	 3	 0.391458	 1.817830
5	 2	 5	 4	 2.962841	 2.434039
5	 2	 5	 5	 3.185895	 2.581089
5	 2	 5	 6	 -0.008189	 2.791637
5	 2	 6	 1	 4.836660	 0.050038
5	 2	 6	 2	 1.730701	 3.561452
5	 2	 6	 3	 2.914977	 0.064355
5	 2	 6	 4	 2.078290	 3.496964
5	 2	 6	 5	 2.878028	 4.219946
5	 2	 6	 6	 3.347532	 4.356822
5	 2	 7	 1	 3.254902	 3.916500
5	 2	 7	 2	 -6.000907	 5.000767
5	 2	 7	 3	 2.380952	 7.458662
5	 2	 7	 4	 4.462394	 0.171391
5	 2	 7	 5	 -32.391475	 10.826823
5	 2	 7	 6	 5.342710	 0.228274
5	 3	 1	 1	 11.501270	 4.254900
5	 3	 1	 2	 13.696900	 0.109522
5	 3	 1	 3	 12.085550	 0.035381
5	 3	 1	 4	 14.253812	 4.506983
5	 3	 1	 5	 12.142116	 4.721434
5	 3	 1	 6	 10.781780	 4.456113
5	 3	 2	 1	 15.116754	 3.505842
5	 3	 2	 2	 12.786825	 4.179245
5	 3	 2	 3	 11.331941	 4.517799
5	 3	 2	 4	 4.241316	 4.370447
5	 3	 2	 5	 10.655953	 3.449840
5	 3	 2	 6	 5.991029	 4.112357
5	 3	 3	 1	 5.565904	 3.176519
5	 3	 3	 2	 11.567742	 4.074348
5	 3	 3	 3	 10.451525	 3.353084
5	 3	 3	 4	 5.083968	 3.977348
5	 3	 3	 5	 6.954790	 3.107035
5	 3	 3	 6	 7.843129	 3.598024
5	 3	 4	 1	 15.806100	 0.037779
5	 3	 4	 2	 -1.035538	 5.796208
5	 3	 4	 3	 8.944609	 4.428741
5	 3	 4	 4	 7.586823	 6.179135
5	 3	 4	 5	 3.542178	 4.170683
5	 3	 4	 6	 9.187064	 3.803711
5	 3	 5	 1	 8.785248	 6.648249
5	 3	 5	 2	 11.997386	 4.454814
5	 3	 5	 3	 -5.145941	 7.582847
5	 3	 5	 4	 4.634524	 7.146235
5	 3	 5	 5	 10.214081	 5.338776
5	 3	 5	 6	 7.933704	 6.373208
5	 3	 6	 1	 7.986582	 11.993957
5	 3	 6	 2	 -15.341093	 25.765292
5	 3	 6	 3	 10.106445	 12.273346
5	 3	 6	 4	 21.260455	 11.391723
5	 3	 6	 5	 12.452058	 15.424704
5	 3	 6	 6	 -5.893286	 32.168012
5	 3	 7	 1	 11.248900	 0.171780
5	 3	 7	 2	 13.693600	 0.455167
5	 3	 7	 3	 11.277350	 0.688711
5	 3	 7	 4	 13.945000	 0.288429
5	 3	 7	 5	 15.182400	 1.111480
5	 3	 7	 6	 10.685420	 3.777730
5	 4	 1	 1	 17.765200	 4.590380
5	 4	 1	 2	 16.713800	 0.428280
5	 4	 1	 3	 12.736030	 0.050407
5	 4	 1	 4	 13.581300	 0.034539
5	 4	 1	 5	 14.209100	 0.032662
5	 4	 1	 6	 8.069272	 4.185748
5	 4	 2	 1	 13.045121	 4.116476
5	 4	 2	 2	 12.492199	 4.494559
5	 4	 2	 3	 8.094148	 3.913320
5	 4	 2	 4	 5.564725	 4.541784
5	 4	 2	 5	 7.943911	 3.400750
5	 4	 2	 6	 10.965111	 3.182544
5	 4	 3	 1	 11.645151	 3.640682
5	 4	 3	 2	 9.701143	 3.808649
5	 4	 3	 3	 12.265374	 7.591640
5	 4	 3	 4	 4.778083	 4.221072
5	 4	 3	 5	 -11.891066	 9.178507
5	 4	 3	 6	 6.515523	 4.156062
5	 4	 4	 1	 10.558714	 3.533434
5	 4	 4	 2	 8.227190	 7.378192
5	 4	 4	 3	 7.143891	 3.491215
5	 4	 4	 4	 10.756621	 4.273037
5	 4	 4	 5	 -8.072730	 10.408013
5	 4	 4	 6	 9.417559	 4.847311
5	 4	 5	 1	 13.438563	 6.445983
5	 4	 5	 2	 4.495272	 5.500388
5	 4	 5	 3	 15.453831	 8.715911
5	 4	 5	 4	 8.855151	 7.395273
5	 4	 5	 5	 6.007696	 7.382035
5	 4	 5	 6	 10.312597	 8.754443
5	 4	 6	 1	 2.551296	 10.357022
5	 4	 6	 2	 1.600896	 9.760701
5	 4	 6	 3	 12.572530	 0.202584
5	 4	 6	 4	 6.362674	 12.362468
5	 4	 6	 5	 -24.141764	 31.841492
5	 4	 6	 6	 0.777165	 5.667029
5	 4	 7	 1	 12.687070	 2.146940
5	 4	 7	 2	 20.047100	 4.407000
5	 4	 7	 3	 6.523709	 84.032345
5	 4	 7	 4	 7.680390	 1.356980
5	 4	 7	 5	 20.047100	 4.407000
5	 4	 7	 6	 20.047100	 4.407000
5	 5	 1	 1	 50.355318	 15.727667
5	 5	 1	 2	 33.239957	 15.183307
5	 5	 1	 3	 46.712236	 15.939945
5	 5	 1	 4	 52.719224	 13.739034
5	 5	 1	 5	 43.387041	 17.700633
5	 5	 1	 6	 43.437289	 16.701257
5	 5	 2	 1	 54.216830	 9.600386
5	 5	 2	 2	 50.914123	 18.910059
5	 5	 2	 3	 51.502209	 12.936427
5	 5	 2	 4	 50.953993	 13.237430
5	 5	 2	 5	 51.684074	 9.921434
5	 5	 2	 6	 50.927714	 9.148680
5	 5	 3	 1	 47.998474	 10.091075
5	 5	 3	 2	 46.584978	 10.061077
5	 5	 3	 3	 42.412192	 11.337015
5	 5	 3	 4	 46.545580	 9.886393
5	 5	 3	 5	 45.157585	 11.709262
5	 5	 3	 6	 47.840007	 9.572597
5	 5	 4	 1	 36.204624	 9.805296
5	 5	 4	 2	 54.508016	 11.036578
5	 5	 4	 3	 48.650971	 9.733157
5	 5	 4	 4	 48.375500	 14.850249
5	 5	 4	 5	 52.023646	 13.324206
5	 5	 4	 6	 49.046532	 11.454197
5	 5	 5	 1	 45.755224	 17.327600
5	 5	 5	 2	 54.780427	 13.771295
5	 5	 5	 3	 47.049839	 12.541176
5	 5	 5	 4	 45.524705	 10.907327
5	 5	 5	 5	 44.232772	 9.881226
5	 5	 5	 6	 37.095192	 19.339333
5	 5	 6	 1	 51.362545	 15.747249
5	 5	 6	 2	 45.100012	 21.823544
5	 5	 6	 3	 51.480600	 19.631941
5	 5	 6	 4	 49.730348	 35.063492
5	 5	 6	 5	 53.606766	 23.463729
5	 5	 6	 6	 30.101789	 22.642945
5	 5	 7	 1	 31.521161	 41.003345
5	 5	 7	 2	 53.907200	 15.424000
5	 5	 7	 3	 49.629800	 0.881924
5	 5	 7	 4	 54.436900	 12.138100
5	 5	 7	 5	 33.716120	 46.251613
5	 5	 7	 6	 59.752900	 11.686400
5	 6	 1	 1	 48.722111	 19.097809
5	 6	 1	 2	 40.606501	 8.624291
5	 6	 1	 3	 42.370660	 15.475190
5	 6	 1	 4	 50.216236	 18.290644
5	 6	 1	 5	 43.668023	 13.609441
5	 6	 1	 6	 23.676906	 17.633072
5	 6	 2	 1	 45.230376	 9.249992
5	 6	 2	 2	 46.600743	 12.106998
5	 6	 2	 3	 47.564803	 9.528006
5	 6	 2	 4	 45.502668	 9.779138
5	 6	 2	 5	 49.301406	 11.504033
5	 6	 2	 6	 43.598943	 9.882690
5	 6	 3	 1	 50.128220	 10.064249
5	 6	 3	 2	 51.587400	 0.036026
5	 6	 3	 3	 39.858638	 10.146095
5	 6	 3	 4	 41.170118	 13.297160
5	 6	 3	 5	 36.643266	 14.675794
5	 6	 3	 6	 41.132542	 9.928989
5	 6	 4	 1	 33.504934	 14.435844
5	 6	 4	 2	 43.940573	 7.119059
5	 6	 4	 3	 29.834258	 15.509509
5	 6	 4	 4	 50.576939	 10.575139
5	 6	 4	 5	 46.954450	 11.954089
5	 6	 4	 6	 49.578109	 11.217182
5	 6	 5	 1	 45.574419	 17.260378
5	 6	 5	 2	 40.802190	 14.163498
5	 6	 5	 3	 37.707886	 16.779513
5	 6	 5	 4	 50.214876	 10.689696
5	 6	 5	 5	 43.051333	 17.702519
5	 6	 5	 6	 52.349500	 0.283286
5	 6	 6	 1	 48.118660	 16.560758
5	 6	 6	 2	 49.897900	 0.144855
5	 6	 6	 3	 50.955489	 27.487320
5	 6	 6	 4	 18.808435	 36.040121
5	 6	 6	 5	 50.716877	 32.533155
5	 6	 6	 6	 35.440557	 25.523969
5	 6	 7	 1	 48.192245	 20.505199
5	 6	 7	 2	 49.104887	 25.154824
5	 6	 7	 3	 6.866878	 107.928945
5	 6	 7	 4	 19.916183	 35.112207
5	 6	 7	 5	 53.198500	 1.536170
5	 6	 7	 6	 82.097400	 176.966000
6	 1	 1	 1	 5.016507	 5.134980
6	 1	 1	 2	 9.052342	 2.846460
6	 1	 1	 3	 5.556105	 3.154472
6	 1	 1	 4	 10.034356	 3.213868
6	 1	 1	 5	 11.215289	 2.855771
6	 1	 1	 6	 11.362789	 2.856688
6	 1	 2	 1	 10.289123	 2.956612
6	 1	 2	 2	 8.204640	 2.555408
6	 1	 2	 3	 7.358637	 3.775995
6	 1	 2	 4	 9.682298	 2.418472
6	 1	 2	 5	 10.636793	 2.303694
6	 1	 2	 6	 8.829739	 2.779918
6	 1	 3	 1	 10.473725	 3.096177
6	 1	 3	 2	 9.785018	 2.119106
6	 1	 3	 3	 8.441224	 2.853114
6	 1	 3	 4	 5.744343	 1.958088
6	 1	 3	 5	 11.385281	 3.112070
6	 1	 3	 6	 7.807966	 2.139280
6	 1	 4	 1	 6.902810	 3.212038
6	 1	 4	 2	 10.386454	 2.350637
6	 1	 4	 3	 8.883598	 3.145304
6	 1	 4	 4	 9.868214	 5.314023
6	 1	 4	 5	 7.479876	 2.906993
6	 1	 4	 6	 12.846590	 0.030729
6	 1	 5	 1	 8.499415	 2.276220
6	 1	 5	 2	 5.801651	 2.868233
6	 1	 5	 3	 8.357576	 3.245051
6	 1	 5	 4	 8.227202	 4.472638
6	 1	 5	 5	 9.110856	 3.524479
6	 1	 5	 6	 7.815841	 4.184975
6	 1	 6	 1	 3.792601	 4.741192
6	 1	 6	 2	 1.386429	 4.824077
6	 1	 6	 3	 4.412154	 5.327446
6	 1	 6	 4	 -10.073309	 7.382606
6	 1	 6	 5	 6.813410	 0.081195
6	 1	 6	 6	 -11.723173	 14.733529
6	 1	 7	 1	 6.800000	 9.788104
6	 1	 7	 2	 3.866667	 10.871613
6	 1	 7	 3	 9.234030	 0.120706
6	 1	 7	 4	 10.185470	 0.130825
6	 1	 7	 5	 9.774620	 0.095615
6	 1	 7	 6	 10.413670	 0.047324
6	 2	 1	 1	 11.160146	 9.410385
6	 2	 1	 2	 11.662035	 3.646804
6	 2	 1	 3	 9.067417	 2.479999
6	 2	 1	 4	 9.206374	 3.841087
6	 2	 1	 5	 7.211684	 2.827126
6	 2	 1	 6	 11.412891	 2.763150
6	 2	 2	 1	 6.335020	 1.602841
6	 2	 2	 2	 8.466015	 3.627574
6	 2	 2	 3	 8.103704	 2.471670
6	 2	 2	 4	 0.850076	 3.140331
6	 2	 2	 5	 9.362333	 2.554880
6	 2	 2	 6	 6.990148	 3.029265
6	 2	 3	 1	 6.076239	 1.825798
6	 2	 3	 2	 6.017788	 2.013468
6	 2	 3	 3	 4.089177	 2.179677
6	 2	 3	 4	 6.653425	 2.463628
6	 2	 3	 5	 7.369862	 2.153164
6	 2	 3	 6	 -5.250994	 3.589394
6	 2	 4	 1	 1.551783	 3.477078
6	 2	 4	 2	 8.604613	 2.774261
6	 2	 4	 3	 4.931227	 2.673944
6	 2	 4	 4	 1.028203	 2.435887
6	 2	 4	 5	 5.502284	 2.499983
6	 2	 4	 6	 5.190013	 2.412943
6	 2	 5	 1	 3.748511	 4.486077
6	 2	 5	 2	 6.366026	 4.750716
6	 2	 5	 3	 10.647660	 3.786830
6	 2	 5	 4	 6.068102	 2.691959
6	 2	 5	 5	 -2.157940	 5.943083
6	 2	 5	 6	 5.743673	 3.161242
6	 2	 6	 1	 1.921205	 5.071168
6	 2	 6	 2	 7.766667	 7.593088
6	 2	 6	 3	 7.278099	 4.625926
6	 2	 6	 4	 6.244492	 8.282224
6	 2	 6	 5	 7.870307	 7.180504
6	 2	 6	 6	 -3.535617	 13.901994
6	 2	 7	 1	 7.813415	 10.682082
6	 2	 7	 2	 4.359826	 12.450116
6	 2	 7	 3	 5.893829	 26.442126
6	 2	 7	 4	 -5.068135	 5.505767
6	 2	 7	 5	 7.637130	 0.179757
6	 2	 7	 6	 6.706650	 0.222671
6	 3	 1	 1	 -24.165500	 2.345780
6	 3	 1	 2	 -23.784761	 37.346636
6	 3	 1	 3	 -22.632716	 6.034569
6	 3	 1	 4	 -25.307007	 5.123618
6	 3	 1	 5	 -23.910509	 3.632080
6	 3	 1	 6	 -32.463522	 7.485821
6	 3	 2	 1	 -26.013322	 4.594144
6	 3	 2	 2	 -26.681731	 4.893383
6	 3	 2	 3	 -28.022174	 5.086295
6	 3	 2	 4	 -28.603297	 3.877694
6	 3	 2	 5	 -29.387859	 4.360798
6	 3	 2	 6	 -30.991384	 3.447478
6	 3	 3	 1	 -28.751445	 3.713031
6	 3	 3	 2	 -27.125349	 3.157372
6	 3	 3	 3	 -33.221658	 3.882064
6	 3	 3	 4	 -28.595625	 3.680001
6	 3	 3	 5	 -24.950382	 2.646160
6	 3	 3	 6	 -29.862483	 4.264712
6	 3	 4	 1	 -40.972010	 6.347833
6	 3	 4	 2	 -26.785058	 3.342671
6	 3	 4	 3	 -34.192660	 4.586526
6	 3	 4	 4	 -31.576733	 5.214696
6	 3	 4	 5	 -26.325949	 5.853194
6	 3	 4	 6	 -27.894403	 7.065017
6	 3	 5	 1	 -26.186123	 3.857726
6	 3	 5	 2	 -29.434867	 4.225699
6	 3	 5	 3	 -30.493794	 7.462092
6	 3	 5	 4	 -32.930325	 4.817456
6	 3	 5	 5	 -27.891886	 6.046770
6	 3	 5	 6	 -32.395217	 10.328488
6	 3	 6	 1	 -21.705333	 4.107821
6	 3	 6	 2	 -21.445062	 4.303546
6	 3	 6	 3	 -36.516880	 14.613359
6	 3	 6	 4	 -25.251600	 0.151601
6	 3	 6	 5	 -21.725104	 12.437071
6	 3	 6	 6	 -23.021800	 0.174288
6	 3	 7	 1	 -47.006254	 42.237872
6	 3	 7	 2	 -23.646700	 9.906900
6	 3	 7	 3	 -27.218168	 13.175856
6	 3	 7	 4	 -26.505300	 0.892460
6	 3	 7	 5	 -27.238300	 1.479960
6	 3	 7	 6	 -33.991800	 2.732220
6	 4	 1	 1	 -12.659200	 1.202000
6	 4	 1	 2	 -24.524500	 0.147039
6	 4	 1	 3	 -25.009000	 0.055938
6	 4	 1	 4	 -24.499200	 0.031462
6	 4	 1	 5	 -24.272200	 0.030099
6	 4	 1	 6	 -22.546059	 3.319111
6	 4	 2	 1	 -24.586100	 0.026540
6	 4	 2	 2	 -23.203810	 3.194471
6	 4	 2	 3	 -26.592781	 4.495863
6	 4	 2	 4	 -27.461488	 6.105661
6	 4	 2	 5	 -23.009163	 3.234047
6	 4	 2	 6	 -34.099312	 5.383816
6	 4	 3	 1	 -30.715784	 3.295153
6	 4	 3	 2	 -27.218721	 3.268378
6	 4	 3	 3	 -26.306452	 4.428213
6	 4	 3	 4	 -29.467854	 3.863932
6	 4	 3	 5	 -29.999096	 3.145443
6	 4	 3	 6	 -29.501681	 3.997708
6	 4	 4	 1	 -31.643582	 4.496202
6	 4	 4	 2	 -40.490460	 4.817838
6	 4	 4	 3	 -31.404607	 3.776147
6	 4	 4	 4	 -36.084601	 5.094835
6	 4	 4	 5	 -23.961000	 0.063203
6	 4	 4	 6	 -28.859157	 4.709043
6	 4	 5	 1	 -35.335315	 4.884216
6	 4	 5	 2	 -25.330328	 4.000756
6	 4	 5	 3	 -36.386026	 9.027798
6	 4	 5	 4	 -26.112356	 5.826587
6	 4	 5	 5	 -25.701199	 5.116361
6	 4	 5	 6	 -42.702462	 8.590387
6	 4	 6	 1	 -23.598106	 5.902281
6	 4	 6	 2	 -27.268201	 5.423662
6	 4	 6	 3	 -24.634499	 8.194405
6	 4	 6	 4	 -25.674800	 0.385480
6	 4	 6	 5	 -25.306187	 13.148174
6	 4	 6	 6	 -22.081248	 11.670104
6	 4	 7	 1	 -25.401000	 0.106700
6	 4	 7	 2	 -28.475600	 0.653589
6	 4	 7	 3	 -30.701300	 0.810159
6	 4	 7	 4	 -29.647400	 1.583650
6	 4	 7	 5	 -31.024600	 1.784530
6	 4	 7	 6	 -31.732000	 2.707830
6	 5	 1	 1	 18.182415	 23.836597
6	 5	 1	 2	 22.196842	 8.176813
6	 5	 1	 3	 14.980891	 12.716328
6	 5	 1	 4	 2.334520	 30.671440
6	 5	 1	 5	 25.833784	 7.380320
6	 5	 1	 6	 29.496195	 11.838697
6	 5	 2	 1	 19.292842	 7.770245
6	 5	 2	 2	 13.783722	 9.117922
6	 5	 2	 3	 16.559811	 8.463886
6	 5	 2	 4	 29.848544	 9.096925
6	 5	 2	 5	 25.028693	 9.809646
6	 5	 2	 6	 21.827057	 5.806490
6	 5	 3	 1	 28.238400	 0.033142
6	 5	 3	 2	 15.954135	 6.453294
6	 5	 3	 3	 21.802733	 5.584331
6	 5	 3	 4	 14.663537	 8.524185
6	 5	 3	 5	 18.707888	 6.086005
6	 5	 3	 6	 26.500188	 5.448017
6	 5	 4	 1	 30.891049	 11.181628
6	 5	 4	 2	 25.146893	 9.152724
6	 5	 4	 3	 16.361574	 8.400201
6	 5	 4	 4	 22.750155	 5.879775
6	 5	 4	 5	 21.221401	 10.118833
6	 5	 4	 6	 24.262275	 11.091288
6	 5	 5	 1	 13.458495	 7.349796
6	 5	 5	 2	 23.901645	 6.424658
6	 5	 5	 3	 21.538685	 8.710771
6	 5	 5	 4	 24.334789	 11.286198
6	 5	 5	 5	 11.455102	 11.567476
6	 5	 5	 6	 20.657125	 11.241022
6	 5	 6	 1	 31.660372	 9.145946
6	 5	 6	 2	 32.977043	 21.040816
6	 5	 6	 3	 21.238302	 12.838408
6	 5	 6	 4	 27.065700	 4.279000
6	 5	 6	 5	 23.349600	 1.250090
6	 5	 6	 6	 21.355002	 16.333134
6	 5	 7	 1	 20.319206	 39.994744
6	 5	 7	 2	 20.922212	 52.154126
6	 5	 7	 3	 26.270700	 6.854000
6	 5	 7	 4	 18.473100	 1.783080
6	 5	 7	 5	 17.203700	 2.687400
6	 5	 7	 6	 34.231100	 5.761190
6	 6	 1	 1	 17.212012	 15.044761
6	 6	 1	 2	 19.801038	 19.488077
6	 6	 1	 3	 39.185035	 16.590781
6	 6	 1	 4	 22.512174	 11.415028
6	 6	 1	 5	 30.021208	 9.477822
6	 6	 1	 6	 20.265617	 8.331835
6	 6	 2	 1	 2.381655	 9.039194
6	 6	 2	 2	 15.058348	 9.188263
6	 6	 2	 3	 20.476792	 5.817524
6	 6	 2	 4	 21.156967	 10.938556
6	 6	 2	 5	 19.465743	 6.228052
6	 6	 2	 6	 21.249511	 5.638813
6	 6	 3	 1	 14.808326	 8.558238
6	 6	 3	 2	 21.880831	 5.765681
6	 6	 3	 3	 19.925722	 5.986279
6	 6	 3	 4	 7.734776	 9.938024
6	 6	 3	 5	 6.531853	 9.998158
6	 6	 3	 6	 10.709516	 7.313861
6	 6	 4	 1	 21.441462	 7.433413
6	 6	 4	 2	 11.061103	 5.675533
6	 6	 4	 3	 16.467460	 8.390329
6	 6	 4	 4	 11.276385	 8.838018
6	 6	 4	 5	 18.860857	 8.661680
6	 6	 4	 6	 20.999837	 5.794952
6	 6	 5	 1	 29.986554	 9.266033
6	 6	 5	 2	 10.646925	 9.990067
6	 6	 5	 3	 13.746854	 11.133968
6	 6	 5	 4	 5.663528	 13.096122
6	 6	 5	 5	 22.433203	 6.527798
6	 6	 5	 6	 31.669502	 10.554606
6	 6	 6	 1	 26.141651	 15.302137
6	 6	 6	 2	 26.164375	 10.317137
6	 6	 6	 3	 10.802963	 13.753342
6	 6	 6	 4	 22.662060	 9.754911
6	 6	 6	 5	 34.562639	 18.123350
6	 6	 6	 6	 15.022331	 14.466441
6	 6	 7	 1	 29.224029	 18.306182
6	 6	 7	 2	 22.793721	 20.657823
6	 6	 7	 3	 34.110800	 22.491300
6	 6	 7	 4	 31.854866	 23.034123
6	 6	 7	 5	 33.349093	 54.077843
6	 6	 7	 6	 46.147900	 16.587400
