#& Sector Superlayer Slot Cable T0Correction T0Error
1	 1	 1	 1	 2.609524	 1.632481
1	 1	 1	 2	 3.106433	 0.991222
1	 1	 1	 3	 1.742819	 1.022424
1	 1	 1	 4	 0.125955	 1.155478
1	 1	 1	 5	 1.755966	 0.980614
1	 1	 1	 6	 1.183768	 1.126253
1	 1	 2	 1	 0.885603	 1.084191
1	 1	 2	 2	 2.261298	 0.941307
1	 1	 2	 3	 2.680702	 1.023597
1	 1	 2	 4	 3.566404	 0.893460
1	 1	 2	 5	 3.726882	 0.959298
1	 1	 2	 6	 1.924607	 1.190995
1	 1	 3	 1	 2.544658	 1.067081
1	 1	 3	 2	 4.491062	 1.688582
1	 1	 3	 3	 2.205556	 1.118404
1	 1	 3	 4	 1.689112	 1.168603
1	 1	 3	 5	 2.640000	 1.087418
1	 1	 3	 6	 5.226144	 1.586979
1	 1	 4	 1	 0.985326	 1.464688
1	 1	 4	 2	 3.630716	 1.084389
1	 1	 4	 3	 -2.076207	 0.841153
1	 1	 4	 4	 0.871655	 1.430702
1	 1	 4	 5	 2.120092	 1.409566
1	 1	 4	 6	 4.398370	 0.028295
1	 1	 5	 1	 2.973737	 1.353224
1	 1	 5	 2	 1.336937	 1.550065
1	 1	 5	 3	 4.620940	 0.033236
1	 1	 5	 4	 1.545843	 1.463023
1	 1	 5	 5	 1.193182	 1.394762
1	 1	 5	 6	 4.487562	 2.823801
1	 1	 6	 1	 -0.933333	 4.817821
1	 1	 6	 2	 5.174843	 3.200603
1	 1	 6	 3	 3.710521	 3.044165
1	 1	 6	 4	 4.207387	 3.249338
1	 1	 6	 5	 -1.242105	 6.697925
1	 1	 6	 6	 2.859505	 3.019946
1	 1	 7	 1	 -6.835503	 9.122972
1	 1	 7	 2	 3.173333	 3.546014
1	 1	 7	 3	 1.998705	 4.069514
1	 1	 7	 4	 2.551724	 7.131228
1	 1	 7	 5	 -15.452440	 22.466987
1	 1	 7	 6	 3.839020	 0.220162
1	 2	 1	 1	 -20.573333	 6.311004
1	 2	 1	 2	 -17.605970	 2.058688
1	 2	 1	 3	 -19.657143	 2.630387
1	 2	 1	 4	 -17.479452	 1.776248
1	 2	 1	 5	 -18.119469	 1.970879
1	 2	 1	 6	 -19.369369	 2.423945
1	 2	 2	 1	 -21.080374	 2.877179
1	 2	 2	 2	 -17.993388	 2.019509
1	 2	 2	 3	 -20.294200	 0.016662
1	 2	 2	 4	 -22.040308	 2.075662
1	 2	 2	 5	 -20.912121	 3.026098
1	 2	 2	 6	 -23.461472	 4.004641
1	 2	 3	 1	 -20.718367	 2.907765
1	 2	 3	 2	 -20.338585	 2.981168
1	 2	 3	 3	 -19.855497	 2.715191
1	 2	 3	 4	 -19.212800	 0.021081
1	 2	 3	 5	 -19.244444	 2.550063
1	 2	 3	 6	 -18.763900	 0.026564
1	 2	 4	 1	 -22.519728	 2.449048
1	 2	 4	 2	 -19.297200	 0.024665
1	 2	 4	 3	 -20.220900	 0.023390
1	 2	 4	 4	 -22.009556	 2.583813
1	 2	 4	 5	 -21.299049	 2.233355
1	 2	 4	 6	 -21.292409	 4.263638
1	 2	 5	 1	 -21.179328	 3.434366
1	 2	 5	 2	 -20.327018	 4.139737
1	 2	 5	 3	 -22.673141	 3.270843
1	 2	 5	 4	 -22.792426	 3.655482
1	 2	 5	 5	 -19.131707	 3.978062
1	 2	 5	 6	 -18.197647	 3.692417
1	 2	 6	 1	 -25.080000	 8.972827
1	 2	 6	 2	 -23.017675	 6.026959
1	 2	 6	 3	 -22.301075	 9.147651
1	 2	 6	 4	 -18.266667	 5.563022
1	 2	 6	 5	 -21.256453	 5.271459
1	 2	 6	 6	 -20.727132	 6.601173
1	 2	 7	 1	 -22.255399	 6.679594
1	 2	 7	 2	 -39.199638	 14.572529
1	 2	 7	 3	 -19.898100	 0.142191
1	 2	 7	 4	 -20.258899	 7.636982
1	 2	 7	 5	 -19.628300	 0.176544
1	 2	 7	 6	 -21.926700	 0.152579
1	 3	 1	 1	 -15.007700	 3.818290
1	 3	 1	 2	 -13.796200	 0.073424
1	 3	 1	 3	 -16.358100	 0.032217
1	 3	 1	 4	 -16.340500	 0.029691
1	 3	 1	 5	 -16.016000	 0.027174
1	 3	 1	 6	 -15.349200	 0.027887
1	 3	 2	 1	 -16.581400	 0.028137
1	 3	 2	 2	 -17.337470	 1.689336
1	 3	 2	 3	 -17.722648	 1.716346
1	 3	 2	 4	 -16.297932	 1.407679
1	 3	 2	 5	 -15.012200	 0.027208
1	 3	 2	 6	 -15.238600	 0.028262
1	 3	 3	 1	 -17.608248	 1.672503
1	 3	 3	 2	 -15.689900	 0.043382
1	 3	 3	 3	 -15.685500	 0.033937
1	 3	 3	 4	 -18.425553	 1.937089
1	 3	 3	 5	 -15.564500	 0.032697
1	 3	 3	 6	 -14.492300	 0.035054
1	 3	 4	 1	 -17.748858	 1.892598
1	 3	 4	 2	 -15.230200	 0.040526
1	 3	 4	 3	 -17.753064	 2.025548
1	 3	 4	 4	 -16.957005	 1.939524
1	 3	 4	 5	 -14.117800	 0.052486
1	 3	 4	 6	 -17.611896	 2.371358
1	 3	 5	 1	 -14.036000	 0.062650
1	 3	 5	 2	 -17.934650	 2.781162
1	 3	 5	 3	 -18.161716	 3.019800
1	 3	 5	 4	 -14.588300	 0.077177
1	 3	 5	 5	 -13.681700	 0.124744
1	 3	 5	 6	 -14.201500	 0.123062
1	 3	 6	 1	 -18.261573	 5.838689
1	 3	 6	 2	 -15.823800	 0.111099
1	 3	 6	 3	 -27.137508	 15.825143
1	 3	 6	 4	 -15.565300	 0.131280
1	 3	 6	 5	 -14.965300	 0.558248
1	 3	 6	 6	 -15.765644	 7.149924
1	 3	 7	 1	 -50.391518	 41.407282
1	 3	 7	 2	 -14.775800	 0.317304
1	 3	 7	 3	 -19.253600	 0.710913
1	 3	 7	 4	 -20.459700	 0.994972
1	 3	 7	 5	 -19.048600	 1.749730
1	 3	 7	 6	 -22.027300	 3.606850
1	 4	 1	 1	 -24.979700	 14.528700
1	 4	 1	 2	 -18.092800	 0.162276
1	 4	 1	 3	 -16.636600	 0.051202
1	 4	 1	 4	 -17.480400	 0.036478
1	 4	 1	 5	 -16.730000	 0.026415
1	 4	 1	 6	 -16.542100	 0.028198
1	 4	 2	 1	 -17.830600	 0.025591
1	 4	 2	 2	 -17.001600	 0.026129
1	 4	 2	 3	 -17.303800	 0.026461
1	 4	 2	 4	 -17.879700	 0.026922
1	 4	 2	 5	 -17.368300	 0.028957
1	 4	 2	 6	 -17.705600	 0.031303
1	 4	 3	 1	 -16.887000	 0.031482
1	 4	 3	 2	 -19.769643	 1.700510
1	 4	 3	 3	 -20.168536	 1.818257
1	 4	 3	 4	 -17.437100	 0.036175
1	 4	 3	 5	 -16.950600	 0.036323
1	 4	 3	 6	 -16.622800	 0.040724
1	 4	 4	 1	 -17.330400	 0.039475
1	 4	 4	 2	 -17.135300	 0.040450
1	 4	 4	 3	 -17.619300	 0.046094
1	 4	 4	 4	 -18.553500	 0.044147
1	 4	 4	 5	 -16.878200	 0.049521
1	 4	 4	 6	 -19.829043	 2.312388
1	 4	 5	 1	 -18.061800	 0.059031
1	 4	 5	 2	 -19.745237	 2.586432
1	 4	 5	 3	 -17.478200	 0.072034
1	 4	 5	 4	 -17.770200	 0.087903
1	 4	 5	 5	 -17.331300	 0.108222
1	 4	 5	 6	 -16.798300	 0.124205
1	 4	 6	 1	 -27.907706	 11.977620
1	 4	 6	 2	 -18.973200	 0.116043
1	 4	 6	 3	 -17.659300	 0.166741
1	 4	 6	 4	 -19.726200	 0.328302
1	 4	 6	 5	 -19.252600	 0.375588
1	 4	 6	 6	 -19.166200	 0.125591
1	 4	 7	 1	 -29.461724	 18.613823
1	 4	 7	 2	 -23.295083	 21.755305
1	 4	 7	 3	 -20.448300	 0.902941
1	 4	 7	 4	 -17.344689	 67.283948
1	 4	 7	 5	 -9.570300	 99.887500
1	 4	 7	 6	 -21.727400	 2.748620
1	 5	 1	 1	 25.809924	 6.503479
1	 5	 1	 2	 28.783900	 0.037361
1	 5	 1	 3	 29.888300	 0.017739
1	 5	 1	 4	 28.747900	 0.012902
1	 5	 1	 5	 28.929100	 0.019533
1	 5	 1	 6	 30.043300	 0.018420
1	 5	 2	 1	 28.913100	 0.016346
1	 5	 2	 2	 31.499900	 0.023073
1	 5	 2	 3	 30.649100	 0.018948
1	 5	 2	 4	 28.855500	 0.010864
1	 5	 2	 5	 29.186400	 0.016378
1	 5	 2	 6	 30.848000	 0.030024
1	 5	 3	 1	 30.279500	 0.030526
1	 5	 3	 2	 32.215100	 0.034463
1	 5	 3	 3	 31.956500	 0.037219
1	 5	 3	 4	 30.953900	 0.040539
1	 5	 3	 5	 30.373400	 0.046823
1	 5	 3	 6	 32.264000	 0.054228
1	 5	 4	 1	 26.609961	 4.148079
1	 5	 4	 2	 29.532500	 0.062136
1	 5	 4	 3	 30.532300	 0.074309
1	 5	 4	 4	 27.311275	 4.074144
1	 5	 4	 5	 27.227506	 4.448099
1	 5	 4	 6	 27.693016	 4.529677
1	 5	 5	 1	 24.366216	 5.613515
1	 5	 5	 2	 26.149199	 5.156796
1	 5	 5	 3	 29.776100	 0.238216
1	 5	 5	 4	 26.451748	 5.697394
1	 5	 5	 5	 27.078335	 5.867968
1	 5	 5	 6	 29.185600	 0.212095
1	 5	 6	 1	 19.662596	 9.322327
1	 5	 6	 2	 22.534662	 9.694185
1	 5	 6	 3	 25.404725	 10.564377
1	 5	 6	 4	 23.139100	 0.713254
1	 5	 6	 5	 25.512420	 23.160207
1	 5	 6	 6	 22.245700	 2.615300
1	 5	 7	 1	 42.957300	 52.194600
1	 5	 7	 2	 22.411500	 1.433250
1	 5	 7	 3	 23.997709	 15.629394
1	 5	 7	 4	 34.886100	 7.634000
1	 5	 7	 5	 41.580200	 0.866746
1	 5	 7	 6	 45.113900	 13.204500
1	 6	 1	 1	 21.213500	 1.330310
1	 6	 1	 2	 23.614800	 0.102320
1	 6	 1	 3	 23.357800	 0.036913
1	 6	 1	 4	 24.922100	 0.036847
1	 6	 1	 5	 25.369610	 4.418539
1	 6	 1	 6	 23.364700	 0.023278
1	 6	 2	 1	 24.367000	 0.018491
1	 6	 2	 2	 24.298200	 0.012555
1	 6	 2	 3	 23.311700	 0.019343
1	 6	 2	 4	 23.198000	 0.012207
1	 6	 2	 5	 23.918900	 0.022217
1	 6	 2	 6	 23.261400	 0.014547
1	 6	 3	 1	 24.820900	 0.020414
1	 6	 3	 2	 25.154800	 0.036581
1	 6	 3	 3	 25.090000	 0.041609
1	 6	 3	 4	 25.022100	 0.045265
1	 6	 3	 5	 24.360900	 0.047699
1	 6	 3	 6	 23.442500	 0.056636
1	 6	 4	 1	 24.987500	 0.063720
1	 6	 4	 2	 24.987100	 0.073669
1	 6	 4	 3	 25.256600	 0.074448
1	 6	 4	 4	 25.606100	 0.084452
1	 6	 4	 5	 28.423100	 0.084651
1	 6	 4	 6	 24.852800	 0.109905
1	 6	 5	 1	 27.191317	 4.688048
1	 6	 5	 2	 25.603294	 5.362774
1	 6	 5	 3	 26.641961	 5.469407
1	 6	 5	 4	 18.346920	 7.374808
1	 6	 5	 5	 21.743132	 6.964616
1	 6	 5	 6	 23.325319	 6.400889
1	 6	 6	 1	 22.979252	 5.645901
1	 6	 6	 2	 19.299600	 0.424999
1	 6	 6	 3	 19.143005	 12.009035
1	 6	 6	 4	 20.643000	 0.566717
1	 6	 6	 5	 21.833500	 0.829000
1	 6	 6	 6	 27.070400	 2.250170
1	 6	 7	 1	 25.602517	 15.098868
1	 6	 7	 2	 29.563900	 5.225000
1	 6	 7	 3	 38.081600	 17.593800
1	 6	 7	 4	 24.618600	 1.876520
1	 6	 7	 5	 26.106992	 41.907517
1	 6	 7	 6	 29.563900	 5.225000
2	 1	 1	 1	 15.184314	 5.618070
2	 1	 1	 2	 6.794074	 6.207229
2	 1	 1	 3	 11.264388	 4.275026
2	 1	 1	 4	 10.555964	 2.511139
2	 1	 1	 5	 13.461800	 0.033377
2	 1	 1	 6	 8.221414	 3.037482
2	 1	 2	 1	 10.879693	 3.038911
2	 1	 2	 2	 10.992593	 3.827524
2	 1	 2	 3	 10.703608	 2.257381
2	 1	 2	 4	 15.328289	 2.352238
2	 1	 2	 5	 15.929444	 2.212756
2	 1	 2	 6	 16.204170	 4.950236
2	 1	 3	 1	 12.528651	 2.904798
2	 1	 3	 2	 7.847509	 3.706720
2	 1	 3	 3	 11.071577	 2.433535
2	 1	 3	 4	 14.644848	 3.600362
2	 1	 3	 5	 12.399180	 2.291919
2	 1	 3	 6	 11.549550	 3.184701
2	 1	 4	 1	 11.117839	 2.378293
2	 1	 4	 2	 12.768172	 3.010676
2	 1	 4	 3	 12.361148	 3.113932
2	 1	 4	 4	 12.790460	 2.185671
2	 1	 4	 5	 12.369850	 2.406225
2	 1	 4	 6	 11.992502	 2.550148
2	 1	 5	 1	 11.888705	 3.470855
2	 1	 5	 2	 7.286861	 3.096016
2	 1	 5	 3	 13.573333	 3.373615
2	 1	 5	 4	 14.886400	 0.035329
2	 1	 5	 5	 14.903600	 0.038114
2	 1	 5	 6	 11.743042	 3.715331
2	 1	 6	 1	 14.217840	 4.080310
2	 1	 6	 2	 12.582857	 11.196573
2	 1	 6	 3	 15.839900	 1.500780
2	 1	 6	 4	 13.111111	 6.285671
2	 1	 6	 5	 12.666667	 6.814430
2	 1	 6	 6	 19.548500	 0.197277
2	 1	 7	 1	 12.839216	 10.439427
2	 1	 7	 2	 13.323046	 11.258325
2	 1	 7	 3	 6.613836	 8.633450
2	 1	 7	 4	 12.887000	 0.063647
2	 1	 7	 5	 12.679100	 0.222250
2	 1	 7	 6	 16.439200	 0.193318
2	 2	 1	 1	 17.018727	 6.030285
2	 2	 1	 2	 17.845700	 0.022215
2	 2	 1	 3	 15.734039	 3.252131
2	 2	 1	 4	 15.346487	 2.404589
2	 2	 1	 5	 15.947475	 4.169901
2	 2	 1	 6	 16.619608	 2.883833
2	 2	 2	 1	 19.270440	 3.568060
2	 2	 2	 2	 17.848889	 4.307429
2	 2	 2	 3	 17.628283	 3.939853
2	 2	 2	 4	 16.418523	 4.597133
2	 2	 2	 5	 13.944186	 3.534080
2	 2	 2	 6	 15.150072	 3.511395
2	 2	 3	 1	 12.854095	 1.933771
2	 2	 3	 2	 15.333333	 3.239767
2	 2	 3	 3	 12.837006	 2.045590
2	 2	 3	 4	 11.808485	 3.053049
2	 2	 3	 5	 13.190120	 1.986138
2	 2	 3	 6	 11.926143	 2.155440
2	 2	 4	 1	 16.235300	 0.024723
2	 2	 4	 2	 15.433925	 2.668114
2	 2	 4	 3	 15.866667	 3.791726
2	 2	 4	 4	 15.327800	 0.027858
2	 2	 4	 5	 15.282155	 6.009648
2	 2	 4	 6	 16.762667	 3.923379
2	 2	 5	 1	 10.870748	 4.077565
2	 2	 5	 2	 11.041860	 4.060020
2	 2	 5	 3	 8.768700	 3.870753
2	 2	 5	 4	 6.316458	 6.163968
2	 2	 5	 5	 7.025876	 3.764530
2	 2	 5	 6	 10.042063	 4.932887
2	 2	 6	 1	 14.266667	 6.218107
2	 2	 6	 2	 15.105103	 5.542824
2	 2	 6	 3	 14.266667	 7.916255
2	 2	 6	 4	 8.848775	 4.525875
2	 2	 6	 5	 12.708381	 5.132318
2	 2	 6	 6	 13.857597	 8.710308
2	 2	 7	 1	 10.634336	 8.140598
2	 2	 7	 2	 15.017000	 0.690234
2	 2	 7	 3	 17.720800	 0.313706
2	 2	 7	 4	 14.704000	 0.211912
2	 2	 7	 5	 10.293541	 14.205170
2	 2	 7	 6	 15.554600	 0.249777
2	 3	 1	 1	 29.224300	 2.363320
2	 3	 1	 2	 21.105305	 5.406873
2	 3	 1	 3	 22.274700	 0.045471
2	 3	 1	 4	 16.463000	 0.030521
2	 3	 1	 5	 16.268600	 0.029133
2	 3	 1	 6	 15.653058	 2.390188
2	 3	 2	 1	 17.692000	 0.024457
2	 3	 2	 2	 17.424100	 0.024969
2	 3	 2	 3	 16.389714	 2.385056
2	 3	 2	 4	 17.488200	 0.025870
2	 3	 2	 5	 18.133200	 0.027461
2	 3	 2	 6	 16.255556	 2.291529
2	 3	 3	 1	 14.873316	 2.678314
2	 3	 3	 2	 14.280221	 2.741120
2	 3	 3	 3	 17.620900	 0.029145
2	 3	 3	 4	 16.509900	 0.040635
2	 3	 3	 5	 16.243200	 0.041370
2	 3	 3	 6	 17.100231	 3.096493
2	 3	 4	 1	 15.602069	 2.685225
2	 3	 4	 2	 19.809400	 0.042341
2	 3	 4	 3	 14.242232	 3.424920
2	 3	 4	 4	 19.176400	 0.058847
2	 3	 4	 5	 19.105600	 0.047306
2	 3	 4	 6	 18.846500	 0.053359
2	 3	 5	 1	 17.667500	 0.056943
2	 3	 5	 2	 17.240300	 0.060848
2	 3	 5	 3	 13.346151	 4.824360
2	 3	 5	 4	 19.194800	 0.072571
2	 3	 5	 5	 15.292485	 5.084584
2	 3	 5	 6	 19.142200	 0.113773
2	 3	 6	 1	 20.930026	 6.930176
2	 3	 6	 2	 20.379200	 0.123075
2	 3	 6	 3	 17.125900	 0.073256
2	 3	 6	 4	 21.590514	 10.508187
2	 3	 6	 5	 18.563000	 0.230312
2	 3	 6	 6	 12.260507	 8.574760
2	 3	 7	 1	 9.149919	 17.413219
2	 3	 7	 2	 19.137600	 0.214053
2	 3	 7	 3	 14.335300	 0.798274
2	 3	 7	 4	 15.775700	 1.355320
2	 3	 7	 5	 19.778600	 9.533030
2	 3	 7	 6	 18.209400	 2.710580
2	 4	 1	 1	 33.677900	 6.497670
2	 4	 1	 2	 18.864500	 0.162418
2	 4	 1	 3	 17.604452	 2.955266
2	 4	 1	 4	 19.937100	 0.058303
2	 4	 1	 5	 16.620153	 2.750800
2	 4	 1	 6	 18.587000	 0.030044
2	 4	 2	 1	 16.514144	 2.586435
2	 4	 2	 2	 17.538100	 0.025379
2	 4	 2	 3	 18.014900	 0.029171
2	 4	 2	 4	 15.614038	 2.824520
2	 4	 2	 5	 18.247700	 0.030119
2	 4	 2	 6	 18.573300	 0.036485
2	 4	 3	 1	 17.583400	 0.034965
2	 4	 3	 2	 15.052990	 2.657341
2	 4	 3	 3	 18.339900	 0.036144
2	 4	 3	 4	 14.380417	 2.951452
2	 4	 3	 5	 17.647300	 0.045998
2	 4	 3	 6	 15.600134	 2.888687
2	 4	 4	 1	 16.583000	 0.043461
2	 4	 4	 2	 16.276200	 0.051908
2	 4	 4	 3	 14.084773	 3.371539
2	 4	 4	 4	 13.500108	 3.721566
2	 4	 4	 5	 12.370099	 4.188424
2	 4	 4	 6	 17.350400	 0.060749
2	 4	 5	 1	 16.919600	 0.067306
2	 4	 5	 2	 13.966095	 4.304044
2	 4	 5	 3	 15.841380	 4.167652
2	 4	 5	 4	 12.753400	 5.445836
2	 4	 5	 5	 14.634103	 5.488394
2	 4	 5	 6	 18.067500	 0.121574
2	 4	 6	 1	 14.270765	 7.179994
2	 4	 6	 2	 3.302798	 10.374423
2	 4	 6	 3	 11.465076	 12.134661
2	 4	 6	 4	 23.739400	 2.101000
2	 4	 6	 5	 18.413700	 0.298066
2	 4	 6	 6	 17.801400	 0.222373
2	 4	 7	 1	 23.788400	 2.804000
2	 4	 7	 2	 9.658647	 47.767451
2	 4	 7	 3	 14.332100	 0.981205
2	 4	 7	 4	 13.540800	 1.266970
2	 4	 7	 5	 14.883500	 1.997930
2	 4	 7	 6	 25.710400	 21.482100
2	 5	 1	 1	 15.881200	 1.543640
2	 5	 1	 2	 28.926900	 0.023863
2	 5	 1	 3	 28.201500	 0.051452
2	 5	 1	 4	 27.528300	 0.042090
2	 5	 1	 5	 30.053000	 0.010591
2	 5	 1	 6	 29.034300	 0.012624
2	 5	 2	 1	 28.978300	 0.008872
2	 5	 2	 2	 30.063200	 0.008067
2	 5	 2	 3	 30.100800	 0.009328
2	 5	 2	 4	 27.171707	 4.124439
2	 5	 2	 5	 32.167400	 0.031651
2	 5	 2	 6	 31.998100	 0.031355
2	 5	 3	 1	 32.927400	 0.033113
2	 5	 3	 2	 31.181700	 0.034956
2	 5	 3	 3	 32.915400	 0.041395
2	 5	 3	 4	 31.712100	 0.043544
2	 5	 3	 5	 32.397700	 0.052403
2	 5	 3	 6	 33.517200	 0.058558
2	 5	 4	 1	 32.781400	 0.064793
2	 5	 4	 2	 24.843242	 4.413868
2	 5	 4	 3	 24.718892	 4.752714
2	 5	 4	 4	 28.466000	 0.088530
2	 5	 4	 5	 31.127400	 0.085882
2	 5	 4	 6	 30.609500	 0.099895
2	 5	 5	 1	 26.629865	 5.155847
2	 5	 5	 2	 27.405300	 0.064352
2	 5	 5	 3	 24.172178	 6.107629
2	 5	 5	 4	 23.124300	 0.334476
2	 5	 5	 5	 22.415650	 5.462498
2	 5	 5	 6	 25.241431	 7.831233
2	 5	 6	 1	 26.959217	 6.875773
2	 5	 6	 2	 25.145983	 8.343251
2	 5	 6	 3	 21.856604	 9.686699
2	 5	 6	 4	 20.973300	 16.433000
2	 5	 6	 5	 21.913580	 19.866689
2	 5	 6	 6	 24.022222	 16.554702
2	 5	 7	 1	 26.664001	 15.890460
2	 5	 7	 2	 4.511643	 17.298442
2	 5	 7	 3	 31.531108	 26.062790
2	 5	 7	 4	 17.914400	 2.673060
2	 5	 7	 5	 25.751500	 283.133000
2	 5	 7	 6	 31.665200	 4.388000
2	 6	 1	 1	 24.348700	 0.059037
2	 6	 1	 2	 5.596968	 9.184916
2	 6	 1	 3	 23.346000	 0.022267
2	 6	 1	 4	 23.377800	 0.020534
2	 6	 1	 5	 25.849900	 0.035232
2	 6	 1	 6	 24.249900	 0.033370
2	 6	 2	 1	 24.609500	 0.026153
2	 6	 2	 2	 24.792000	 0.028717
2	 6	 2	 3	 26.013200	 0.030220
2	 6	 2	 4	 23.707200	 0.018887
2	 6	 2	 5	 25.838600	 0.028619
2	 6	 2	 6	 34.237400	 0.037107
2	 6	 3	 1	 27.379000	 0.037445
2	 6	 3	 2	 29.356400	 0.015590
2	 6	 3	 3	 26.890036	 4.201976
2	 6	 3	 4	 26.284500	 0.045196
2	 6	 3	 5	 26.546300	 0.048575
2	 6	 3	 6	 24.973435	 4.567474
2	 6	 4	 1	 27.323300	 0.064625
2	 6	 4	 2	 25.378100	 0.070255
2	 6	 4	 3	 25.318500	 0.077202
2	 6	 4	 4	 24.509427	 4.737789
2	 6	 4	 5	 26.677000	 0.094492
2	 6	 4	 6	 26.022500	 0.106498
2	 6	 5	 1	 19.119213	 3.727618
2	 6	 5	 2	 25.686200	 0.140253
2	 6	 5	 3	 23.538200	 0.176311
2	 6	 5	 4	 15.985317	 7.836374
2	 6	 5	 5	 14.875500	 0.327768
2	 6	 5	 6	 13.627500	 0.498838
2	 6	 6	 1	 3.776461	 7.712919
2	 6	 6	 2	 17.222177	 4.997834
2	 6	 6	 3	 18.599336	 11.593281
2	 6	 6	 4	 15.420283	 8.553214
2	 6	 6	 5	 15.638119	 20.733978
2	 6	 6	 6	 27.378100	 0.109236
2	 6	 7	 1	 24.343980	 16.521083
2	 6	 7	 2	 19.494711	 15.120351
2	 6	 7	 3	 32.603203	 23.604776
2	 6	 7	 4	 21.892600	 1.712620
2	 6	 7	 5	 43.863300	 1.549530
2	 6	 7	 6	 26.933600	 4.021000
3	 1	 1	 1	 40.770063	 6.953943
3	 1	 1	 2	 41.048366	 6.385396
3	 1	 1	 3	 40.600727	 5.764095
3	 1	 1	 4	 40.855198	 5.849829
3	 1	 1	 5	 39.365000	 0.017251
3	 1	 1	 6	 38.288987	 6.823912
3	 1	 2	 1	 40.780023	 5.491963
3	 1	 2	 2	 41.865213	 7.256864
3	 1	 2	 3	 41.142700	 0.016384
3	 1	 2	 4	 40.630452	 9.480392
3	 1	 2	 5	 40.794850	 6.250271
3	 1	 2	 6	 39.919480	 7.273721
3	 1	 3	 1	 38.032990	 7.756119
3	 1	 3	 2	 40.356013	 6.879451
3	 1	 3	 3	 39.044210	 7.449154
3	 1	 3	 4	 37.770560	 5.855460
3	 1	 3	 5	 38.564539	 8.104923
3	 1	 3	 6	 40.400000	 7.035610
3	 1	 4	 1	 39.328483	 6.008111
3	 1	 4	 2	 42.803100	 0.022265
3	 1	 4	 3	 37.444961	 6.606011
3	 1	 4	 4	 40.674580	 5.783787
3	 1	 4	 5	 38.579484	 6.841150
3	 1	 4	 6	 37.047622	 13.947115
3	 1	 5	 1	 41.094692	 7.608056
3	 1	 5	 2	 40.134300	 0.032096
3	 1	 5	 3	 38.064865	 7.592215
3	 1	 5	 4	 39.619277	 10.499130
3	 1	 5	 5	 41.117800	 0.037932
3	 1	 5	 6	 44.204300	 0.636391
3	 1	 6	 1	 38.140091	 10.514038
3	 1	 6	 2	 41.164500	 0.049618
3	 1	 6	 3	 36.005045	 13.781734
3	 1	 6	 4	 44.736842	 14.827969
3	 1	 6	 5	 36.765635	 13.293819
3	 1	 6	 6	 35.066667	 38.388537
3	 1	 7	 1	 41.452632	 24.249876
3	 1	 7	 2	 41.307532	 19.046058
3	 1	 7	 3	 44.781200	 0.111262
3	 1	 7	 4	 43.665600	 0.122981
3	 1	 7	 5	 34.373333	 27.645488
3	 1	 7	 6	 42.730300	 0.176222
3	 2	 1	 1	 42.646341	 12.863512
3	 2	 1	 2	 46.408695	 8.819575
3	 2	 1	 3	 44.449109	 6.673328
3	 2	 1	 4	 42.763842	 7.034364
3	 2	 1	 5	 44.000578	 6.019755
3	 2	 1	 6	 44.659770	 6.574037
3	 2	 2	 1	 44.329600	 0.018593
3	 2	 2	 2	 46.333333	 7.473873
3	 2	 2	 3	 41.929966	 7.919631
3	 2	 2	 4	 44.032823	 6.780303
3	 2	 2	 5	 42.343947	 8.292847
3	 2	 2	 6	 43.178303	 7.878230
3	 2	 3	 1	 41.115070	 6.319325
3	 2	 3	 2	 44.348018	 5.327055
3	 2	 3	 3	 40.931946	 4.862792
3	 2	 3	 4	 44.041287	 7.084177
3	 2	 3	 5	 43.561905	 7.599329
3	 2	 3	 6	 42.957894	 8.823321
3	 2	 4	 1	 40.012798	 5.577223
3	 2	 4	 2	 40.825574	 5.635025
3	 2	 4	 3	 36.472973	 6.021617
3	 2	 4	 4	 43.422222	 8.760832
3	 2	 4	 5	 33.312748	 9.396673
3	 2	 4	 6	 39.666667	 9.852657
3	 2	 5	 1	 37.707495	 6.419361
3	 2	 5	 2	 41.728104	 11.408374
3	 2	 5	 3	 33.519999	 15.600684
3	 2	 5	 4	 41.037037	 14.070703
3	 2	 5	 5	 40.042158	 8.210132
3	 2	 5	 6	 42.962962	 13.169951
3	 2	 6	 1	 38.335442	 10.878562
3	 2	 6	 2	 43.155556	 15.472807
3	 2	 6	 3	 42.236700	 0.060501
3	 2	 6	 4	 41.818900	 0.752093
3	 2	 6	 5	 38.669853	 15.337198
3	 2	 6	 6	 42.836400	 0.091867
3	 2	 7	 1	 42.871100	 0.103410
3	 2	 7	 2	 44.499400	 0.164161
3	 2	 7	 3	 42.661200	 0.199742
3	 2	 7	 4	 19.905552	 78.179412
3	 2	 7	 5	 42.944800	 0.261522
3	 2	 7	 6	 44.489400	 0.243205
3	 3	 1	 1	 45.864100	 2.420030
3	 3	 1	 2	 40.614100	 0.094106
3	 3	 1	 3	 39.445100	 0.048930
3	 3	 1	 4	 40.407400	 0.036665
3	 3	 1	 5	 41.122500	 0.015853
3	 3	 1	 6	 42.930300	 0.030400
3	 3	 2	 1	 42.781715	 5.906328
3	 3	 2	 2	 43.328571	 5.395745
3	 3	 2	 3	 42.545484	 6.317876
3	 3	 2	 4	 44.235500	 0.024944
3	 3	 2	 5	 45.919800	 0.030254
3	 3	 2	 6	 45.586100	 0.032913
3	 3	 3	 1	 44.858800	 0.038121
3	 3	 3	 2	 42.839968	 6.052627
3	 3	 3	 3	 42.986718	 5.643627
3	 3	 3	 4	 41.119298	 6.936414
3	 3	 3	 5	 45.512200	 0.042401
3	 3	 3	 6	 45.146000	 0.041728
3	 3	 4	 1	 43.580876	 5.874692
3	 3	 4	 2	 40.903872	 5.774294
3	 3	 4	 3	 46.521100	 0.044331
3	 3	 4	 4	 44.648200	 0.071735
3	 3	 4	 5	 41.410700	 0.055354
3	 3	 4	 6	 40.714800	 0.064235
3	 3	 5	 1	 36.848407	 8.311093
3	 3	 5	 2	 41.509400	 0.066939
3	 3	 5	 3	 36.427530	 7.052932
3	 3	 5	 4	 40.953331	 11.717902
3	 3	 5	 5	 38.684932	 10.504936
3	 3	 5	 6	 45.601900	 0.113597
3	 3	 6	 1	 43.564089	 14.726023
3	 3	 6	 2	 36.326739	 21.758692
3	 3	 6	 3	 36.856813	 21.496811
3	 3	 6	 4	 8.375933	 64.229933
3	 3	 6	 5	 41.881900	 0.120021
3	 3	 6	 6	 41.252460	 30.336632
3	 3	 7	 1	 28.101344	 27.008532
3	 3	 7	 2	 41.174300	 0.512733
3	 3	 7	 3	 38.491800	 0.693647
3	 3	 7	 4	 39.376900	 1.415060
3	 3	 7	 5	 39.246500	 1.746690
3	 3	 7	 6	 42.469300	 18.623600
3	 4	 1	 1	 52.804300	 5.662000
3	 4	 1	 2	 41.260500	 0.137028
3	 4	 1	 3	 42.139300	 0.051981
3	 4	 1	 4	 42.240600	 0.038008
3	 4	 1	 5	 41.548734	 5.034663
3	 4	 1	 6	 41.640966	 5.168853
3	 4	 2	 1	 41.222600	 0.028098
3	 4	 2	 2	 41.922200	 0.027021
3	 4	 2	 3	 43.165200	 0.029684
3	 4	 2	 4	 44.640800	 0.033033
3	 4	 2	 5	 44.584900	 0.033310
3	 4	 2	 6	 44.916800	 0.034354
3	 4	 3	 1	 42.195500	 0.033271
3	 4	 3	 2	 44.995400	 0.042952
3	 4	 3	 3	 44.949900	 0.040541
3	 4	 3	 4	 42.092000	 0.039088
3	 4	 3	 5	 42.525200	 0.045562
3	 4	 3	 6	 42.406200	 0.042488
3	 4	 4	 1	 48.725200	 0.050191
3	 4	 4	 2	 44.659219	 7.537499
3	 4	 4	 3	 44.949507	 8.108983
3	 4	 4	 4	 43.954700	 0.078959
3	 4	 4	 5	 45.546165	 8.462864
3	 4	 4	 6	 45.266104	 9.167901
3	 4	 5	 1	 41.426594	 7.664372
3	 4	 5	 2	 41.300710	 8.625238
3	 4	 5	 3	 40.855973	 12.818162
3	 4	 5	 4	 43.058700	 0.098387
3	 4	 5	 5	 43.179342	 13.460468
3	 4	 5	 6	 37.534007	 13.743754
3	 4	 6	 1	 48.393700	 0.113423
3	 4	 6	 2	 48.920954	 18.074369
3	 4	 6	 3	 31.244947	 20.426479
3	 4	 6	 4	 28.436749	 21.231451
3	 4	 6	 5	 46.035500	 0.470036
3	 4	 6	 6	 54.564100	 1.725010
3	 4	 7	 1	 50.805177	 45.299768
3	 4	 7	 2	 48.346438	 34.257906
3	 4	 7	 3	 39.382200	 0.987559
3	 4	 7	 4	 40.310600	 1.363280
3	 4	 7	 5	 41.043700	 1.866040
3	 4	 7	 6	 45.811300	 2.295420
3	 5	 1	 1	 51.933100	 7.210680
3	 5	 1	 2	 74.868800	 1.073440
3	 5	 1	 3	 72.085000	 0.033158
3	 5	 1	 4	 70.986000	 0.031451
3	 5	 1	 5	 72.179200	 0.039983
3	 5	 1	 6	 72.867600	 0.027802
3	 5	 2	 1	 70.927600	 0.016100
3	 5	 2	 2	 70.827000	 0.013210
3	 5	 2	 3	 74.643600	 0.397265
3	 5	 2	 4	 72.112400	 0.015577
3	 5	 2	 5	 72.033100	 0.024229
3	 5	 2	 6	 72.725800	 0.030409
3	 5	 3	 1	 73.052500	 0.032694
3	 5	 3	 2	 71.981400	 0.035953
3	 5	 3	 3	 71.752800	 0.039707
3	 5	 3	 4	 71.591800	 0.044188
3	 5	 3	 5	 73.452800	 0.051299
3	 5	 3	 6	 74.005300	 0.060803
3	 5	 4	 1	 72.175800	 0.060278
3	 5	 4	 2	 73.686500	 0.071752
3	 5	 4	 3	 72.989200	 0.075912
3	 5	 4	 4	 66.354522	 10.716806
3	 5	 4	 5	 73.428600	 0.097682
3	 5	 4	 6	 73.455600	 0.117641
3	 5	 5	 1	 58.188207	 10.452878
3	 5	 5	 2	 56.941600	 0.130261
3	 5	 5	 3	 58.264854	 11.114807
3	 5	 5	 4	 51.597196	 9.343714
3	 5	 5	 5	 54.839931	 14.345196
3	 5	 5	 6	 58.471756	 12.443398
3	 5	 6	 1	 64.279800	 0.418876
3	 5	 6	 2	 55.667992	 15.168861
3	 5	 6	 3	 57.258500	 0.290654
3	 5	 6	 4	 54.561504	 18.398032
3	 5	 6	 5	 51.620485	 22.731778
3	 5	 6	 6	 25.683444	 36.799634
3	 5	 7	 1	 58.918447	 33.407783
3	 5	 7	 2	 50.740630	 45.185786
3	 5	 7	 3	 60.559625	 33.042051
3	 5	 7	 4	 49.518100	 2.537120
3	 5	 7	 5	 -1.793094	 78.396637
3	 5	 7	 6	 61.510000	 12.885000
3	 6	 1	 1	 64.952900	 1.489290
3	 6	 1	 2	 63.796311	 13.428626
3	 6	 1	 3	 65.890376	 11.569475
3	 6	 1	 4	 65.845900	 0.090348
3	 6	 1	 5	 69.009300	 0.057863
3	 6	 1	 6	 55.922265	 21.037930
3	 6	 2	 1	 68.428700	 0.037508
3	 6	 2	 2	 67.749800	 0.034511
3	 6	 2	 3	 67.499900	 0.031441
3	 6	 2	 4	 66.776193	 10.476976
3	 6	 2	 5	 69.539500	 0.035227
3	 6	 2	 6	 68.385200	 0.036060
3	 6	 3	 1	 60.447600	 0.132880
3	 6	 3	 2	 65.480398	 10.270346
3	 6	 3	 3	 67.265400	 0.043465
3	 6	 3	 4	 63.933145	 10.835082
3	 6	 3	 5	 67.575800	 0.053583
3	 6	 3	 6	 67.621000	 0.063186
3	 6	 4	 1	 66.915981	 9.438309
3	 6	 4	 2	 65.355026	 10.429563
3	 6	 4	 3	 64.249046	 11.487827
3	 6	 4	 4	 65.361058	 10.507832
3	 6	 4	 5	 64.551880	 12.480051
3	 6	 4	 6	 69.312600	 0.102357
3	 6	 5	 1	 59.007200	 0.149538
3	 6	 5	 2	 50.398337	 14.313574
3	 6	 5	 3	 52.821100	 0.074723
3	 6	 5	 4	 46.663055	 16.588665
3	 6	 5	 5	 55.982024	 12.854019
3	 6	 5	 6	 56.804555	 13.425072
3	 6	 6	 1	 57.973830	 13.061598
3	 6	 6	 2	 47.151600	 0.538859
3	 6	 6	 3	 54.138337	 22.545550
3	 6	 6	 4	 52.094596	 24.747128
3	 6	 6	 5	 51.620458	 28.902176
3	 6	 6	 6	 49.921301	 23.982231
3	 6	 7	 1	 54.603475	 31.149154
3	 6	 7	 2	 38.904037	 45.023693
3	 6	 7	 3	 20.633332	 79.502616
3	 6	 7	 4	 61.544781	 45.205076
3	 6	 7	 5	 55.965211	 44.593824
3	 6	 7	 6	 58.984700	 10.619000
4	 1	 1	 1	 4.952610	 2.740176
4	 1	 1	 2	 7.818900	 0.019535
4	 1	 1	 3	 4.669294	 2.417862
4	 1	 1	 4	 5.957694	 1.358508
4	 1	 1	 5	 5.905882	 1.326661
4	 1	 1	 6	 6.652870	 0.017821
4	 1	 2	 1	 7.219298	 1.187982
4	 1	 2	 2	 6.116776	 1.060684
4	 1	 2	 3	 7.279110	 0.015824
4	 1	 2	 4	 4.898605	 1.628257
4	 1	 2	 5	 7.085875	 1.361861
4	 1	 2	 6	 7.606852	 2.051325
4	 1	 3	 1	 5.123604	 1.619489
4	 1	 3	 2	 7.396770	 0.019223
4	 1	 3	 3	 6.570694	 1.419718
4	 1	 3	 4	 6.417893	 1.468282
4	 1	 3	 5	 8.042210	 0.019778
4	 1	 3	 6	 6.015023	 1.587232
4	 1	 4	 1	 1.798319	 3.465903
4	 1	 4	 2	 8.593939	 2.259883
4	 1	 4	 3	 4.345489	 1.604071
4	 1	 4	 4	 7.820642	 2.563590
4	 1	 4	 5	 4.133333	 3.379677
4	 1	 4	 6	 3.094738	 2.864550
4	 1	 5	 1	 5.015423	 1.722519
4	 1	 5	 2	 5.342246	 2.637590
4	 1	 5	 3	 5.490731	 4.035041
4	 1	 5	 4	 8.241200	 0.035096
4	 1	 5	 5	 7.055350	 0.038061
4	 1	 5	 6	 2.425910	 2.479023
4	 1	 6	 1	 4.485714	 3.193057
4	 1	 6	 2	 8.046220	 0.048054
4	 1	 6	 3	 4.990991	 3.630040
4	 1	 6	 4	 5.484444	 6.400699
4	 1	 6	 5	 3.577778	 7.717367
4	 1	 6	 6	 0.933333	 10.666778
4	 1	 7	 1	 0.617790	 6.412145
4	 1	 7	 2	 4.445968	 4.607096
4	 1	 7	 3	 -23.866667	 53.918827
4	 1	 7	 4	 -6.034269	 4.106683
4	 1	 7	 5	 7.554650	 0.135373
4	 1	 7	 6	 7.670140	 0.238131
4	 2	 1	 1	 33.765700	 0.055125
4	 2	 1	 2	 35.375100	 0.024537
4	 2	 1	 3	 33.696500	 0.023520
4	 2	 1	 4	 34.115386	 5.147457
4	 2	 1	 5	 33.727979	 5.220369
4	 2	 1	 6	 34.070498	 4.907300
4	 2	 2	 1	 32.826886	 5.381581
4	 2	 2	 2	 46.904796	 5.598298
4	 2	 2	 3	 32.301011	 5.865256
4	 2	 2	 4	 32.210645	 4.355676
4	 2	 2	 5	 32.588751	 7.740799
4	 2	 2	 6	 31.324684	 5.160963
4	 2	 3	 1	 33.723126	 5.675232
4	 2	 3	 2	 33.500000	 5.560281
4	 2	 3	 3	 32.710680	 5.707528
4	 2	 3	 4	 29.524322	 4.245779
4	 2	 3	 5	 32.020358	 4.994390
4	 2	 3	 6	 33.225000	 5.942263
4	 2	 4	 1	 32.345247	 4.870231
4	 2	 4	 2	 33.527000	 4.584767
4	 2	 4	 3	 32.637641	 6.976130
4	 2	 4	 4	 32.914161	 6.789561
4	 2	 4	 5	 33.321379	 6.567150
4	 2	 4	 6	 32.220015	 5.976415
4	 2	 5	 1	 35.283334	 8.351067
4	 2	 5	 2	 34.296296	 10.284271
4	 2	 5	 3	 34.436364	 11.403977
4	 2	 5	 4	 32.488700	 0.039473
4	 2	 5	 5	 30.763218	 11.581328
4	 2	 5	 6	 28.133333	 15.384892
4	 2	 6	 1	 33.237000	 0.056125
4	 2	 6	 2	 33.300629	 10.978347
4	 2	 6	 3	 22.850794	 28.933038
4	 2	 6	 4	 31.816667	 14.914869
4	 2	 6	 5	 29.581431	 11.014211
4	 2	 6	 6	 31.828100	 0.115461
4	 2	 7	 1	 31.716100	 0.095080
4	 2	 7	 2	 31.712861	 15.565577
4	 2	 7	 3	 29.667100	 0.103276
4	 2	 7	 4	 41.905692	 31.525620
4	 2	 7	 5	 31.850900	 0.155404
4	 2	 7	 6	 31.097800	 0.167025
4	 3	 1	 1	 16.959400	 2.016820
4	 3	 1	 2	 15.217600	 0.076953
4	 3	 1	 3	 15.086200	 0.038579
4	 3	 1	 4	 15.910400	 0.033759
4	 3	 1	 5	 15.910441	 2.525431
4	 3	 1	 6	 15.355200	 0.033707
4	 3	 2	 1	 12.126200	 0.029328
4	 3	 2	 2	 11.519400	 0.025850
4	 3	 2	 3	 13.170600	 0.035256
4	 3	 2	 4	 12.623300	 0.029512
4	 3	 2	 5	 14.681200	 0.030604
4	 3	 2	 6	 12.412969	 3.063498
4	 3	 3	 1	 12.290300	 0.031420
4	 3	 3	 2	 13.003300	 0.031023
4	 3	 3	 3	 11.022680	 1.825328
4	 3	 3	 4	 12.780600	 0.035532
4	 3	 3	 5	 13.322400	 0.037782
4	 3	 3	 6	 13.198700	 0.040649
4	 3	 4	 1	 13.657700	 0.039379
4	 3	 4	 2	 14.134600	 0.043261
4	 3	 4	 3	 14.288600	 0.047128
4	 3	 4	 4	 13.394700	 0.047953
4	 3	 4	 5	 14.492900	 0.054995
4	 3	 4	 6	 5.885769	 5.310034
4	 3	 5	 1	 13.237200	 0.051869
4	 3	 5	 2	 9.033747	 3.508025
4	 3	 5	 3	 12.904700	 0.071267
4	 3	 5	 4	 12.379500	 0.100590
4	 3	 5	 5	 13.735400	 0.093587
4	 3	 5	 6	 13.563600	 0.184808
4	 3	 6	 1	 16.500800	 0.046742
4	 3	 6	 2	 13.953500	 0.184177
4	 3	 6	 3	 12.491270	 10.033459
4	 3	 6	 4	 -21.998731	 15.389497
4	 3	 6	 5	 16.372986	 15.001725
4	 3	 6	 6	 3.557298	 18.927413
4	 3	 7	 1	 14.402200	 0.241189
4	 3	 7	 2	 12.356500	 0.351662
4	 3	 7	 3	 10.341830	 0.698024
4	 3	 7	 4	 17.565700	 0.580228
4	 3	 7	 5	 7.906500	 1.837770
4	 3	 7	 6	 15.318500	 1.859180
4	 4	 1	 1	 14.460100	 5.969970
4	 4	 1	 2	 14.464100	 0.181820
4	 4	 1	 3	 14.886200	 0.054319
4	 4	 1	 4	 13.715000	 0.043296
4	 4	 1	 5	 15.448000	 0.035712
4	 4	 1	 6	 9.902108	 3.782884
4	 4	 2	 1	 14.678600	 0.029515
4	 4	 2	 2	 14.195800	 0.029191
4	 4	 2	 3	 13.979700	 0.028561
4	 4	 2	 4	 13.629800	 0.032235
4	 4	 2	 5	 13.707800	 0.030785
4	 4	 2	 6	 14.180100	 0.032244
4	 4	 3	 1	 14.487900	 0.034155
4	 4	 3	 2	 13.539500	 0.037416
4	 4	 3	 3	 13.519300	 0.039044
4	 4	 3	 4	 13.605700	 0.038499
4	 4	 3	 5	 13.439400	 0.041124
4	 4	 3	 6	 13.682500	 0.042302
4	 4	 4	 1	 13.757300	 0.051988
4	 4	 4	 2	 5.251347	 4.956028
4	 4	 4	 3	 13.190700	 0.048084
4	 4	 4	 4	 12.746100	 0.051665
4	 4	 4	 5	 14.051300	 0.057991
4	 4	 4	 6	 10.964530	 4.383832
4	 4	 5	 1	 12.797906	 4.443762
4	 4	 5	 2	 8.735089	 5.596440
4	 4	 5	 3	 13.063600	 0.080506
4	 4	 5	 4	 10.255697	 6.509931
4	 4	 5	 5	 10.748140	 7.038047
4	 4	 5	 6	 8.630475	 6.104164
4	 4	 6	 1	 11.630230	 6.188184
4	 4	 6	 2	 12.992593	 7.931092
4	 4	 6	 3	 13.542000	 0.232682
4	 4	 6	 4	 -7.373894	 24.436506
4	 4	 6	 5	 11.771038	 12.624540
4	 4	 6	 6	 11.508500	 0.485188
4	 4	 7	 1	 11.103900	 0.669568
4	 4	 7	 2	 11.363300	 0.831715
4	 4	 7	 3	 9.288940	 1.094060
4	 4	 7	 4	 17.689000	 3.539000
4	 4	 7	 5	 8.531380	 1.744610
4	 4	 7	 6	 7.287690	 4.105340
4	 5	 1	 1	 55.628400	 2.477000
4	 5	 1	 2	 51.604900	 0.181315
4	 5	 1	 3	 52.460900	 0.064645
4	 5	 1	 4	 51.427200	 0.049128
4	 5	 1	 5	 53.845500	 0.010727
4	 5	 1	 6	 52.576600	 0.085670
4	 5	 2	 1	 53.002400	 0.023119
4	 5	 2	 2	 53.774400	 0.020826
4	 5	 2	 3	 52.788500	 0.009891
4	 5	 2	 4	 54.040100	 0.013711
4	 5	 2	 5	 55.831000	 0.027097
4	 5	 2	 6	 55.478000	 0.027293
4	 5	 3	 1	 56.681900	 0.033428
4	 5	 3	 2	 55.248300	 0.035024
4	 5	 3	 3	 55.939300	 0.040137
4	 5	 3	 4	 55.497200	 0.044730
4	 5	 3	 5	 56.002300	 0.049304
4	 5	 3	 6	 56.870200	 0.059940
4	 5	 4	 1	 56.795900	 0.058358
4	 5	 4	 2	 56.769200	 0.061538
4	 5	 4	 3	 54.968900	 0.070849
4	 5	 4	 4	 52.588656	 6.770126
4	 5	 4	 5	 51.569958	 7.407597
4	 5	 4	 6	 50.943400	 8.356846
4	 5	 5	 1	 44.022482	 12.208658
4	 5	 5	 2	 52.340900	 0.117821
4	 5	 5	 3	 45.196328	 12.301320
4	 5	 5	 4	 48.453509	 10.710223
4	 5	 5	 5	 50.341972	 9.910724
4	 5	 5	 6	 47.751592	 13.289898
4	 5	 6	 1	 43.768770	 22.674278
4	 5	 6	 2	 48.140441	 15.499817
4	 5	 6	 3	 50.160304	 15.880165
4	 5	 6	 4	 53.791400	 1.141880
4	 5	 6	 5	 52.985197	 31.174476
4	 5	 6	 6	 43.240640	 40.130322
4	 5	 7	 1	 39.946200	 0.966351
4	 5	 7	 2	 66.057300	 1.039480
4	 5	 7	 3	 51.246672	 27.194780
4	 5	 7	 4	 44.546600	 1.792610
4	 5	 7	 5	 56.024400	 10.186000
4	 5	 7	 6	 56.024400	 10.186000
4	 6	 1	 1	 33.969800	 1.928830
4	 6	 1	 2	 47.324700	 0.129365
4	 6	 1	 3	 46.826500	 0.020590
4	 6	 1	 4	 47.937800	 0.013812
4	 6	 1	 5	 46.808700	 0.012093
4	 6	 1	 6	 48.020500	 0.015193
4	 6	 2	 1	 49.242500	 0.030218
4	 6	 2	 2	 48.784700	 0.027965
4	 6	 2	 3	 49.219200	 0.028416
4	 6	 2	 4	 52.160525	 7.162807
4	 6	 2	 5	 51.134100	 0.029210
4	 6	 2	 6	 50.923900	 0.033886
4	 6	 3	 1	 54.438700	 0.035698
4	 6	 3	 2	 52.510628	 6.441491
4	 6	 3	 3	 50.726043	 7.138769
4	 6	 3	 4	 49.083600	 0.042656
4	 6	 3	 5	 49.217600	 0.048968
4	 6	 3	 6	 48.265000	 0.054739
4	 6	 4	 1	 50.530600	 0.064618
4	 6	 4	 2	 49.848200	 0.069898
4	 6	 4	 3	 50.029100	 0.084016
4	 6	 4	 4	 50.837100	 1.414210
4	 6	 4	 5	 52.799400	 0.016821
4	 6	 4	 6	 56.880700	 0.465687
4	 6	 5	 1	 51.046400	 0.135259
4	 6	 5	 2	 49.415454	 9.542179
4	 6	 5	 3	 48.966085	 9.602869
4	 6	 5	 4	 34.898128	 16.676176
4	 6	 5	 5	 49.538130	 9.950806
4	 6	 5	 6	 42.144146	 15.190662
4	 6	 6	 1	 40.572350	 12.129618
4	 6	 6	 2	 45.720553	 17.232781
4	 6	 6	 3	 44.650795	 20.877556
4	 6	 6	 4	 47.510800	 0.890432
4	 6	 6	 5	 56.393500	 7.619000
4	 6	 6	 6	 44.470054	 40.899300
4	 6	 7	 1	 41.435021	 17.447951
4	 6	 7	 2	 45.761474	 22.223312
4	 6	 7	 3	 44.330500	 1.357660
4	 6	 7	 4	 40.122084	 38.449302
4	 6	 7	 5	 61.909300	 2.141150
4	 6	 7	 6	 59.778200	 0.724527
5	 1	 1	 1	 39.531733	 12.396740
5	 1	 1	 2	 32.228420	 6.457753
5	 1	 1	 3	 27.763433	 5.759519
5	 1	 1	 4	 23.925700	 3.333032
5	 1	 1	 5	 23.446009	 3.399791
5	 1	 1	 6	 24.627500	 0.018017
5	 1	 2	 1	 27.288104	 3.711277
5	 1	 2	 2	 24.354581	 4.760839
5	 1	 2	 3	 24.990857	 4.777980
5	 1	 2	 4	 27.067704	 4.036341
5	 1	 2	 5	 23.719884	 5.435355
5	 1	 2	 6	 25.239669	 4.619655
5	 1	 3	 1	 25.705140	 4.654307
5	 1	 3	 2	 25.767196	 5.115100
5	 1	 3	 3	 27.714500	 0.018626
5	 1	 3	 4	 26.320489	 4.586188
5	 1	 3	 5	 26.880000	 0.018406
5	 1	 3	 6	 24.190214	 4.107318
5	 1	 4	 1	 25.822222	 5.290796
5	 1	 4	 2	 26.462651	 5.252208
5	 1	 4	 3	 23.052874	 6.880419
5	 1	 4	 4	 26.647619	 5.216355
5	 1	 4	 5	 25.995875	 4.165467
5	 1	 4	 6	 27.505145	 5.323959
5	 1	 5	 1	 25.245134	 4.877074
5	 1	 5	 2	 25.196427	 7.682832
5	 1	 5	 3	 26.192000	 7.164352
5	 1	 5	 4	 26.400000	 7.117350
5	 1	 5	 5	 26.228594	 5.965913
5	 1	 5	 6	 28.942222	 10.197739
5	 1	 6	 1	 19.615238	 17.140787
5	 1	 6	 2	 24.773071	 7.920062
5	 1	 6	 3	 29.831293	 10.981629
5	 1	 6	 4	 27.324814	 11.317942
5	 1	 6	 5	 26.849383	 16.234581
5	 1	 6	 6	 26.977778	 12.863528
5	 1	 7	 1	 28.193600	 0.106169
5	 1	 7	 2	 26.294827	 21.375279
5	 1	 7	 3	 21.970370	 30.363745
5	 1	 7	 4	 30.221600	 0.135324
5	 1	 7	 5	 30.244500	 0.059412
5	 1	 7	 6	 31.429900	 0.230490
5	 2	 1	 1	 -17.466667	 19.540686
5	 2	 1	 2	 -0.302298	 2.038392
5	 2	 1	 3	 2.444733	 0.018931
5	 2	 1	 4	 0.897366	 1.026834
5	 2	 1	 5	 3.092857	 1.684197
5	 2	 1	 6	 3.189272	 0.920391
5	 2	 2	 1	 3.779272	 0.788990
5	 2	 2	 2	 3.501091	 0.888707
5	 2	 2	 3	 1.652989	 1.084485
5	 2	 2	 4	 2.852402	 0.999554
5	 2	 2	 5	 0.362724	 1.270793
5	 2	 2	 6	 2.897314	 1.025761
5	 2	 3	 1	 -2.182069	 1.706693
5	 2	 3	 2	 2.950692	 0.020273
5	 2	 3	 3	 -1.723689	 1.662439
5	 2	 3	 4	 2.463089	 1.083774
5	 2	 3	 5	 2.061663	 1.167320
5	 2	 3	 6	 1.865127	 0.979418
5	 2	 4	 1	 1.106582	 1.345343
5	 2	 4	 2	 1.859649	 1.329391
5	 2	 4	 3	 3.255730	 0.025241
5	 2	 4	 4	 1.961148	 1.342351
5	 2	 4	 5	 2.138442	 1.368842
5	 2	 4	 6	 3.210811	 1.254644
5	 2	 5	 1	 2.019837	 1.523938
5	 2	 5	 2	 0.864065	 1.427074
5	 2	 5	 3	 2.732121	 1.488112
5	 2	 5	 4	 2.871287	 1.568103
5	 2	 5	 5	 2.711111	 1.712393
5	 2	 5	 6	 1.266667	 3.381192
5	 2	 6	 1	 2.524731	 2.018434
5	 2	 6	 2	 2.075412	 1.874785
5	 2	 6	 3	 1.341877	 0.064355
5	 2	 6	 4	 3.891130	 0.068701
5	 2	 6	 5	 -1.789474	 4.837780
5	 2	 6	 6	 3.085189	 0.106078
5	 2	 7	 1	 -2.127821	 2.414838
5	 2	 7	 2	 -0.033333	 4.360521
5	 2	 7	 3	 2.256815	 0.129498
5	 2	 7	 4	 2.889294	 0.171391
5	 2	 7	 5	 -1391.045124	 8256.006287
5	 2	 7	 6	 3.769610	 0.228274
5	 3	 1	 1	 9.151270	 4.254900
5	 3	 1	 2	 11.346900	 0.109522
5	 3	 1	 3	 9.735550	 0.035381
5	 3	 1	 4	 10.922300	 0.029319
5	 3	 1	 5	 10.951500	 0.027811
5	 3	 1	 6	 10.782410	 0.023795
5	 3	 2	 1	 10.298610	 0.024683
5	 3	 2	 2	 10.741510	 0.023415
5	 3	 2	 3	 10.767060	 0.024468
5	 3	 2	 4	 9.731240	 0.022674
5	 3	 2	 5	 10.345610	 0.026256
5	 3	 2	 6	 5.062780	 2.411998
5	 3	 3	 1	 10.983900	 0.026657
5	 3	 3	 2	 7.664820	 2.139077
5	 3	 3	 3	 9.329320	 0.029169
5	 3	 3	 4	 10.364460	 0.031100
5	 3	 3	 5	 10.565070	 0.031500
5	 3	 3	 6	 10.892510	 0.035145
5	 3	 4	 1	 10.294211	 2.040407
5	 3	 4	 2	 11.326388	 1.885321
5	 3	 4	 3	 10.049287	 2.397274
5	 3	 4	 4	 9.670623	 2.326300
5	 3	 4	 5	 9.343310	 0.038660
5	 3	 4	 6	 6.729552	 3.141988
5	 3	 5	 1	 9.915380	 0.055740
5	 3	 5	 2	 1.629169	 4.528600
5	 3	 5	 3	 10.301150	 0.065482
5	 3	 5	 4	 9.932230	 0.079667
5	 3	 5	 5	 11.449915	 3.109797
5	 3	 5	 6	 10.329010	 0.092572
5	 3	 6	 1	 9.026266	 5.369307
5	 3	 6	 2	 11.524200	 0.125652
5	 3	 6	 3	 7.240301	 7.401671
5	 3	 6	 4	 11.000800	 0.220428
5	 3	 6	 5	 -22.355439	 47.737244
5	 3	 6	 6	 8.831585	 7.103395
5	 3	 7	 1	 -12.999419	 26.353898
5	 3	 7	 2	 11.343600	 0.455167
5	 3	 7	 3	 8.927350	 0.688711
5	 3	 7	 4	 11.595000	 0.288429
5	 3	 7	 5	 12.832400	 1.111480
5	 3	 7	 6	 8.335420	 3.777730
5	 4	 1	 1	 15.386800	 4.590380
5	 4	 1	 2	 14.335400	 0.428280
5	 4	 1	 3	 10.357630	 0.050407
5	 4	 1	 4	 11.202900	 0.034539
5	 4	 1	 5	 11.830700	 0.032662
5	 4	 1	 6	 10.782570	 0.026378
5	 4	 2	 1	 11.015700	 0.027654
5	 4	 2	 2	 10.609220	 0.025229
5	 4	 2	 3	 10.414780	 0.026043
5	 4	 2	 4	 9.984690	 0.025885
5	 4	 2	 5	 9.419812	 1.980784
5	 4	 2	 6	 11.574374	 1.670325
5	 4	 3	 1	 11.025100	 0.031081
5	 4	 3	 2	 7.455353	 2.137123
5	 4	 3	 3	 10.701320	 0.035962
5	 4	 3	 4	 10.590990	 0.035075
5	 4	 3	 5	 10.607600	 0.038374
5	 4	 3	 6	 11.020900	 0.043358
5	 4	 4	 1	 9.885786	 1.920697
5	 4	 4	 2	 11.400500	 0.048307
5	 4	 4	 3	 5.093083	 2.757487
5	 4	 4	 4	 10.959880	 0.044946
5	 4	 4	 5	 9.479496	 2.490608
5	 4	 4	 6	 11.283900	 0.058800
5	 4	 5	 1	 6.248956	 3.370104
5	 4	 5	 2	 7.425269	 3.461866
5	 4	 5	 3	 11.667494	 2.968232
5	 4	 5	 4	 11.844900	 0.091093
5	 4	 5	 5	 14.356400	 0.328400
5	 4	 5	 6	 9.129682	 4.608267
5	 4	 6	 1	 6.311441	 4.097312
5	 4	 6	 2	 8.222222	 6.063010
5	 4	 6	 3	 7.891254	 7.979533
5	 4	 6	 4	 10.279060	 0.281460
5	 4	 6	 5	 3.451852	 13.163738
5	 4	 6	 6	 0.915524	 14.856597
5	 4	 7	 1	 10.308670	 2.146940
5	 4	 7	 2	 -670.967189	 3098.040026
5	 4	 7	 3	 10.620190	 0.910163
5	 4	 7	 4	 5.301990	 1.356980
5	 4	 7	 5	 17.668700	 4.407000
5	 4	 7	 6	 17.668700	 4.407000
5	 5	 1	 1	 34.323800	 3.359150
5	 5	 1	 2	 45.027000	 23.172000
5	 5	 1	 3	 50.438200	 0.050625
5	 5	 1	 4	 50.467100	 0.045183
5	 5	 1	 5	 49.687100	 0.035349
5	 5	 1	 6	 49.423600	 0.032934
5	 5	 2	 1	 53.017000	 0.014233
5	 5	 2	 2	 53.046600	 0.011176
5	 5	 2	 3	 54.160100	 0.009650
5	 5	 2	 4	 50.523200	 0.027284
5	 5	 2	 5	 51.437500	 0.029603
5	 5	 2	 6	 52.407900	 0.032365
5	 5	 3	 1	 51.365900	 0.034933
5	 5	 3	 2	 51.128200	 0.035655
5	 5	 3	 3	 51.817800	 0.041428
5	 5	 3	 4	 49.289600	 0.040901
5	 5	 3	 5	 52.466497	 6.164204
5	 5	 3	 6	 51.216200	 0.058222
5	 5	 4	 1	 49.787900	 0.059242
5	 5	 4	 2	 50.255000	 0.062409
5	 5	 4	 3	 50.239500	 0.070578
5	 5	 4	 4	 48.050600	 0.068545
5	 5	 4	 5	 49.878800	 0.088016
5	 5	 4	 6	 48.421500	 0.088589
5	 5	 5	 1	 48.005200	 0.112701
5	 5	 5	 2	 41.196393	 8.159019
5	 5	 5	 3	 46.974900	 0.149840
5	 5	 5	 4	 48.512600	 0.170121
5	 5	 5	 5	 48.895200	 0.242077
5	 5	 5	 6	 41.996409	 10.261203
5	 5	 6	 1	 37.729300	 0.465497
5	 5	 6	 2	 40.598214	 10.442412
5	 5	 6	 3	 39.208670	 16.579894
5	 5	 6	 4	 46.481000	 0.449941
5	 5	 6	 5	 6.068075	 60.928936
5	 5	 6	 6	 35.114695	 17.473882
5	 5	 7	 1	 13.403358	 61.305628
5	 5	 7	 2	 50.717500	 15.424000
5	 5	 7	 3	 29.353676	 57.334799
5	 5	 7	 4	 51.247200	 12.138100
5	 5	 7	 5	 42.337000	 3.377560
5	 5	 7	 6	 56.563200	 11.686400
5	 6	 1	 1	 41.317200	 0.417408
5	 6	 1	 2	 43.343699	 6.897706
5	 6	 1	 3	 -4.849602	 26.973103
5	 6	 1	 4	 24.127668	 17.623013
5	 6	 1	 5	 45.742200	 0.044206
5	 6	 1	 6	 43.906500	 0.037146
5	 6	 2	 1	 49.336400	 0.031030
5	 6	 2	 2	 47.072100	 0.025148
5	 6	 2	 3	 46.969500	 0.018562
5	 6	 2	 4	 49.018900	 0.024725
5	 6	 2	 5	 49.422800	 0.029467
5	 6	 2	 6	 49.647600	 0.029231
5	 6	 3	 1	 48.485400	 0.030198
5	 6	 3	 2	 49.073900	 0.036026
5	 6	 3	 3	 47.923200	 0.010124
5	 6	 3	 4	 47.046500	 0.075406
5	 6	 3	 5	 47.332500	 0.048646
5	 6	 3	 6	 47.094900	 0.051851
5	 6	 4	 1	 46.103900	 0.077243
5	 6	 4	 2	 46.905300	 0.066982
5	 6	 4	 3	 46.766800	 0.015199
5	 6	 4	 4	 55.706700	 3.394540
5	 6	 4	 5	 51.043100	 0.080715
5	 6	 4	 6	 41.948284	 11.467607
5	 6	 5	 1	 46.955900	 0.149887
5	 6	 5	 2	 39.694409	 8.548719
5	 6	 5	 3	 42.805992	 7.683591
5	 6	 5	 4	 49.798000	 0.186837
5	 6	 5	 5	 51.452300	 0.260926
5	 6	 5	 6	 46.269799	 12.284269
5	 6	 6	 1	 42.833348	 10.109239
5	 6	 6	 2	 38.259538	 14.537040
5	 6	 6	 3	 33.768701	 19.691036
5	 6	 6	 4	 40.791206	 16.665006
5	 6	 6	 5	 42.242749	 15.948566
5	 6	 6	 6	 35.838100	 0.910148
5	 6	 7	 1	 39.295311	 25.499596
5	 6	 7	 2	 52.165800	 8.904000
5	 6	 7	 3	 19.528326	 20.358254
5	 6	 7	 4	 41.739100	 1.688950
5	 6	 7	 5	 11.890249	 19.855785
5	 6	 7	 6	 79.583900	 176.966000
6	 1	 1	 1	 6.256920	 0.034791
6	 1	 1	 2	 6.512560	 0.019298
6	 1	 1	 3	 4.623030	 1.556203
6	 1	 1	 4	 10.137580	 1.575213
6	 1	 1	 5	 8.090756	 2.009604
6	 1	 1	 6	 10.106667	 1.657957
6	 1	 2	 1	 6.111601	 2.229832
6	 1	 2	 2	 8.891234	 1.868723
6	 1	 2	 3	 9.171717	 1.803051
6	 1	 2	 4	 6.904869	 2.376502
6	 1	 2	 5	 7.764593	 2.217642
6	 1	 2	 6	 6.576970	 2.553216
6	 1	 3	 1	 6.545455	 2.411011
6	 1	 3	 2	 8.951111	 2.194193
6	 1	 3	 3	 8.099832	 2.240329
6	 1	 3	 4	 7.280450	 0.021581
6	 1	 3	 5	 8.850529	 2.301197
6	 1	 3	 6	 5.824314	 1.748374
6	 1	 4	 1	 8.151553	 2.480800
6	 1	 4	 2	 7.382857	 2.734288
6	 1	 4	 3	 8.911264	 2.429058
6	 1	 4	 4	 11.122490	 0.032124
6	 1	 4	 5	 8.135537	 2.893013
6	 1	 4	 6	 9.032946	 1.994786
6	 1	 5	 1	 2.638889	 2.738012
6	 1	 5	 2	 7.899440	 0.030018
6	 1	 5	 3	 0.033575	 3.303363
6	 1	 5	 4	 8.001899	 2.761716
6	 1	 5	 5	 10.248485	 3.134097
6	 1	 5	 6	 6.967897	 4.802325
6	 1	 6	 1	 2.418292	 4.386564
6	 1	 6	 2	 4.098386	 3.070677
6	 1	 6	 3	 3.458824	 4.228232
6	 1	 6	 4	 4.891765	 3.073280
6	 1	 6	 5	 5.273610	 0.081195
6	 1	 6	 6	 6.265600	 0.092542
6	 1	 7	 1	 7.276295	 6.012458
6	 1	 7	 2	 9.851880	 0.141363
6	 1	 7	 3	 7.694230	 0.120706
6	 1	 7	 4	 -20.265236	 22.070099
6	 1	 7	 5	 8.234820	 0.095615
6	 1	 7	 6	 8.873870	 0.047324
6	 2	 1	 1	 9.539394	 12.401951
6	 2	 1	 2	 9.969261	 2.604032
6	 2	 1	 3	 8.672180	 0.019732
6	 2	 1	 4	 11.250857	 2.736635
6	 2	 1	 5	 5.092683	 2.625230
6	 2	 1	 6	 7.404444	 2.279972
6	 2	 2	 1	 5.357513	 2.410650
6	 2	 2	 2	 5.868386	 1.159745
6	 2	 2	 3	 6.017284	 1.515983
6	 2	 2	 4	 6.033333	 2.488346
6	 2	 2	 5	 8.097969	 2.207152
6	 2	 2	 6	 9.581982	 1.941335
6	 2	 3	 1	 6.355463	 1.178967
6	 2	 3	 2	 9.091152	 2.051720
6	 2	 3	 3	 5.768381	 1.713813
6	 2	 3	 4	 6.361783	 2.669094
6	 2	 3	 5	 6.275238	 1.321711
6	 2	 3	 6	 6.309170	 0.023995
6	 2	 4	 1	 9.463454	 2.194740
6	 2	 4	 2	 8.274286	 2.611185
6	 2	 4	 3	 7.525379	 2.018105
6	 2	 4	 4	 4.095868	 2.219271
6	 2	 4	 5	 5.627513	 1.969888
6	 2	 4	 6	 7.038120	 0.030708
6	 2	 5	 1	 4.167928	 1.949202
6	 2	 5	 2	 3.812230	 4.443984
6	 2	 5	 3	 9.047191	 3.225908
6	 2	 5	 4	 5.166667	 4.255678
6	 2	 5	 5	 3.593308	 2.481561
6	 2	 5	 6	 5.352381	 3.195220
6	 2	 6	 1	 5.580470	 0.045962
6	 2	 6	 2	 3.887513	 2.845528
6	 2	 6	 3	 3.866667	 4.151048
6	 2	 6	 4	 -9.923752	 14.548054
6	 2	 6	 5	 10.378240	 0.102377
6	 2	 6	 6	 11.866667	 8.278971
6	 2	 7	 1	 9.576471	 9.520858
6	 2	 7	 2	 9.649104	 6.288405
6	 2	 7	 3	 -3.095317	 17.716863
6	 2	 7	 4	 3.201760	 0.147430
6	 2	 7	 5	 5.824530	 0.179757
6	 2	 7	 6	 4.894050	 0.222671
6	 3	 1	 1	 -26.368800	 2.345780
6	 3	 1	 2	 -26.295100	 0.082366
6	 3	 1	 3	 -27.984300	 1.421300
6	 3	 1	 4	 -27.362300	 0.033538
6	 3	 1	 5	 -27.727800	 0.030564
6	 3	 1	 6	 -28.050100	 0.017684
6	 3	 2	 1	 -28.029286	 2.795023
6	 3	 2	 2	 -26.530500	 0.025581
6	 3	 2	 3	 -28.768200	 0.036365
6	 3	 2	 4	 -28.297800	 0.027271
6	 3	 2	 5	 -27.450569	 2.660489
6	 3	 2	 6	 -29.731872	 3.368964
6	 3	 3	 1	 -27.881900	 0.014068
6	 3	 3	 2	 -27.302800	 0.030488
6	 3	 3	 3	 -28.798900	 0.031119
6	 3	 3	 4	 -30.006354	 3.464756
6	 3	 3	 5	 -26.865200	 0.033271
6	 3	 3	 6	 -28.644444	 3.135026
6	 3	 4	 1	 -28.029400	 0.034042
6	 3	 4	 2	 -31.433699	 4.437375
6	 3	 4	 3	 -29.494484	 3.706134
6	 3	 4	 4	 -27.923400	 0.042085
6	 3	 4	 5	 -26.940600	 0.046865
6	 3	 4	 6	 -31.652836	 5.481855
6	 3	 5	 1	 -27.407796	 3.708171
6	 3	 5	 2	 -25.373000	 0.060807
6	 3	 5	 3	 -27.806274	 4.542716
6	 3	 5	 4	 -28.338046	 4.951330
6	 3	 5	 5	 -27.920740	 5.468699
6	 3	 5	 6	 -29.077880	 5.043045
6	 3	 6	 1	 -25.470500	 0.105007
6	 3	 6	 2	 -24.901200	 0.127494
6	 3	 6	 3	 -25.939600	 0.158763
6	 3	 6	 4	 -27.454900	 0.151601
6	 3	 6	 5	 -26.005600	 0.233418
6	 3	 6	 6	 -25.225100	 0.174288
6	 3	 7	 1	 -24.948700	 1.869000
6	 3	 7	 2	 -25.850000	 9.906900
6	 3	 7	 3	 -29.196900	 0.749895
6	 3	 7	 4	 -28.708600	 0.892460
6	 3	 7	 5	 -29.441600	 1.479960
6	 3	 7	 6	 -36.195100	 2.732220
6	 4	 1	 1	 -14.995800	 1.202000
6	 4	 1	 2	 -26.861100	 0.147039
6	 4	 1	 3	 -27.345600	 0.055938
6	 4	 1	 4	 -26.835800	 0.031462
6	 4	 1	 5	 -26.608800	 0.030099
6	 4	 1	 6	 -26.146500	 0.022260
6	 4	 2	 1	 -26.922700	 0.026540
6	 4	 2	 2	 -27.221500	 0.026488
6	 4	 2	 3	 -27.415200	 0.025467
6	 4	 2	 4	 -27.517500	 0.034846
6	 4	 2	 5	 -27.836100	 0.027870
6	 4	 2	 6	 -27.746400	 0.029965
6	 4	 3	 1	 -25.950000	 0.029933
6	 4	 3	 2	 -27.869600	 0.031263
6	 4	 3	 3	 -28.001900	 0.033697
6	 4	 3	 4	 -27.307800	 0.036599
6	 4	 3	 5	 -26.673700	 0.039379
6	 4	 3	 6	 -26.272600	 0.036805
6	 4	 4	 1	 -27.252500	 0.043317
6	 4	 4	 2	 -27.169400	 0.047085
6	 4	 4	 3	 -26.849700	 0.056759
6	 4	 4	 4	 -30.018061	 4.053440
6	 4	 4	 5	 -31.616049	 4.939948
6	 4	 4	 6	 -26.974300	 0.066026
6	 4	 5	 1	 -26.187300	 0.065763
6	 4	 5	 2	 -26.491000	 0.063933
6	 4	 5	 3	 -35.181028	 8.634022
6	 4	 5	 4	 -27.659537	 5.609261
6	 4	 5	 5	 -27.173500	 0.100714
6	 4	 5	 6	 -27.324900	 0.090337
6	 4	 6	 1	 -34.668178	 12.489990
6	 4	 6	 2	 -28.055400	 0.062829
6	 4	 6	 3	 -26.994800	 0.080026
6	 4	 6	 4	 -27.635718	 8.624721
6	 4	 6	 5	 -31.500610	 10.598130
6	 4	 6	 6	 -23.456622	 10.406936
6	 4	 7	 1	 -27.737600	 0.106700
6	 4	 7	 2	 -30.812200	 0.653589
6	 4	 7	 3	 -48.405187	 34.777988
6	 4	 7	 4	 -31.984000	 1.583650
6	 4	 7	 5	 -33.361200	 1.784530
6	 4	 7	 6	 -34.068600	 2.707830
6	 5	 1	 1	 11.347200	 2.964480
6	 5	 1	 2	 24.005200	 0.211970
6	 5	 1	 3	 22.099200	 0.099897
6	 5	 1	 4	 25.674000	 0.058529
6	 5	 1	 5	 27.510900	 0.046662
6	 5	 1	 6	 26.699000	 0.036977
6	 5	 2	 1	 23.341200	 0.013248
6	 5	 2	 2	 26.329200	 0.060359
6	 5	 2	 3	 22.262000	 0.011507
6	 5	 2	 4	 28.437800	 0.035060
6	 5	 2	 5	 28.251200	 0.013088
6	 5	 2	 6	 25.952200	 0.032647
6	 5	 3	 1	 25.146400	 0.033142
6	 5	 3	 2	 24.097100	 0.037002
6	 5	 3	 3	 23.728900	 0.042181
6	 5	 3	 4	 23.918700	 0.045811
6	 5	 3	 5	 25.603100	 0.054399
6	 5	 3	 6	 26.522200	 0.062693
6	 5	 4	 1	 28.118800	 0.067746
6	 5	 4	 2	 26.384049	 4.307447
6	 5	 4	 3	 29.813900	 0.074099
6	 5	 4	 4	 24.697500	 0.082702
6	 5	 4	 5	 23.683000	 0.093083
6	 5	 4	 6	 26.892200	 0.117948
6	 5	 5	 1	 24.486300	 0.104557
6	 5	 5	 2	 22.670410	 5.605443
6	 5	 5	 3	 22.831600	 0.190753
6	 5	 5	 4	 21.179900	 0.427252
6	 5	 5	 5	 17.438446	 5.084207
6	 5	 5	 6	 24.144500	 0.320080
6	 5	 6	 1	 3.142913	 14.338652
6	 5	 6	 2	 21.475651	 9.313249
6	 5	 6	 3	 11.424700	 0.575848
6	 5	 6	 4	 17.082806	 15.914273
6	 5	 6	 5	 20.257600	 1.250090
6	 5	 6	 6	 10.829630	 12.685732
6	 5	 7	 1	 24.551412	 15.245824
6	 5	 7	 2	 18.959865	 14.961090
6	 5	 7	 3	 3.025708	 22.000941
6	 5	 7	 4	 26.100312	 29.799991
6	 5	 7	 5	 14.111700	 2.687400
6	 5	 7	 6	 31.139100	 5.761190
6	 6	 1	 1	 15.199600	 1.264610
6	 6	 1	 2	 0.737089	 7.129360
6	 6	 1	 3	 12.430466	 5.910342
6	 6	 1	 4	 20.943400	 0.068081
6	 6	 1	 5	 20.628100	 0.052622
6	 6	 1	 6	 20.940400	 0.042894
6	 6	 2	 1	 20.134200	 0.033758
6	 6	 2	 2	 19.342449	 3.348028
6	 6	 2	 3	 18.848600	 0.029898
6	 6	 2	 4	 19.900800	 2.602030
6	 6	 2	 5	 17.967300	 0.027898
6	 6	 2	 6	 18.518800	 0.031292
6	 6	 3	 1	 22.087100	 0.048344
6	 6	 3	 2	 20.792900	 0.050385
6	 6	 3	 3	 17.579766	 3.490807
6	 6	 3	 4	 14.866900	 0.070487
6	 6	 3	 5	 17.449315	 3.447466
6	 6	 3	 6	 17.298344	 3.479481
6	 6	 4	 1	 19.021943	 3.180376
6	 6	 4	 2	 18.703680	 3.252103
6	 6	 4	 3	 21.117300	 0.085134
6	 6	 4	 4	 17.954025	 3.385189
6	 6	 4	 5	 21.768600	 0.110031
6	 6	 4	 6	 18.248905	 3.775059
6	 6	 5	 1	 23.515300	 0.128411
6	 6	 5	 2	 23.508600	 0.134130
6	 6	 5	 3	 25.056300	 0.174956
6	 6	 5	 4	 22.212600	 0.211571
6	 6	 5	 5	 25.884000	 0.197305
6	 6	 5	 6	 11.418100	 0.477421
6	 6	 6	 1	 13.939359	 5.230654
6	 6	 6	 2	 11.747744	 8.800496
6	 6	 6	 3	 15.080051	 6.022353
6	 6	 6	 4	 9.860940	 0.623637
6	 6	 6	 5	 14.020000	 0.105891
6	 6	 6	 6	 23.829300	 0.600396
6	 6	 7	 1	 8.505238	 27.079460
6	 6	 7	 2	 6.353605	 14.493527
6	 6	 7	 3	 15.197608	 13.246675
6	 6	 7	 4	 26.492860	 21.435626
6	 6	 7	 5	 28.790800	 2.298580
6	 6	 7	 6	 42.776800	 16.587400
