#& Sector Superlayer Slot Cable T0Correction T0Error
1	 1	 1	 1	 1.914004	 0.026925
1	 1	 1	 2	 3.337202	 0.017755
1	 1	 1	 3	 3.046290	 0.011387
1	 1	 1	 4	 1.964144	 0.014589
1	 1	 1	 5	 3.377392	 0.016166
1	 1	 1	 6	 3.734910	 0.017966
1	 1	 2	 1	 2.826483	 0.004691
1	 1	 2	 2	 2.929845	 0.011439
1	 1	 2	 3	 4.852877	 0.015370
1	 1	 2	 4	 3.675884	 0.015429
1	 1	 2	 5	 4.308547	 0.016019
1	 1	 2	 6	 4.734217	 0.016242
1	 1	 3	 1	 3.720400	 0.016101
1	 1	 3	 2	 6.394537	 0.023866
1	 1	 3	 3	 3.148653	 0.017734
1	 1	 3	 4	 3.148356	 0.019505
1	 1	 3	 5	 5.153847	 0.020104
1	 1	 3	 6	 4.896807	 0.021515
1	 1	 4	 1	 4.248237	 0.021526
1	 1	 4	 2	 5.421937	 0.023417
1	 1	 4	 3	 1.763247	 0.035467
1	 1	 4	 4	 2.176727	 0.022901
1	 1	 4	 5	 3.831207	 0.024544
1	 1	 4	 6	 5.047997	 0.028295
1	 1	 5	 1	 5.462817	 0.027855
1	 1	 5	 2	 3.323722	 0.031542
1	 1	 5	 3	 5.270567	 0.033236
1	 1	 5	 4	 5.657487	 0.036712
1	 1	 5	 5	 5.223977	 0.039272
1	 1	 5	 6	 5.687527	 0.042458
1	 1	 6	 1	 6.048237	 0.063593
1	 1	 6	 2	 5.880307	 0.030817
1	 1	 6	 3	 5.450017	 0.065940
1	 1	 6	 4	 4.103867	 0.055702
1	 1	 6	 5	 5.147627	 0.082849
1	 1	 6	 6	 5.680907	 0.100727
1	 1	 7	 1	 6.014437	 0.102668
1	 1	 7	 2	 7.162807	 0.153868
1	 1	 7	 3	 4.146337	 0.126261
1	 1	 7	 4	 6.859327	 0.043473
1	 1	 7	 5	 3.349642	 0.131229
1	 1	 7	 6	 4.488647	 0.220162
1	 2	 1	 1	 -18.866603	 0.015213
1	 2	 1	 2	 -18.036603	 0.019937
1	 2	 1	 3	 -18.870203	 0.020746
1	 2	 1	 4	 -18.598303	 0.033656
1	 2	 1	 5	 -18.722303	 0.020968
1	 2	 1	 6	 -18.265903	 0.017526
1	 2	 2	 1	 -18.527003	 0.017882
1	 2	 2	 2	 -17.991503	 0.016686
1	 2	 2	 3	 -19.987103	 0.016662
1	 2	 2	 4	 -20.090703	 0.016433
1	 2	 2	 5	 -19.100703	 0.017910
1	 2	 2	 6	 -19.390403	 0.018158
1	 2	 3	 1	 -19.586003	 0.017321
1	 2	 3	 2	 -17.883503	 0.031051
1	 2	 3	 3	 -19.419003	 0.020154
1	 2	 3	 4	 -18.905703	 0.021081
1	 2	 3	 5	 -18.446403	 0.022248
1	 2	 3	 6	 -18.456803	 0.026564
1	 2	 4	 1	 -19.051703	 0.022660
1	 2	 4	 2	 -18.990103	 0.024665
1	 2	 4	 3	 -19.913803	 0.023390
1	 2	 4	 4	 -18.895603	 0.026681
1	 2	 4	 5	 -18.823003	 0.027085
1	 2	 4	 6	 -18.404103	 0.036670
1	 2	 5	 1	 -19.229303	 0.031412
1	 2	 5	 2	 -19.016303	 0.038390
1	 2	 5	 3	 -19.019203	 0.035246
1	 2	 5	 4	 -19.596803	 0.036730
1	 2	 5	 5	 -18.158703	 0.036861
1	 2	 5	 6	 -19.058203	 0.045449
1	 2	 6	 1	 -19.432603	 0.050838
1	 2	 6	 2	 -18.671503	 0.058813
1	 2	 6	 3	 -19.787903	 0.063557
1	 2	 6	 4	 -19.979203	 0.075553
1	 2	 6	 5	 -19.845203	 0.075428
1	 2	 6	 6	 -18.878503	 0.105442
1	 2	 7	 1	 -20.012103	 0.102732
1	 2	 7	 2	 -18.919203	 0.143885
1	 2	 7	 3	 -19.591003	 0.142191
1	 2	 7	 4	 -20.778403	 0.135391
1	 2	 7	 5	 -19.321203	 0.176544
1	 2	 7	 6	 -21.619603	 0.152579
1	 3	 1	 1	 -15.679309	 3.818290
1	 3	 1	 2	 -14.467809	 0.073424
1	 3	 1	 3	 -17.029709	 0.032217
1	 3	 1	 4	 -17.012109	 0.029691
1	 3	 1	 5	 -16.687609	 0.027174
1	 3	 1	 6	 -16.020809	 0.027887
1	 3	 2	 1	 -17.253009	 0.028137
1	 3	 2	 2	 -16.261509	 0.026589
1	 3	 2	 3	 -17.460309	 0.028799
1	 3	 2	 4	 -16.436909	 0.024747
1	 3	 2	 5	 -15.683809	 0.027208
1	 3	 2	 6	 -15.910209	 0.028262
1	 3	 3	 1	 -17.148309	 0.027344
1	 3	 3	 2	 -16.361509	 0.043382
1	 3	 3	 3	 -16.357109	 0.033937
1	 3	 3	 4	 -16.703309	 0.034081
1	 3	 3	 5	 -16.236109	 0.032697
1	 3	 3	 6	 -15.163909	 0.035054
1	 3	 4	 1	 -15.875109	 0.038213
1	 3	 4	 2	 -15.901809	 0.040526
1	 3	 4	 3	 -16.156809	 0.048464
1	 3	 4	 4	 -16.612609	 0.045850
1	 3	 4	 5	 -14.789409	 0.052486
1	 3	 4	 6	 -15.574909	 0.052187
1	 3	 5	 1	 -14.707609	 0.062650
1	 3	 5	 2	 -15.539209	 0.068546
1	 3	 5	 3	 -15.267309	 0.070909
1	 3	 5	 4	 -15.259909	 0.077177
1	 3	 5	 5	 -14.353309	 0.124744
1	 3	 5	 6	 -14.873109	 0.123062
1	 3	 6	 1	 -15.973209	 0.154873
1	 3	 6	 2	 -16.495409	 0.111099
1	 3	 6	 3	 -15.183809	 0.170783
1	 3	 6	 4	 -16.236909	 0.131280
1	 3	 6	 5	 -15.636909	 0.558248
1	 3	 6	 6	 -16.639209	 0.941267
1	 3	 7	 1	 -15.707009	 0.053604
1	 3	 7	 2	 -15.447409	 0.317304
1	 3	 7	 3	 -19.925209	 0.710913
1	 3	 7	 4	 -21.131309	 0.994972
1	 3	 7	 5	 -19.720209	 1.749730
1	 3	 7	 6	 -22.698909	 3.606850
1	 4	 1	 1	 -25.356714	 14.528700
1	 4	 1	 2	 -18.469814	 0.162276
1	 4	 1	 3	 -17.013614	 0.051202
1	 4	 1	 4	 -17.857414	 0.036478
1	 4	 1	 5	 -17.107014	 0.026415
1	 4	 1	 6	 -16.919114	 0.028198
1	 4	 2	 1	 -18.207614	 0.025591
1	 4	 2	 2	 -17.378614	 0.026129
1	 4	 2	 3	 -17.680814	 0.026461
1	 4	 2	 4	 -18.256714	 0.026922
1	 4	 2	 5	 -17.745314	 0.028957
1	 4	 2	 6	 -18.082614	 0.031303
1	 4	 3	 1	 -17.264014	 0.031482
1	 4	 3	 2	 -18.873714	 0.033037
1	 4	 3	 3	 -18.547014	 0.031253
1	 4	 3	 4	 -17.814114	 0.036175
1	 4	 3	 5	 -17.327614	 0.036323
1	 4	 3	 6	 -16.999814	 0.040724
1	 4	 4	 1	 -17.707414	 0.039475
1	 4	 4	 2	 -17.512314	 0.040450
1	 4	 4	 3	 -17.996314	 0.046094
1	 4	 4	 4	 -18.930514	 0.044147
1	 4	 4	 5	 -17.255214	 0.049521
1	 4	 4	 6	 -17.218314	 0.055545
1	 4	 5	 1	 -18.438814	 0.059031
1	 4	 5	 2	 -18.944814	 0.067481
1	 4	 5	 3	 -17.855214	 0.072034
1	 4	 5	 4	 -18.147214	 0.087903
1	 4	 5	 5	 -17.708314	 0.108222
1	 4	 5	 6	 -17.175314	 0.124205
1	 4	 6	 1	 -18.417814	 0.102324
1	 4	 6	 2	 -19.350214	 0.116043
1	 4	 6	 3	 -18.036314	 0.166741
1	 4	 6	 4	 -20.103214	 0.328302
1	 4	 6	 5	 -19.629614	 0.375588
1	 4	 6	 6	 -19.543214	 0.125591
1	 4	 7	 1	 -17.072514	 0.180590
1	 4	 7	 2	 -19.226114	 0.683434
1	 4	 7	 3	 -20.825314	 0.902941
1	 4	 7	 4	 -24.336714	 1.971960
1	 4	 7	 5	 -9.947314	 99.887500
1	 4	 7	 6	 -22.104414	 2.748620
1	 5	 1	 1	 6.115335	 5.943560
1	 5	 1	 2	 27.861675	 0.037361
1	 5	 1	 3	 28.966075	 0.017739
1	 5	 1	 4	 27.825675	 0.012902
1	 5	 1	 5	 28.006875	 0.019533
1	 5	 1	 6	 29.121075	 0.018420
1	 5	 2	 1	 27.990875	 0.016346
1	 5	 2	 2	 30.577675	 0.023073
1	 5	 2	 3	 29.726875	 0.018948
1	 5	 2	 4	 27.933275	 0.010864
1	 5	 2	 5	 28.264175	 0.016378
1	 5	 2	 6	 29.925775	 0.030024
1	 5	 3	 1	 29.357275	 0.030526
1	 5	 3	 2	 31.292875	 0.034463
1	 5	 3	 3	 31.034275	 0.037219
1	 5	 3	 4	 30.031675	 0.040539
1	 5	 3	 5	 29.451175	 0.046823
1	 5	 3	 6	 31.341775	 0.054228
1	 5	 4	 1	 30.125475	 0.062739
1	 5	 4	 2	 28.610275	 0.062136
1	 5	 4	 3	 29.610075	 0.074309
1	 5	 4	 4	 29.238675	 0.086689
1	 5	 4	 5	 28.614075	 0.098194
1	 5	 4	 6	 30.553975	 0.113600
1	 5	 5	 1	 29.847275	 0.106213
1	 5	 5	 2	 29.077575	 0.119125
1	 5	 5	 3	 28.853875	 0.238216
1	 5	 5	 4	 27.714075	 0.185382
1	 5	 5	 5	 31.707475	 0.297304
1	 5	 5	 6	 28.263375	 0.212095
1	 5	 6	 1	 25.618775	 0.237034
1	 5	 6	 2	 27.211175	 0.624763
1	 5	 6	 3	 22.880575	 0.057410
1	 5	 6	 4	 22.216875	 0.713254
1	 5	 6	 5	 21.237375	 0.743962
1	 5	 6	 6	 21.323475	 2.615300
1	 5	 7	 1	 42.035075	 52.194600
1	 5	 7	 2	 21.489275	 1.433250
1	 5	 7	 3	 17.826575	 1.953950
1	 5	 7	 4	 33.963875	 7.634000
1	 5	 7	 5	 40.657975	 0.866746
1	 5	 7	 6	 44.191675	 13.204500
1	 6	 1	 1	 19.109496	 1.330310
1	 6	 1	 2	 21.510796	 0.102320
1	 6	 1	 3	 21.253796	 0.036913
1	 6	 1	 4	 22.818096	 0.036847
1	 6	 1	 5	 25.872696	 0.043838
1	 6	 1	 6	 21.260696	 0.023278
1	 6	 2	 1	 22.262996	 0.018491
1	 6	 2	 2	 22.194196	 0.012555
1	 6	 2	 3	 21.207696	 0.019343
1	 6	 2	 4	 21.093996	 0.012207
1	 6	 2	 5	 21.814896	 0.022217
1	 6	 2	 6	 21.157396	 0.014547
1	 6	 3	 1	 22.716896	 0.020414
1	 6	 3	 2	 23.050796	 0.036581
1	 6	 3	 3	 22.985996	 0.041609
1	 6	 3	 4	 22.918096	 0.045265
1	 6	 3	 5	 22.256896	 0.047699
1	 6	 3	 6	 21.338496	 0.056636
1	 6	 4	 1	 22.883496	 0.063720
1	 6	 4	 2	 22.883096	 0.073669
1	 6	 4	 3	 23.152596	 0.074448
1	 6	 4	 4	 23.502096	 0.084452
1	 6	 4	 5	 26.319096	 0.084651
1	 6	 4	 6	 22.748796	 0.109905
1	 6	 5	 1	 27.579596	 0.122820
1	 6	 5	 2	 27.820696	 0.166351
1	 6	 5	 3	 25.616296	 0.089847
1	 6	 5	 4	 26.867696	 0.130531
1	 6	 5	 5	 27.465996	 0.198071
1	 6	 5	 6	 22.211396	 0.342879
1	 6	 6	 1	 25.061696	 0.561410
1	 6	 6	 2	 17.195596	 0.424999
1	 6	 6	 3	 29.559996	 0.165570
1	 6	 6	 4	 18.538996	 0.566717
1	 6	 6	 5	 19.729496	 0.829000
1	 6	 6	 6	 24.966396	 2.250170
1	 6	 7	 1	 20.469996	 1.027210
1	 6	 7	 2	 27.459896	 5.225000
1	 6	 7	 3	 35.977596	 17.593800
1	 6	 7	 4	 22.514596	 1.876520
1	 6	 7	 5	 26.880596	 3.214290
1	 6	 7	 6	 27.459896	 5.225000
2	 1	 1	 1	 14.551449	 0.046275
2	 1	 1	 2	 14.113949	 0.022351
2	 1	 1	 3	 14.651249	 0.020454
2	 1	 1	 4	 12.443939	 0.023326
2	 1	 1	 5	 14.251849	 0.033377
2	 1	 1	 6	 13.633349	 0.027570
2	 1	 2	 1	 12.288509	 0.020709
2	 1	 2	 2	 14.036149	 0.018227
2	 1	 2	 3	 14.312749	 0.018263
2	 1	 2	 4	 15.577849	 0.020313
2	 1	 2	 5	 17.224849	 0.018377
2	 1	 2	 6	 19.256049	 0.021097
2	 1	 3	 1	 15.100649	 0.021055
2	 1	 3	 2	 15.627649	 0.021641
2	 1	 3	 3	 14.823749	 0.022196
2	 1	 3	 4	 15.606549	 0.025132
2	 1	 3	 5	 15.702249	 0.023824
2	 1	 3	 6	 13.688549	 0.022961
2	 1	 4	 1	 14.128549	 0.020630
2	 1	 4	 2	 15.231549	 0.024310
2	 1	 4	 3	 13.959849	 0.033060
2	 1	 4	 4	 13.773849	 0.024761
2	 1	 4	 5	 15.238149	 0.024808
2	 1	 4	 6	 15.173049	 0.027885
2	 1	 5	 1	 14.345849	 0.032849
2	 1	 5	 2	 15.482249	 0.033238
2	 1	 5	 3	 14.559149	 0.028862
2	 1	 5	 4	 15.676449	 0.035329
2	 1	 5	 5	 15.693649	 0.038114
2	 1	 5	 6	 15.044749	 0.044027
2	 1	 6	 1	 14.822749	 0.038805
2	 1	 6	 2	 18.653349	 0.011630
2	 1	 6	 3	 16.629949	 1.500780
2	 1	 6	 4	 13.032249	 0.069201
2	 1	 6	 5	 12.513919	 0.074272
2	 1	 6	 6	 20.338549	 0.197277
2	 1	 7	 1	 12.224099	 0.167166
2	 1	 7	 2	 15.669949	 0.138212
2	 1	 7	 3	 14.442649	 0.166562
2	 1	 7	 4	 13.677049	 0.063647
2	 1	 7	 5	 13.469149	 0.222250
2	 1	 7	 6	 17.229249	 0.193318
2	 2	 1	 1	 18.506956	 0.059361
2	 2	 1	 2	 18.872656	 0.022215
2	 2	 1	 3	 17.886756	 0.020466
2	 2	 1	 4	 18.259356	 0.023015
2	 2	 1	 5	 18.240056	 0.022152
2	 2	 1	 6	 17.309056	 0.020084
2	 2	 2	 1	 21.285856	 0.020193
2	 2	 2	 2	 20.443656	 0.019491
2	 2	 2	 3	 19.469456	 0.018349
2	 2	 2	 4	 20.625556	 0.019191
2	 2	 2	 5	 16.334056	 0.017772
2	 2	 2	 6	 17.853656	 0.018452
2	 2	 3	 1	 14.376456	 0.019974
2	 2	 3	 2	 17.044256	 0.018855
2	 2	 3	 3	 14.348756	 0.020326
2	 2	 3	 4	 13.627156	 0.028657
2	 2	 3	 5	 14.050656	 0.020935
2	 2	 3	 6	 14.345256	 0.024500
2	 2	 4	 1	 17.262256	 0.024723
2	 2	 4	 2	 16.708556	 0.034955
2	 2	 4	 3	 17.971656	 0.027284
2	 2	 4	 4	 16.354756	 0.027858
2	 2	 4	 5	 19.444456	 0.032488
2	 2	 4	 6	 17.275856	 0.035482
2	 2	 5	 1	 13.177516	 0.030040
2	 2	 5	 2	 14.139956	 0.037303
2	 2	 5	 3	 14.122956	 0.034991
2	 2	 5	 4	 15.007356	 0.047008
2	 2	 5	 5	 14.037256	 0.046390
2	 2	 5	 6	 16.549156	 0.052736
2	 2	 6	 1	 16.343456	 0.054326
2	 2	 6	 2	 17.715856	 0.059018
2	 2	 6	 3	 15.625856	 0.060289
2	 2	 6	 4	 14.191856	 0.077988
2	 2	 6	 5	 16.558456	 0.083733
2	 2	 6	 6	 17.028756	 0.164073
2	 2	 7	 1	 15.319156	 0.146483
2	 2	 7	 2	 16.043956	 0.690234
2	 2	 7	 3	 18.747756	 0.313706
2	 2	 7	 4	 15.730956	 0.211912
2	 2	 7	 5	 16.306356	 0.257461
2	 2	 7	 6	 16.581556	 0.249777
2	 3	 1	 1	 28.267363	 2.363320
2	 3	 1	 2	 22.169963	 0.082556
2	 3	 1	 3	 21.317763	 0.045471
2	 3	 1	 4	 15.506063	 0.030521
2	 3	 1	 5	 15.311663	 0.029133
2	 3	 1	 6	 15.252763	 0.028629
2	 3	 2	 1	 16.735063	 0.024457
2	 3	 2	 2	 16.467163	 0.024969
2	 3	 2	 3	 15.905963	 0.026830
2	 3	 2	 4	 16.531263	 0.025870
2	 3	 2	 5	 17.176263	 0.027461
2	 3	 2	 6	 16.293663	 0.027239
2	 3	 3	 1	 15.484363	 0.028820
2	 3	 3	 2	 17.054363	 0.034596
2	 3	 3	 3	 16.663963	 0.029145
2	 3	 3	 4	 15.552963	 0.040635
2	 3	 3	 5	 15.286263	 0.041370
2	 3	 3	 6	 15.839563	 0.043994
2	 3	 4	 1	 17.752863	 0.036497
2	 3	 4	 2	 18.852463	 0.042341
2	 3	 4	 3	 16.573663	 0.048665
2	 3	 4	 4	 18.219463	 0.058847
2	 3	 4	 5	 18.148663	 0.047306
2	 3	 4	 6	 17.889563	 0.053359
2	 3	 5	 1	 16.710563	 0.056943
2	 3	 5	 2	 16.283363	 0.060848
2	 3	 5	 3	 17.267663	 0.074810
2	 3	 5	 4	 18.237863	 0.072571
2	 3	 5	 5	 17.183263	 0.105252
2	 3	 5	 6	 18.185263	 0.113773
2	 3	 6	 1	 17.220663	 0.109636
2	 3	 6	 2	 19.422263	 0.123075
2	 3	 6	 3	 16.168963	 0.073256
2	 3	 6	 4	 17.573163	 0.220489
2	 3	 6	 5	 17.606063	 0.230312
2	 3	 6	 6	 14.722163	 0.496099
2	 3	 7	 1	 14.101063	 0.522438
2	 3	 7	 2	 18.180663	 0.214053
2	 3	 7	 3	 13.378363	 0.798274
2	 3	 7	 4	 14.818763	 1.355320
2	 3	 7	 5	 18.821663	 9.533030
2	 3	 7	 6	 17.252463	 2.710580
2	 4	 1	 1	 34.648029	 6.497670
2	 4	 1	 2	 19.834629	 0.162418
2	 4	 1	 3	 19.267929	 0.062235
2	 4	 1	 4	 20.907229	 0.058303
2	 4	 1	 5	 18.782229	 0.035261
2	 4	 1	 6	 19.557129	 0.030044
2	 4	 2	 1	 17.931929	 0.029193
2	 4	 2	 2	 18.508229	 0.025379
2	 4	 2	 3	 18.985029	 0.029171
2	 4	 2	 4	 19.810829	 0.031265
2	 4	 2	 5	 19.217829	 0.030119
2	 4	 2	 6	 19.543429	 0.036485
2	 4	 3	 1	 18.553529	 0.034965
2	 4	 3	 2	 18.126429	 0.034855
2	 4	 3	 3	 19.310029	 0.036144
2	 4	 3	 4	 18.274829	 0.038900
2	 4	 3	 5	 18.617429	 0.045998
2	 4	 3	 6	 19.208029	 0.040019
2	 4	 4	 1	 17.553129	 0.043461
2	 4	 4	 2	 17.246329	 0.051908
2	 4	 4	 3	 18.304529	 0.057549
2	 4	 4	 4	 17.862629	 0.071496
2	 4	 4	 5	 18.808929	 0.058792
2	 4	 4	 6	 18.320529	 0.060749
2	 4	 5	 1	 17.889729	 0.067306
2	 4	 5	 2	 17.607029	 0.085841
2	 4	 5	 3	 15.217929	 1.042820
2	 4	 5	 4	 17.717729	 0.087666
2	 4	 5	 5	 17.772129	 0.147676
2	 4	 5	 6	 19.037629	 0.121574
2	 4	 6	 1	 19.541829	 0.207210
2	 4	 6	 2	 18.631829	 0.425495
2	 4	 6	 3	 17.826029	 0.433299
2	 4	 6	 4	 24.709529	 2.101000
2	 4	 6	 5	 19.383829	 0.298066
2	 4	 6	 6	 18.771529	 0.222373
2	 4	 7	 1	 24.758529	 2.804000
2	 4	 7	 2	 16.266229	 0.767783
2	 4	 7	 3	 15.302229	 0.981205
2	 4	 7	 4	 14.510929	 1.266970
2	 4	 7	 5	 15.853629	 1.997930
2	 4	 7	 6	 26.680529	 21.482100
2	 5	 1	 1	 14.403150	 1.543640
2	 5	 1	 2	 27.448850	 0.023863
2	 5	 1	 3	 26.723450	 0.051452
2	 5	 1	 4	 26.050250	 0.042090
2	 5	 1	 5	 28.574950	 0.010591
2	 5	 1	 6	 27.556250	 0.012624
2	 5	 2	 1	 27.500250	 0.008872
2	 5	 2	 2	 28.585150	 0.008067
2	 5	 2	 3	 28.622750	 0.009328
2	 5	 2	 4	 28.654150	 0.010527
2	 5	 2	 5	 30.689350	 0.031651
2	 5	 2	 6	 30.520050	 0.031355
2	 5	 3	 1	 31.449350	 0.033113
2	 5	 3	 2	 29.703650	 0.034956
2	 5	 3	 3	 31.437350	 0.041395
2	 5	 3	 4	 30.234050	 0.043544
2	 5	 3	 5	 30.919650	 0.052403
2	 5	 3	 6	 32.039150	 0.058558
2	 5	 4	 1	 31.303350	 0.064793
2	 5	 4	 2	 29.309650	 0.058858
2	 5	 4	 3	 28.696750	 0.070524
2	 5	 4	 4	 26.987950	 0.088530
2	 5	 4	 5	 29.649350	 0.085882
2	 5	 4	 6	 29.131450	 0.099895
2	 5	 5	 1	 27.985950	 0.117673
2	 5	 5	 2	 25.927250	 0.064352
2	 5	 5	 3	 26.729250	 0.194959
2	 5	 5	 4	 21.646250	 0.334476
2	 5	 5	 5	 31.525250	 0.444922
2	 5	 5	 6	 16.503250	 0.439217
2	 5	 6	 1	 15.786950	 0.599622
2	 5	 6	 2	 15.410850	 0.569938
2	 5	 6	 3	 16.905750	 0.734133
2	 5	 6	 4	 19.495250	 16.433000
2	 5	 6	 5	 17.909750	 0.965394
2	 5	 6	 6	 15.435750	 0.836154
2	 5	 7	 1	 30.187150	 4.388000
2	 5	 7	 2	 14.079050	 1.639410
2	 5	 7	 3	 15.203250	 3.114220
2	 5	 7	 4	 16.436350	 2.673060
2	 5	 7	 5	 24.273450	 283.133000
2	 5	 7	 6	 30.187150	 4.388000
2	 6	 1	 1	 22.049888	 0.059037
2	 6	 1	 2	 23.104588	 0.069831
2	 6	 1	 3	 21.047188	 0.022267
2	 6	 1	 4	 21.078988	 0.020534
2	 6	 1	 5	 23.551088	 0.035232
2	 6	 1	 6	 21.951088	 0.033370
2	 6	 2	 1	 22.310688	 0.026153
2	 6	 2	 2	 22.493188	 0.028717
2	 6	 2	 3	 23.714388	 0.030220
2	 6	 2	 4	 21.408388	 0.018887
2	 6	 2	 5	 23.539788	 0.028619
2	 6	 2	 6	 31.938588	 0.037107
2	 6	 3	 1	 25.080188	 0.037445
2	 6	 3	 2	 27.057588	 0.015590
2	 6	 3	 3	 26.942388	 0.010397
2	 6	 3	 4	 23.985688	 0.045196
2	 6	 3	 5	 24.247488	 0.048575
2	 6	 3	 6	 26.779188	 0.056641
2	 6	 4	 1	 25.024488	 0.064625
2	 6	 4	 2	 23.079288	 0.070255
2	 6	 4	 3	 23.019688	 0.077202
2	 6	 4	 4	 24.209088	 0.090032
2	 6	 4	 5	 24.378188	 0.094492
2	 6	 4	 6	 23.723688	 0.106498
2	 6	 5	 1	 23.512888	 0.110345
2	 6	 5	 2	 23.387388	 0.140253
2	 6	 5	 3	 21.239388	 0.176311
2	 6	 5	 4	 22.729088	 0.217793
2	 6	 5	 5	 12.576688	 0.327768
2	 6	 5	 6	 11.328688	 0.498838
2	 6	 6	 1	 10.228788	 0.668412
2	 6	 6	 2	 10.619388	 0.453162
2	 6	 6	 3	 29.118388	 0.743358
2	 6	 6	 4	 28.454788	 0.166102
2	 6	 6	 5	 12.321988	 0.601690
2	 6	 6	 6	 25.079288	 0.109236
2	 6	 7	 1	 8.246128	 1.393920
2	 6	 7	 2	 25.151788	 0.206273
2	 6	 7	 3	 13.892588	 2.617740
2	 6	 7	 4	 19.593788	 1.712620
2	 6	 7	 5	 41.564488	 1.549530
2	 6	 7	 6	 24.634788	 4.021000
3	 1	 1	 1	 40.731858	 0.035350
3	 1	 1	 2	 42.062658	 0.021457
3	 1	 1	 3	 41.269058	 0.016929
3	 1	 1	 4	 40.721258	 0.019155
3	 1	 1	 5	 39.792558	 0.017251
3	 1	 1	 6	 40.315258	 0.017657
3	 1	 2	 1	 41.833358	 0.017173
3	 1	 2	 2	 43.456058	 0.016635
3	 1	 2	 3	 41.570258	 0.016384
3	 1	 2	 4	 45.065258	 0.017782
3	 1	 2	 5	 42.069158	 0.015888
3	 1	 2	 6	 41.361058	 0.016449
3	 1	 3	 1	 41.225958	 0.017606
3	 1	 3	 2	 41.069658	 0.020275
3	 1	 3	 3	 41.043158	 0.020584
3	 1	 3	 4	 41.170658	 0.022613
3	 1	 3	 5	 41.927258	 0.022130
3	 1	 3	 6	 41.786858	 0.023472
3	 1	 4	 1	 43.805358	 0.021331
3	 1	 4	 2	 43.230658	 0.022265
3	 1	 4	 3	 39.306458	 0.020725
3	 1	 4	 4	 41.838558	 0.024004
3	 1	 4	 5	 42.687258	 0.015033
3	 1	 4	 6	 43.423558	 0.026000
3	 1	 5	 1	 41.521058	 0.031795
3	 1	 5	 2	 40.561858	 0.032096
3	 1	 5	 3	 39.801458	 0.031103
3	 1	 5	 4	 43.623058	 0.995119
3	 1	 5	 5	 41.545358	 0.037932
3	 1	 5	 6	 44.631858	 0.636391
3	 1	 6	 1	 41.729158	 0.035104
3	 1	 6	 2	 41.592058	 0.049618
3	 1	 6	 3	 41.402458	 0.051136
3	 1	 6	 4	 42.446458	 0.067271
3	 1	 6	 5	 40.550258	 0.085434
3	 1	 6	 6	 43.777658	 0.087696
3	 1	 7	 1	 43.659158	 0.122635
3	 1	 7	 2	 42.534558	 0.085349
3	 1	 7	 3	 45.208758	 0.111262
3	 1	 7	 4	 44.093158	 0.122981
3	 1	 7	 5	 43.879358	 0.161231
3	 1	 7	 6	 43.157858	 0.176222
3	 2	 1	 1	 44.914608	 0.068317
3	 2	 1	 2	 47.686008	 0.023882
3	 2	 1	 3	 45.798408	 0.018825
3	 2	 1	 4	 45.025608	 0.019885
3	 2	 1	 5	 45.287708	 0.019504
3	 2	 1	 6	 46.802308	 0.020603
3	 2	 2	 1	 45.924508	 0.018593
3	 2	 2	 2	 47.599608	 0.018940
3	 2	 2	 3	 44.435908	 0.017658
3	 2	 2	 4	 45.764208	 0.019261
3	 2	 2	 5	 45.204008	 0.018861
3	 2	 2	 6	 46.150108	 0.019611
3	 2	 3	 1	 44.437908	 0.020998
3	 2	 3	 2	 45.731008	 0.021943
3	 2	 3	 3	 43.959608	 0.021336
3	 2	 3	 4	 45.690808	 0.022235
3	 2	 3	 5	 45.196808	 0.022184
3	 2	 3	 6	 45.308808	 0.025228
3	 2	 4	 1	 42.540308	 0.023445
3	 2	 4	 2	 44.615008	 0.025797
3	 2	 4	 3	 42.005508	 0.027141
3	 2	 4	 4	 44.942108	 0.027870
3	 2	 4	 5	 41.332908	 0.028400
3	 2	 4	 6	 42.982308	 0.044750
3	 2	 5	 1	 43.918808	 0.033330
3	 2	 5	 2	 45.835908	 0.038069
3	 2	 5	 3	 40.739108	 0.036420
3	 2	 5	 4	 44.869908	 0.036951
3	 2	 5	 5	 42.642408	 0.038728
3	 2	 5	 6	 44.010508	 0.047135
3	 2	 6	 1	 43.142108	 0.057869
3	 2	 6	 2	 43.666808	 0.051937
3	 2	 6	 3	 43.831608	 0.060501
3	 2	 6	 4	 43.413808	 0.752093
3	 2	 6	 5	 43.735808	 0.019735
3	 2	 6	 6	 44.431308	 0.091867
3	 2	 7	 1	 44.466008	 0.103410
3	 2	 7	 2	 46.094308	 0.164161
3	 2	 7	 3	 44.256108	 0.199742
3	 2	 7	 4	 46.343308	 0.155239
3	 2	 7	 5	 44.539708	 0.261522
3	 2	 7	 6	 46.084308	 0.243205
3	 3	 1	 1	 46.780770	 2.420030
3	 3	 1	 2	 41.530770	 0.094106
3	 3	 1	 3	 40.361770	 0.048930
3	 3	 1	 4	 41.324070	 0.036665
3	 3	 1	 5	 42.039170	 0.015853
3	 3	 1	 6	 43.846970	 0.030400
3	 3	 2	 1	 45.406870	 0.028143
3	 3	 2	 2	 44.645170	 0.034534
3	 3	 2	 3	 44.770470	 0.029409
3	 3	 2	 4	 45.152170	 0.024944
3	 3	 2	 5	 46.836470	 0.030254
3	 3	 2	 6	 46.502770	 0.032913
3	 3	 3	 1	 45.775470	 0.038121
3	 3	 3	 2	 44.483370	 0.038312
3	 3	 3	 3	 44.346170	 0.036704
3	 3	 3	 4	 46.348070	 0.043054
3	 3	 3	 5	 46.428870	 0.042401
3	 3	 3	 6	 46.062670	 0.041728
3	 3	 4	 1	 45.327570	 0.038921
3	 3	 4	 2	 46.805470	 0.046401
3	 3	 4	 3	 47.437770	 0.044331
3	 3	 4	 4	 45.564870	 0.071735
3	 3	 4	 5	 42.327370	 0.055354
3	 3	 4	 6	 41.631470	 0.064235
3	 3	 5	 1	 41.219870	 0.063282
3	 3	 5	 2	 42.426070	 0.066939
3	 3	 5	 3	 43.074470	 0.068461
3	 3	 5	 4	 44.608970	 0.098605
3	 3	 5	 5	 45.335570	 0.120991
3	 3	 5	 6	 46.518570	 0.113597
3	 3	 6	 1	 43.989370	 0.113426
3	 3	 6	 2	 42.577370	 0.134270
3	 3	 6	 3	 39.569570	 0.359420
3	 3	 6	 4	 41.970070	 0.084506
3	 3	 6	 5	 42.798570	 0.120021
3	 3	 6	 6	 42.389370	 0.404038
3	 3	 7	 1	 41.549470	 0.433051
3	 3	 7	 2	 42.090970	 0.512733
3	 3	 7	 3	 39.408470	 0.693647
3	 3	 7	 4	 40.293570	 1.415060
3	 3	 7	 5	 40.163170	 1.746690
3	 3	 7	 6	 43.385970	 18.623600
3	 4	 1	 1	 53.303656	 5.662000
3	 4	 1	 2	 41.759856	 0.137028
3	 4	 1	 3	 42.638656	 0.051981
3	 4	 1	 4	 42.739956	 0.038008
3	 4	 1	 5	 42.874356	 0.032020
3	 4	 1	 6	 43.029656	 0.030056
3	 4	 2	 1	 41.721956	 0.028098
3	 4	 2	 2	 42.421556	 0.027021
3	 4	 2	 3	 43.664556	 0.029684
3	 4	 2	 4	 45.140156	 0.033033
3	 4	 2	 5	 45.084256	 0.033310
3	 4	 2	 6	 45.416156	 0.034354
3	 4	 3	 1	 42.694856	 0.033271
3	 4	 3	 2	 45.494756	 0.042952
3	 4	 3	 3	 45.449256	 0.040541
3	 4	 3	 4	 42.591356	 0.039088
3	 4	 3	 5	 43.024556	 0.045562
3	 4	 3	 6	 42.905556	 0.042488
3	 4	 4	 1	 49.224556	 0.050191
3	 4	 4	 2	 47.674056	 0.051752
3	 4	 4	 3	 47.465356	 0.053794
3	 4	 4	 4	 44.454056	 0.078959
3	 4	 4	 5	 48.204156	 0.055884
3	 4	 4	 6	 48.576356	 0.058509
3	 4	 5	 1	 44.825656	 0.077337
3	 4	 5	 2	 44.805356	 0.092681
3	 4	 5	 3	 45.001056	 0.117903
3	 4	 5	 4	 43.558056	 0.098387
3	 4	 5	 5	 48.133956	 0.165727
3	 4	 5	 6	 44.758956	 0.275834
3	 4	 6	 1	 48.893056	 0.113423
3	 4	 6	 2	 55.850256	 0.234493
3	 4	 6	 3	 50.246256	 0.195384
3	 4	 6	 4	 51.113656	 3.640000
3	 4	 6	 5	 46.534856	 0.470036
3	 4	 6	 6	 55.063456	 1.725010
3	 4	 7	 1	 45.927656	 0.544026
3	 4	 7	 2	 47.111856	 0.670948
3	 4	 7	 3	 39.881556	 0.987559
3	 4	 7	 4	 40.809956	 1.363280
3	 4	 7	 5	 41.543056	 1.866040
3	 4	 7	 6	 46.310656	 2.295420
3	 5	 1	 1	 51.974281	 7.210680
3	 5	 1	 2	 74.909981	 1.073440
3	 5	 1	 3	 72.126181	 0.033158
3	 5	 1	 4	 71.027181	 0.031451
3	 5	 1	 5	 72.220381	 0.039983
3	 5	 1	 6	 72.908781	 0.027802
3	 5	 2	 1	 70.968781	 0.016100
3	 5	 2	 2	 70.868181	 0.013210
3	 5	 2	 3	 74.684781	 0.397265
3	 5	 2	 4	 72.153581	 0.015577
3	 5	 2	 5	 72.074281	 0.024229
3	 5	 2	 6	 72.766981	 0.030409
3	 5	 3	 1	 73.093681	 0.032694
3	 5	 3	 2	 72.022581	 0.035953
3	 5	 3	 3	 71.793981	 0.039707
3	 5	 3	 4	 71.632981	 0.044188
3	 5	 3	 5	 73.493981	 0.051299
3	 5	 3	 6	 74.046481	 0.060803
3	 5	 4	 1	 72.216981	 0.060278
3	 5	 4	 2	 73.727681	 0.071752
3	 5	 4	 3	 73.030381	 0.075912
3	 5	 4	 4	 71.300281	 0.084847
3	 5	 4	 5	 73.469781	 0.097682
3	 5	 4	 6	 73.496781	 0.117641
3	 5	 5	 1	 63.891581	 0.126529
3	 5	 5	 2	 56.982781	 0.130261
3	 5	 5	 3	 63.132781	 0.153306
3	 5	 5	 4	 57.480981	 0.246662
3	 5	 5	 5	 54.732881	 0.127715
3	 5	 5	 6	 59.961781	 0.280597
3	 5	 6	 1	 64.320981	 0.418876
3	 5	 6	 2	 64.133981	 0.519751
3	 5	 6	 3	 57.299681	 0.290654
3	 5	 6	 4	 54.615081	 0.266287
3	 5	 6	 5	 53.834781	 0.375893
3	 5	 6	 6	 56.757281	 0.958898
3	 5	 7	 1	 46.635881	 1.783270
3	 5	 7	 2	 57.360081	 0.316749
3	 5	 7	 3	 50.593881	 1.733850
3	 5	 7	 4	 49.559281	 2.537120
3	 5	 7	 5	 61.551181	 12.885000
3	 5	 7	 6	 61.551181	 12.885000
3	 6	 1	 1	 67.463174	 1.489290
3	 6	 1	 2	 70.843574	 0.147504
3	 6	 1	 3	 71.074974	 0.091759
3	 6	 1	 4	 68.356174	 0.090348
3	 6	 1	 5	 71.519574	 0.057863
3	 6	 1	 6	 71.833674	 0.053363
3	 6	 2	 1	 70.938974	 0.037508
3	 6	 2	 2	 70.260074	 0.034511
3	 6	 2	 3	 70.010174	 0.031441
3	 6	 2	 4	 71.188474	 0.031158
3	 6	 2	 5	 72.049774	 0.035227
3	 6	 2	 6	 70.895474	 0.036060
3	 6	 3	 1	 62.957874	 0.132880
3	 6	 3	 2	 70.670574	 0.039634
3	 6	 3	 3	 69.775674	 0.043465
3	 6	 3	 4	 69.786774	 0.050577
3	 6	 3	 5	 70.086074	 0.053583
3	 6	 3	 6	 70.131274	 0.063186
3	 6	 4	 1	 70.955374	 0.072258
3	 6	 4	 2	 70.516374	 0.075034
3	 6	 4	 3	 73.262474	 0.163580
3	 6	 4	 4	 70.497674	 0.095695
3	 6	 4	 5	 74.324374	 0.025015
3	 6	 4	 6	 71.822874	 0.102357
3	 6	 5	 1	 61.517474	 0.149538
3	 6	 5	 2	 54.585374	 0.077574
3	 6	 5	 3	 55.331374	 0.074723
3	 6	 5	 4	 57.121474	 0.175832
3	 6	 5	 5	 60.738074	 0.218473
3	 6	 5	 6	 55.603074	 0.108319
3	 6	 6	 1	 49.576874	 0.401522
3	 6	 6	 2	 49.661874	 0.538859
3	 6	 6	 3	 51.118374	 0.589510
3	 6	 6	 4	 49.599774	 0.695749
3	 6	 6	 5	 50.583774	 0.968472
3	 6	 6	 6	 49.928674	 1.251850
3	 6	 7	 1	 47.681674	 1.271970
3	 6	 7	 2	 44.772074	 1.321450
3	 6	 7	 3	 51.787974	 1.980430
3	 6	 7	 4	 54.482774	 1.638570
3	 6	 7	 5	 63.028274	 2.188620
3	 6	 7	 6	 61.494974	 10.619000
4	 1	 1	 1	 8.580280	 0.038349
4	 1	 1	 2	 9.369840	 0.019535
4	 1	 1	 3	 9.179760	 0.016713
4	 1	 1	 4	 7.875690	 0.016157
4	 1	 1	 5	 8.801480	 0.017730
4	 1	 1	 6	 8.203810	 0.017821
4	 1	 2	 1	 8.272510	 0.016182
4	 1	 2	 2	 8.637100	 0.017036
4	 1	 2	 3	 8.830050	 0.015824
4	 1	 2	 4	 7.696650	 0.015303
4	 1	 2	 5	 8.252580	 0.016562
4	 1	 2	 6	 9.768590	 0.017104
4	 1	 3	 1	 7.713100	 0.016289
4	 1	 3	 2	 8.947710	 0.019223
4	 1	 3	 3	 8.677630	 0.017657
4	 1	 3	 4	 8.307070	 0.019321
4	 1	 3	 5	 9.593150	 0.019778
4	 1	 3	 6	 9.158150	 0.020231
4	 1	 4	 1	 9.616410	 0.023782
4	 1	 4	 2	 10.302890	 0.025223
4	 1	 4	 3	 8.459240	 0.023571
4	 1	 4	 4	 9.390010	 0.026677
4	 1	 4	 5	 8.707640	 0.026582
4	 1	 4	 6	 10.476510	 0.030718
4	 1	 5	 1	 9.347130	 0.028049
4	 1	 5	 2	 9.668090	 0.035673
4	 1	 5	 3	 9.829990	 0.035150
4	 1	 5	 4	 9.792140	 0.035096
4	 1	 5	 5	 8.606290	 0.038061
4	 1	 5	 6	 9.486560	 0.043280
4	 1	 6	 1	 8.489120	 0.042446
4	 1	 6	 2	 9.597160	 0.048054
4	 1	 6	 3	 8.446570	 0.045877
4	 1	 6	 4	 9.644450	 0.056753
4	 1	 6	 5	 8.953800	 0.068145
4	 1	 6	 6	 9.332140	 0.095196
4	 1	 7	 1	 8.257200	 0.096403
4	 1	 7	 2	 8.442400	 0.103486
4	 1	 7	 3	 9.293160	 0.143487
4	 1	 7	 4	 9.531690	 0.147717
4	 1	 7	 5	 9.105590	 0.135373
4	 1	 7	 6	 9.221080	 0.238131
4	 2	 1	 1	 34.230019	 0.055125
4	 2	 1	 2	 35.839419	 0.024537
4	 2	 1	 3	 34.160819	 0.023520
4	 2	 1	 4	 33.867919	 0.017508
4	 2	 1	 5	 34.414319	 0.017531
4	 2	 1	 6	 34.880519	 0.016833
4	 2	 2	 1	 34.345419	 0.026237
4	 2	 2	 2	 48.962719	 0.021775
4	 2	 2	 3	 33.515519	 0.013511
4	 2	 2	 4	 34.674419	 0.018383
4	 2	 2	 5	 33.925319	 0.017995
4	 2	 2	 6	 35.097619	 0.019672
4	 2	 3	 1	 34.567919	 0.019654
4	 2	 3	 2	 34.281419	 0.019605
4	 2	 3	 3	 32.443219	 0.022009
4	 2	 3	 4	 32.720819	 0.023291
4	 2	 3	 5	 35.524719	 0.022967
4	 2	 3	 6	 33.756119	 0.022351
4	 2	 4	 1	 35.076119	 0.025231
4	 2	 4	 2	 34.445919	 0.026455
4	 2	 4	 3	 34.105019	 0.023184
4	 2	 4	 4	 34.481019	 0.028059
4	 2	 4	 5	 34.626819	 0.031700
4	 2	 4	 6	 35.001119	 0.033485
4	 2	 5	 1	 35.211519	 0.032116
4	 2	 5	 2	 36.383719	 0.037295
4	 2	 5	 3	 36.030519	 0.040340
4	 2	 5	 4	 32.953019	 0.039473
4	 2	 5	 5	 32.946019	 0.045230
4	 2	 5	 6	 33.855019	 0.041575
4	 2	 6	 1	 33.701319	 0.056125
4	 2	 6	 2	 32.769419	 0.069368
4	 2	 6	 3	 33.364819	 0.058416
4	 2	 6	 4	 32.260019	 0.080263
4	 2	 6	 5	 32.767019	 0.087137
4	 2	 6	 6	 32.292419	 0.115461
4	 2	 7	 1	 32.180419	 0.095080
4	 2	 7	 2	 33.220519	 0.123501
4	 2	 7	 3	 30.131419	 0.103276
4	 2	 7	 4	 51.615419	 0.182859
4	 2	 7	 5	 32.315219	 0.155404
4	 2	 7	 6	 31.562119	 0.167025
4	 3	 1	 1	 17.203206	 2.016820
4	 3	 1	 2	 15.461406	 0.076953
4	 3	 1	 3	 15.330006	 0.038579
4	 3	 1	 4	 16.154206	 0.033759
4	 3	 1	 5	 15.703306	 0.039058
4	 3	 1	 6	 15.599006	 0.033707
4	 3	 2	 1	 12.370006	 0.029328
4	 3	 2	 2	 11.763206	 0.025850
4	 3	 2	 3	 13.414406	 0.035256
4	 3	 2	 4	 12.867106	 0.029512
4	 3	 2	 5	 14.925006	 0.030604
4	 3	 2	 6	 14.451006	 0.034116
4	 3	 3	 1	 12.534106	 0.031420
4	 3	 3	 2	 13.247106	 0.031023
4	 3	 3	 3	 12.623006	 0.007588
4	 3	 3	 4	 13.024406	 0.035532
4	 3	 3	 5	 13.566206	 0.037782
4	 3	 3	 6	 13.442506	 0.040649
4	 3	 4	 1	 13.901506	 0.039379
4	 3	 4	 2	 14.378406	 0.043261
4	 3	 4	 3	 14.532406	 0.047128
4	 3	 4	 4	 13.638506	 0.047953
4	 3	 4	 5	 14.736706	 0.054995
4	 3	 4	 6	 14.161006	 0.051119
4	 3	 5	 1	 13.481006	 0.051869
4	 3	 5	 2	 12.500306	 0.052877
4	 3	 5	 3	 13.148506	 0.071267
4	 3	 5	 4	 12.623306	 0.100590
4	 3	 5	 5	 13.979206	 0.093587
4	 3	 5	 6	 13.807406	 0.184808
4	 3	 6	 1	 16.744606	 0.046742
4	 3	 6	 2	 14.197306	 0.184177
4	 3	 6	 3	 13.535806	 0.169107
4	 3	 6	 4	 12.978706	 0.301173
4	 3	 6	 5	 14.242606	 0.185635
4	 3	 6	 6	 12.627606	 0.039586
4	 3	 7	 1	 14.646006	 0.241189
4	 3	 7	 2	 12.600306	 0.351662
4	 3	 7	 3	 10.585636	 0.698024
4	 3	 7	 4	 17.809506	 0.580228
4	 3	 7	 5	 8.150306	 1.837770
4	 3	 7	 6	 15.562306	 1.859180
4	 4	 1	 1	 15.374837	 5.969970
4	 4	 1	 2	 15.378837	 0.181820
4	 4	 1	 3	 15.800937	 0.054319
4	 4	 1	 4	 14.629737	 0.043296
4	 4	 1	 5	 16.362737	 0.035712
4	 4	 1	 6	 15.809737	 0.032700
4	 4	 2	 1	 15.593337	 0.029515
4	 4	 2	 2	 15.110537	 0.029191
4	 4	 2	 3	 14.894437	 0.028561
4	 4	 2	 4	 14.544537	 0.032235
4	 4	 2	 5	 14.622537	 0.030785
4	 4	 2	 6	 15.094837	 0.032244
4	 4	 3	 1	 15.402637	 0.034155
4	 4	 3	 2	 14.454237	 0.037416
4	 4	 3	 3	 14.434037	 0.039044
4	 4	 3	 4	 14.520437	 0.038499
4	 4	 3	 5	 14.354137	 0.041124
4	 4	 3	 6	 14.597237	 0.042302
4	 4	 4	 1	 14.672037	 0.051988
4	 4	 4	 2	 14.361137	 0.054196
4	 4	 4	 3	 14.105437	 0.048084
4	 4	 4	 4	 13.660837	 0.051665
4	 4	 4	 5	 14.966037	 0.057991
4	 4	 4	 6	 13.916337	 0.048183
4	 4	 5	 1	 15.206537	 0.069931
4	 4	 5	 2	 16.390437	 0.355773
4	 4	 5	 3	 13.978337	 0.080506
4	 4	 5	 4	 14.993637	 0.079632
4	 4	 5	 5	 14.747237	 0.166685
4	 4	 5	 6	 13.470237	 0.210516
4	 4	 6	 1	 13.886637	 0.273437
4	 4	 6	 2	 17.803037	 0.166126
4	 4	 6	 3	 14.456737	 0.232682
4	 4	 6	 4	 15.787437	 0.214010
4	 4	 6	 5	 12.528037	 0.464972
4	 4	 6	 6	 12.423237	 0.485188
4	 4	 7	 1	 12.018637	 0.669568
4	 4	 7	 2	 12.278037	 0.831715
4	 4	 7	 3	 10.203677	 1.094060
4	 4	 7	 4	 18.603737	 3.539000
4	 4	 7	 5	 9.446117	 1.744610
4	 4	 7	 6	 8.202427	 4.105340
4	 5	 1	 1	 54.247940	 2.477000
4	 5	 1	 2	 50.224440	 0.181315
4	 5	 1	 3	 51.080440	 0.064645
4	 5	 1	 4	 50.046740	 0.049128
4	 5	 1	 5	 52.465040	 0.010727
4	 5	 1	 6	 51.196140	 0.085670
4	 5	 2	 1	 51.621940	 0.023119
4	 5	 2	 2	 52.393940	 0.020826
4	 5	 2	 3	 51.408040	 0.009891
4	 5	 2	 4	 52.659640	 0.013711
4	 5	 2	 5	 54.450540	 0.027097
4	 5	 2	 6	 54.097540	 0.027293
4	 5	 3	 1	 55.301440	 0.033428
4	 5	 3	 2	 53.867840	 0.035024
4	 5	 3	 3	 54.558840	 0.040137
4	 5	 3	 4	 54.116740	 0.044730
4	 5	 3	 5	 54.621840	 0.049304
4	 5	 3	 6	 55.489740	 0.059940
4	 5	 4	 1	 55.415440	 0.058358
4	 5	 4	 2	 55.388740	 0.061538
4	 5	 4	 3	 53.588440	 0.070849
4	 5	 4	 4	 54.673240	 0.241652
4	 5	 4	 5	 52.770540	 0.096717
4	 5	 4	 6	 53.757140	 0.098165
4	 5	 5	 1	 52.569040	 0.110143
4	 5	 5	 2	 50.960440	 0.117821
4	 5	 5	 3	 49.087340	 0.148894
4	 5	 5	 4	 49.115340	 0.117262
4	 5	 5	 5	 42.201840	 0.344351
4	 5	 5	 6	 47.889640	 0.169101
4	 5	 6	 1	 33.626340	 2.021220
4	 5	 6	 2	 54.126840	 0.509110
4	 5	 6	 3	 44.308840	 0.633388
4	 5	 6	 4	 52.410940	 1.141880
4	 5	 6	 5	 55.314940	 8.957000
4	 5	 6	 6	 54.156340	 1.454030
4	 5	 7	 1	 38.565740	 0.966351
4	 5	 7	 2	 64.676840	 1.039480
4	 5	 7	 3	 37.992040	 0.587365
4	 5	 7	 4	 43.166140	 1.792610
4	 5	 7	 5	 54.643940	 10.186000
4	 5	 7	 6	 54.643940	 10.186000
4	 6	 1	 1	 30.926343	 1.928830
4	 6	 1	 2	 44.281243	 0.129365
4	 6	 1	 3	 43.783043	 0.020590
4	 6	 1	 4	 44.894343	 0.013812
4	 6	 1	 5	 43.765243	 0.012093
4	 6	 1	 6	 44.977043	 0.015193
4	 6	 2	 1	 46.199043	 0.030218
4	 6	 2	 2	 45.741243	 0.027965
4	 6	 2	 3	 46.175743	 0.028416
4	 6	 2	 4	 50.970043	 0.011003
4	 6	 2	 5	 48.090643	 0.029210
4	 6	 2	 6	 47.880443	 0.033886
4	 6	 3	 1	 51.395243	 0.035698
4	 6	 3	 2	 51.072843	 0.036656
4	 6	 3	 3	 51.370143	 0.023995
4	 6	 3	 4	 46.040143	 0.042656
4	 6	 3	 5	 46.174143	 0.048968
4	 6	 3	 6	 45.221543	 0.054739
4	 6	 4	 1	 47.487143	 0.064618
4	 6	 4	 2	 46.804743	 0.069898
4	 6	 4	 3	 46.985643	 0.084016
4	 6	 4	 4	 47.793643	 1.414210
4	 6	 4	 5	 49.755943	 0.016821
4	 6	 4	 6	 53.837243	 0.465687
4	 6	 5	 1	 48.002943	 0.135259
4	 6	 5	 2	 46.593543	 0.136484
4	 6	 5	 3	 49.581043	 0.257945
4	 6	 5	 4	 49.729943	 0.210779
4	 6	 5	 5	 48.820643	 0.232266
4	 6	 5	 6	 50.626243	 0.230227
4	 6	 6	 1	 32.668543	 5.245230
4	 6	 6	 2	 37.180943	 0.795254
4	 6	 6	 3	 37.303343	 0.616966
4	 6	 6	 4	 44.467343	 0.890432
4	 6	 6	 5	 53.350043	 7.619000
4	 6	 6	 6	 41.838843	 0.910470
4	 6	 7	 1	 46.370043	 9.627000
4	 6	 7	 2	 38.780843	 1.347730
4	 6	 7	 3	 41.287043	 1.357660
4	 6	 7	 4	 50.557043	 7.357000
4	 6	 7	 5	 58.865843	 2.141150
4	 6	 7	 6	 56.734743	 0.724527
5	 1	 1	 1	 43.022035	 0.047207
5	 1	 1	 2	 32.709135	 0.022585
5	 1	 1	 3	 31.273435	 0.020261
5	 1	 1	 4	 25.954835	 0.018046
5	 1	 1	 5	 25.286935	 0.016969
5	 1	 1	 6	 26.146135	 0.018017
5	 1	 2	 1	 29.785035	 0.016078
5	 1	 2	 2	 27.658735	 0.004159
5	 1	 2	 3	 28.284935	 0.014477
5	 1	 2	 4	 29.028435	 0.016665
5	 1	 2	 5	 28.321335	 0.024389
5	 1	 2	 6	 26.821935	 0.005548
5	 1	 3	 1	 29.009035	 0.017536
5	 1	 3	 2	 28.733935	 0.018562
5	 1	 3	 3	 29.233135	 0.018626
5	 1	 3	 4	 27.904335	 0.018930
5	 1	 3	 5	 28.398635	 0.018406
5	 1	 3	 6	 28.602935	 0.022631
5	 1	 4	 1	 28.605035	 0.021336
5	 1	 4	 2	 29.724835	 0.023241
5	 1	 4	 3	 28.420835	 0.022188
5	 1	 4	 4	 28.972835	 0.023936
5	 1	 4	 5	 30.315635	 0.025598
5	 1	 4	 6	 29.353235	 0.026956
5	 1	 5	 1	 30.241135	 0.027146
5	 1	 5	 2	 30.526535	 0.031971
5	 1	 5	 3	 29.904435	 0.034534
5	 1	 5	 4	 28.483235	 0.039245
5	 1	 5	 5	 30.831235	 0.034206
5	 1	 5	 6	 33.489735	 0.045171
5	 1	 6	 1	 29.546235	 0.048181
5	 1	 6	 2	 29.317735	 0.048734
5	 1	 6	 3	 30.091835	 0.051399
5	 1	 6	 4	 29.421435	 0.077764
5	 1	 6	 5	 28.557735	 0.079438
5	 1	 6	 6	 29.989935	 0.095271
5	 1	 7	 1	 29.712235	 0.106169
5	 1	 7	 2	 29.502935	 0.120479
5	 1	 7	 3	 29.753635	 0.132971
5	 1	 7	 4	 31.740235	 0.135324
5	 1	 7	 5	 31.763135	 0.059412
5	 1	 7	 6	 32.948535	 0.230490
5	 2	 1	 1	 5.094879	 0.066404
5	 2	 1	 2	 5.427889	 0.022922
5	 2	 1	 3	 3.423352	 0.018931
5	 2	 1	 4	 4.617179	 0.021719
5	 2	 1	 5	 5.423149	 0.019757
5	 2	 1	 6	 4.507439	 0.017845
5	 2	 2	 1	 3.378001	 0.016756
5	 2	 2	 2	 4.889919	 0.017385
5	 2	 2	 3	 4.238289	 0.016708
5	 2	 2	 4	 3.761909	 0.017041
5	 2	 2	 5	 3.921524	 0.016327
5	 2	 2	 6	 3.514554	 0.017799
5	 2	 3	 1	 3.137074	 0.018274
5	 2	 3	 2	 3.929311	 0.020273
5	 2	 3	 3	 2.592084	 0.017915
5	 2	 3	 4	 4.122499	 0.022035
5	 2	 3	 5	 4.148069	 0.020076
5	 2	 3	 6	 3.425324	 0.020894
5	 2	 4	 1	 4.828089	 0.024296
5	 2	 4	 2	 4.425769	 0.024715
5	 2	 4	 3	 4.234349	 0.025241
5	 2	 4	 4	 4.418679	 0.024778
5	 2	 4	 5	 3.503817	 0.027901
5	 2	 4	 6	 5.004049	 0.028471
5	 2	 5	 1	 3.538267	 0.032755
5	 2	 5	 2	 3.720640	 0.032853
5	 2	 5	 3	 2.410493	 0.031133
5	 2	 5	 4	 3.347555	 0.033988
5	 2	 5	 5	 3.450429	 0.040513
5	 2	 5	 6	 3.752919	 0.041164
5	 2	 6	 1	 4.242179	 0.050038
5	 2	 6	 2	 3.922448	 0.055153
5	 2	 6	 3	 2.320496	 0.064355
5	 2	 6	 4	 4.869749	 0.068701
5	 2	 6	 5	 4.308979	 0.068450
5	 2	 6	 6	 4.063808	 0.106078
5	 2	 7	 1	 3.117432	 0.158942
5	 2	 7	 2	 3.596361	 0.235224
5	 2	 7	 3	 3.235434	 0.129498
5	 2	 7	 4	 3.867913	 0.171391
5	 2	 7	 5	 3.106097	 0.127713
5	 2	 7	 6	 4.748229	 0.228274
5	 3	 1	 1	 9.519819	 4.254900
5	 3	 1	 2	 11.715449	 0.109522
5	 3	 1	 3	 10.104099	 0.035381
5	 3	 1	 4	 11.290849	 0.029319
5	 3	 1	 5	 11.320049	 0.027811
5	 3	 1	 6	 11.150959	 0.023795
5	 3	 2	 1	 10.667159	 0.024683
5	 3	 2	 2	 11.110059	 0.023415
5	 3	 2	 3	 11.135609	 0.024468
5	 3	 2	 4	 10.099789	 0.022674
5	 3	 2	 5	 10.714159	 0.026256
5	 3	 2	 6	 10.322469	 0.028655
5	 3	 3	 1	 11.352449	 0.026657
5	 3	 3	 2	 10.339649	 0.029069
5	 3	 3	 3	 9.697869	 0.029169
5	 3	 3	 4	 10.733009	 0.031100
5	 3	 3	 5	 10.933619	 0.031500
5	 3	 3	 6	 11.261059	 0.035145
5	 3	 4	 1	 13.824649	 0.037779
5	 3	 4	 2	 13.286349	 0.041515
5	 3	 4	 3	 13.100749	 0.039774
5	 3	 4	 4	 12.985449	 0.042684
5	 3	 4	 5	 9.711859	 0.038660
5	 3	 4	 6	 10.470899	 0.051052
5	 3	 5	 1	 10.283929	 0.055740
5	 3	 5	 2	 10.489539	 0.056985
5	 3	 5	 3	 10.669699	 0.065482
5	 3	 5	 4	 10.300779	 0.079667
5	 3	 5	 5	 10.438759	 0.076596
5	 3	 5	 6	 10.697559	 0.092572
5	 3	 6	 1	 12.497049	 0.109916
5	 3	 6	 2	 11.892749	 0.125652
5	 3	 6	 3	 9.592649	 0.171597
5	 3	 6	 4	 11.369349	 0.220428
5	 3	 6	 5	 10.268559	 0.127837
5	 3	 6	 6	 10.843189	 0.144791
5	 3	 7	 1	 9.267449	 0.171780
5	 3	 7	 2	 11.712149	 0.455167
5	 3	 7	 3	 9.295899	 0.688711
5	 3	 7	 4	 11.963549	 0.288429
5	 3	 7	 5	 13.200949	 1.111480
5	 3	 7	 6	 8.703969	 3.777730
5	 4	 1	 1	 15.817063	 4.590380
5	 4	 1	 2	 14.765663	 0.428280
5	 4	 1	 3	 10.787893	 0.050407
5	 4	 1	 4	 11.633163	 0.034539
5	 4	 1	 5	 12.260963	 0.032662
5	 4	 1	 6	 11.212833	 0.026378
5	 4	 2	 1	 11.445963	 0.027654
5	 4	 2	 2	 11.039483	 0.025229
5	 4	 2	 3	 10.845043	 0.026043
5	 4	 2	 4	 10.414953	 0.025885
5	 4	 2	 5	 11.687463	 0.028191
5	 4	 2	 6	 12.634763	 2.125850
5	 4	 3	 1	 11.455363	 0.031081
5	 4	 3	 2	 12.025363	 0.032930
5	 4	 3	 3	 11.131583	 0.035962
5	 4	 3	 4	 11.021253	 0.035075
5	 4	 3	 5	 11.037863	 0.038374
5	 4	 3	 6	 11.451163	 0.043358
5	 4	 4	 1	 12.749963	 0.049715
5	 4	 4	 2	 11.830763	 0.048307
5	 4	 4	 3	 11.030633	 0.050522
5	 4	 4	 4	 11.390143	 0.044946
5	 4	 4	 5	 12.773863	 0.051190
5	 4	 4	 6	 11.714163	 0.058800
5	 4	 5	 1	 11.862963	 0.057336
5	 4	 5	 2	 12.862063	 0.084945
5	 4	 5	 3	 10.549403	 0.082710
5	 4	 5	 4	 12.275163	 0.091093
5	 4	 5	 5	 14.786663	 0.328400
5	 4	 5	 6	 13.372063	 0.130779
5	 4	 6	 1	 13.736863	 0.367969
5	 4	 6	 2	 13.302363	 0.150596
5	 4	 6	 3	 10.624393	 0.202584
5	 4	 6	 4	 10.709323	 0.281460
5	 4	 6	 5	 10.253963	 0.128540
5	 4	 6	 6	 7.925923	 0.493827
5	 4	 7	 1	 10.738933	 2.146940
5	 4	 7	 2	 18.098963	 4.407000
5	 4	 7	 3	 11.050453	 0.910163
5	 4	 7	 4	 5.732253	 1.356980
5	 4	 7	 5	 18.098963	 4.407000
5	 4	 7	 6	 18.098963	 4.407000
5	 5	 1	 1	 34.857667	 3.359150
5	 5	 1	 2	 45.560867	 23.172000
5	 5	 1	 3	 50.972067	 0.050625
5	 5	 1	 4	 51.000967	 0.045183
5	 5	 1	 5	 50.220967	 0.035349
5	 5	 1	 6	 49.957467	 0.032934
5	 5	 2	 1	 53.550867	 0.014233
5	 5	 2	 2	 53.580467	 0.011176
5	 5	 2	 3	 54.693967	 0.009650
5	 5	 2	 4	 51.057067	 0.027284
5	 5	 2	 5	 51.971367	 0.029603
5	 5	 2	 6	 52.941767	 0.032365
5	 5	 3	 1	 51.899767	 0.034933
5	 5	 3	 2	 51.662067	 0.035655
5	 5	 3	 3	 52.351667	 0.041428
5	 5	 3	 4	 49.823467	 0.040901
5	 5	 3	 5	 53.808567	 0.048712
5	 5	 3	 6	 51.750067	 0.058222
5	 5	 4	 1	 50.321767	 0.059242
5	 5	 4	 2	 50.788867	 0.062409
5	 5	 4	 3	 50.773367	 0.070578
5	 5	 4	 4	 48.584467	 0.068545
5	 5	 4	 5	 50.412667	 0.088016
5	 5	 4	 6	 48.955367	 0.088589
5	 5	 5	 1	 48.539067	 0.112701
5	 5	 5	 2	 51.707667	 0.202752
5	 5	 5	 3	 47.508767	 0.149840
5	 5	 5	 4	 49.046467	 0.170121
5	 5	 5	 5	 49.429067	 0.242077
5	 5	 5	 6	 50.317367	 0.482212
5	 5	 6	 1	 38.263167	 0.465497
5	 5	 6	 2	 47.338567	 0.346050
5	 5	 6	 3	 49.344367	 5.697000
5	 5	 6	 4	 47.014867	 0.449941
5	 5	 6	 5	 51.251367	 15.424000
5	 5	 6	 6	 51.251367	 15.424000
5	 5	 7	 1	 39.351567	 0.892900
5	 5	 7	 2	 51.251367	 15.424000
5	 5	 7	 3	 46.973967	 0.881924
5	 5	 7	 4	 51.781067	 12.138100
5	 5	 7	 5	 42.870867	 3.377560
5	 5	 7	 6	 57.097067	 11.686400
5	 6	 1	 1	 40.746240	 0.417408
5	 6	 1	 2	 43.726540	 0.094424
5	 6	 1	 3	 44.421440	 0.062554
5	 6	 1	 4	 43.816940	 0.054656
5	 6	 1	 5	 45.171240	 0.044206
5	 6	 1	 6	 43.335540	 0.037146
5	 6	 2	 1	 48.765440	 0.031030
5	 6	 2	 2	 46.501140	 0.025148
5	 6	 2	 3	 46.398540	 0.018562
5	 6	 2	 4	 48.447940	 0.024725
5	 6	 2	 5	 48.851840	 0.029467
5	 6	 2	 6	 49.076640	 0.029231
5	 6	 3	 1	 47.914440	 0.030198
5	 6	 3	 2	 48.502940	 0.036026
5	 6	 3	 3	 47.352240	 0.010124
5	 6	 3	 4	 46.475540	 0.075406
5	 6	 3	 5	 46.761540	 0.048646
5	 6	 3	 6	 46.523940	 0.051851
5	 6	 4	 1	 45.532940	 0.077243
5	 6	 4	 2	 46.334340	 0.066982
5	 6	 4	 3	 46.195840	 0.015199
5	 6	 4	 4	 55.135740	 3.394540
5	 6	 4	 5	 50.472140	 0.080715
5	 6	 4	 6	 48.815840	 0.112174
5	 6	 5	 1	 46.384940	 0.149887
5	 6	 5	 2	 46.031940	 0.128262
5	 6	 5	 3	 47.676440	 0.143778
5	 6	 5	 4	 49.227040	 0.186837
5	 6	 5	 5	 50.881340	 0.260926
5	 6	 5	 6	 49.265040	 0.283286
5	 6	 6	 1	 47.118140	 0.244639
5	 6	 6	 2	 46.813440	 0.144855
5	 6	 6	 3	 49.002140	 0.123673
5	 6	 6	 4	 47.269140	 0.647374
5	 6	 6	 5	 47.850840	 6.187000
5	 6	 6	 6	 35.267140	 0.910148
5	 6	 7	 1	 47.960340	 1.801600
5	 6	 7	 2	 51.594840	 8.904000
5	 6	 7	 3	 37.211040	 1.052270
5	 6	 7	 4	 41.168140	 1.688950
5	 6	 7	 5	 50.114040	 1.536170
5	 6	 7	 6	 79.012940	 176.966000
6	 1	 1	 1	 7.001954	 0.034791
6	 1	 1	 2	 7.257594	 0.019298
6	 1	 1	 3	 5.834834	 0.015945
6	 1	 1	 4	 10.536774	 0.019634
6	 1	 1	 5	 11.493534	 0.019790
6	 1	 1	 6	 12.154744	 0.019815
6	 1	 2	 1	 9.752644	 0.018294
6	 1	 2	 2	 9.586884	 0.017413
6	 1	 2	 3	 9.848994	 0.017245
6	 1	 2	 4	 9.871224	 0.017927
6	 1	 2	 5	 10.428274	 0.015437
6	 1	 2	 6	 9.832194	 0.020391
6	 1	 3	 1	 9.334684	 0.018037
6	 1	 3	 2	 9.583834	 0.018996
6	 1	 3	 3	 9.036284	 0.022516
6	 1	 3	 4	 8.025484	 0.021581
6	 1	 3	 5	 9.472834	 0.020765
6	 1	 3	 6	 7.968584	 0.021217
6	 1	 4	 1	 11.022484	 0.025257
6	 1	 4	 2	 10.630064	 0.025423
6	 1	 4	 3	 10.695044	 0.023024
6	 1	 4	 4	 11.867524	 0.032124
6	 1	 4	 5	 10.834074	 0.025889
6	 1	 4	 6	 12.051824	 0.030729
6	 1	 5	 1	 6.466374	 0.028715
6	 1	 5	 2	 8.644474	 0.030018
6	 1	 5	 3	 5.422164	 0.028739
6	 1	 5	 4	 10.828284	 0.041320
6	 1	 5	 5	 10.793264	 0.040583
6	 1	 5	 6	 11.376694	 0.043048
6	 1	 6	 1	 8.137304	 0.053854
6	 1	 6	 2	 8.448524	 0.058718
6	 1	 6	 3	 7.617054	 0.059449
6	 1	 6	 4	 6.204134	 0.062354
6	 1	 6	 5	 6.018644	 0.081195
6	 1	 6	 6	 7.010634	 0.092542
6	 1	 7	 1	 8.262464	 0.108113
6	 1	 7	 2	 10.596914	 0.141363
6	 1	 7	 3	 8.439264	 0.120706
6	 1	 7	 4	 9.390704	 0.130825
6	 1	 7	 5	 8.979854	 0.095615
6	 1	 7	 6	 9.618904	 0.047324
6	 2	 1	 1	 12.424983	 0.079804
6	 2	 1	 2	 11.278803	 0.026848
6	 2	 1	 3	 8.766563	 0.019732
6	 2	 1	 4	 10.365543	 0.019143
6	 2	 1	 5	 8.791173	 0.021253
6	 2	 1	 6	 8.297393	 0.019153
6	 2	 2	 1	 7.606473	 0.018587
6	 2	 2	 2	 8.069673	 0.018177
6	 2	 2	 3	 6.508923	 0.018581
6	 2	 2	 4	 7.931573	 0.017492
6	 2	 2	 5	 9.082603	 0.019081
6	 2	 2	 6	 9.274913	 0.020081
6	 2	 3	 1	 7.838793	 0.019018
6	 2	 3	 2	 8.824223	 0.021618
6	 2	 3	 3	 7.350053	 0.020809
6	 2	 3	 4	 7.864543	 0.021671
6	 2	 3	 5	 7.480963	 0.022965
6	 2	 3	 6	 6.403553	 0.023995
6	 2	 4	 1	 9.508243	 0.023737
6	 2	 4	 2	 9.091583	 0.033436
6	 2	 4	 3	 9.560283	 0.034136
6	 2	 4	 4	 6.897743	 0.025464
6	 2	 4	 5	 6.670493	 0.027850
6	 2	 4	 6	 7.132503	 0.030708
6	 2	 5	 1	 7.606523	 0.031176
6	 2	 5	 2	 11.990373	 0.037662
6	 2	 5	 3	 9.927893	 0.039949
6	 2	 5	 4	 5.634253	 0.074995
6	 2	 5	 5	 7.684563	 0.042344
6	 2	 5	 6	 7.772323	 0.051302
6	 2	 6	 1	 5.674853	 0.045962
6	 2	 6	 2	 5.994193	 0.062503
6	 2	 6	 3	 6.169203	 0.051247
6	 2	 6	 4	 10.915333	 0.090012
6	 2	 6	 5	 10.472623	 0.102377
6	 2	 6	 6	 10.760673	 0.115892
6	 2	 7	 1	 9.551933	 0.098149
6	 2	 7	 2	 10.698923	 0.143137
6	 2	 7	 3	 8.743923	 0.192677
6	 2	 7	 4	 3.296143	 0.147430
6	 2	 7	 5	 5.918913	 0.179757
6	 2	 7	 6	 4.988433	 0.222671
6	 3	 1	 1	 -27.731031	 2.345780
6	 3	 1	 2	 -27.657331	 0.082366
6	 3	 1	 3	 -29.346531	 1.421300
6	 3	 1	 4	 -28.724531	 0.033538
6	 3	 1	 5	 -29.090031	 0.030564
6	 3	 1	 6	 -29.412331	 0.017684
6	 3	 2	 1	 -28.100331	 0.024512
6	 3	 2	 2	 -27.892731	 0.025581
6	 3	 2	 3	 -30.130431	 0.036365
6	 3	 2	 4	 -29.660031	 0.027271
6	 3	 2	 5	 -28.133231	 0.028299
6	 3	 2	 6	 -29.497531	 0.027810
6	 3	 3	 1	 -29.244131	 0.014068
6	 3	 3	 2	 -28.665031	 0.030488
6	 3	 3	 3	 -30.161131	 0.031119
6	 3	 3	 4	 -29.890231	 0.031369
6	 3	 3	 5	 -28.227431	 0.033271
6	 3	 3	 6	 -27.758531	 0.037764
6	 3	 4	 1	 -29.391631	 0.034042
6	 3	 4	 2	 -28.621931	 0.037851
6	 3	 4	 3	 -29.334031	 0.042669
6	 3	 4	 4	 -29.285631	 0.042085
6	 3	 4	 5	 -28.302831	 0.046865
6	 3	 4	 6	 -28.041131	 0.051965
6	 3	 5	 1	 -28.257131	 0.053014
6	 3	 5	 2	 -26.735231	 0.060807
6	 3	 5	 3	 -26.281831	 0.080628
6	 3	 5	 4	 -29.132731	 0.078875
6	 3	 5	 5	 -27.406031	 0.091227
6	 3	 5	 6	 -26.388431	 0.082762
6	 3	 6	 1	 -26.832731	 0.105007
6	 3	 6	 2	 -26.263431	 0.127494
6	 3	 6	 3	 -27.301831	 0.158763
6	 3	 6	 4	 -28.817131	 0.151601
6	 3	 6	 5	 -27.367831	 0.233418
6	 3	 6	 6	 -26.587331	 0.174288
6	 3	 7	 1	 -26.310931	 1.869000
6	 3	 7	 2	 -27.212231	 9.906900
6	 3	 7	 3	 -30.559131	 0.749895
6	 3	 7	 4	 -30.070831	 0.892460
6	 3	 7	 5	 -30.803831	 1.479960
6	 3	 7	 6	 -37.557331	 2.732220
6	 4	 1	 1	 -16.207602	 1.202000
6	 4	 1	 2	 -28.072902	 0.147039
6	 4	 1	 3	 -28.557402	 0.055938
6	 4	 1	 4	 -28.047602	 0.031462
6	 4	 1	 5	 -27.820602	 0.030099
6	 4	 1	 6	 -27.358302	 0.022260
6	 4	 2	 1	 -28.134502	 0.026540
6	 4	 2	 2	 -28.433302	 0.026488
6	 4	 2	 3	 -28.627002	 0.025467
6	 4	 2	 4	 -28.729302	 0.034846
6	 4	 2	 5	 -29.047902	 0.027870
6	 4	 2	 6	 -28.958202	 0.029965
6	 4	 3	 1	 -27.161802	 0.029933
6	 4	 3	 2	 -29.081402	 0.031263
6	 4	 3	 3	 -29.213702	 0.033697
6	 4	 3	 4	 -28.519602	 0.036599
6	 4	 3	 5	 -27.885502	 0.039379
6	 4	 3	 6	 -27.484402	 0.036805
6	 4	 4	 1	 -28.464302	 0.043317
6	 4	 4	 2	 -28.381202	 0.047085
6	 4	 4	 3	 -28.061502	 0.056759
6	 4	 4	 4	 -28.207602	 0.076477
6	 4	 4	 5	 -27.509402	 0.063203
6	 4	 4	 6	 -28.186102	 0.066026
6	 4	 5	 1	 -27.399102	 0.065763
6	 4	 5	 2	 -27.702802	 0.063933
6	 4	 5	 3	 -28.104302	 0.077140
6	 4	 5	 4	 -27.774002	 0.092803
6	 4	 5	 5	 -28.385302	 0.100714
6	 4	 5	 6	 -28.536702	 0.090337
6	 4	 6	 1	 -27.897902	 0.129292
6	 4	 6	 2	 -29.267202	 0.062829
6	 4	 6	 3	 -28.206602	 0.080026
6	 4	 6	 4	 -29.223202	 0.385480
6	 4	 6	 5	 -30.644902	 0.391772
6	 4	 6	 6	 -30.946002	 0.422999
6	 4	 7	 1	 -28.949402	 0.106700
6	 4	 7	 2	 -32.024002	 0.653589
6	 4	 7	 3	 -34.249702	 0.810159
6	 4	 7	 4	 -33.195802	 1.583650
6	 4	 7	 5	 -34.573002	 1.784530
6	 4	 7	 6	 -35.280402	 2.707830
6	 5	 1	 1	 10.359824	 2.964480
6	 5	 1	 2	 23.017824	 0.211970
6	 5	 1	 3	 21.111824	 0.099897
6	 5	 1	 4	 24.686624	 0.058529
6	 5	 1	 5	 26.523524	 0.046662
6	 5	 1	 6	 25.711624	 0.036977
6	 5	 2	 1	 22.353824	 0.013248
6	 5	 2	 2	 25.341824	 0.060359
6	 5	 2	 3	 21.274624	 0.011507
6	 5	 2	 4	 27.450424	 0.035060
6	 5	 2	 5	 27.263824	 0.013088
6	 5	 2	 6	 24.964824	 0.032647
6	 5	 3	 1	 24.159024	 0.033142
6	 5	 3	 2	 23.109724	 0.037002
6	 5	 3	 3	 22.741524	 0.042181
6	 5	 3	 4	 22.931324	 0.045811
6	 5	 3	 5	 24.615724	 0.054399
6	 5	 3	 6	 25.534824	 0.062693
6	 5	 4	 1	 27.131424	 0.067746
6	 5	 4	 2	 29.562424	 0.061982
6	 5	 4	 3	 28.826524	 0.074099
6	 5	 4	 4	 23.710124	 0.082702
6	 5	 4	 5	 22.695624	 0.093083
6	 5	 4	 6	 25.904824	 0.117948
6	 5	 5	 1	 23.498924	 0.104557
6	 5	 5	 2	 25.096824	 0.107201
6	 5	 5	 3	 21.844224	 0.190753
6	 5	 5	 4	 20.192524	 0.427252
6	 5	 5	 5	 22.985824	 0.502583
6	 5	 5	 6	 23.157124	 0.320080
6	 5	 6	 1	 18.623024	 0.371811
6	 5	 6	 2	 13.867724	 0.470465
6	 5	 6	 3	 10.437324	 0.575848
6	 5	 6	 4	 22.986324	 4.279000
6	 5	 6	 5	 19.270224	 1.250090
6	 5	 6	 6	 19.595424	 0.217657
6	 5	 7	 1	 22.191324	 6.854000
6	 5	 7	 2	 16.548824	 0.802511
6	 5	 7	 3	 22.191324	 6.854000
6	 5	 7	 4	 14.393724	 1.783080
6	 5	 7	 5	 13.124324	 2.687400
6	 5	 7	 6	 30.151724	 5.761190
6	 6	 1	 1	 12.874373	 1.264610
6	 6	 1	 2	 23.346473	 1.191000
6	 6	 1	 3	 16.811573	 0.127236
6	 6	 1	 4	 18.618173	 0.068081
6	 6	 1	 5	 18.302873	 0.052622
6	 6	 1	 6	 18.615173	 0.042894
6	 6	 2	 1	 17.808973	 0.033758
6	 6	 2	 2	 17.195173	 0.034200
6	 6	 2	 3	 16.523373	 0.029898
6	 6	 2	 4	 17.575573	 2.602030
6	 6	 2	 5	 15.642073	 0.027898
6	 6	 2	 6	 16.193573	 0.031292
6	 6	 3	 1	 19.761873	 0.048344
6	 6	 3	 2	 18.467673	 0.050385
6	 6	 3	 3	 18.508573	 0.049772
6	 6	 3	 4	 12.541673	 0.070487
6	 6	 3	 5	 16.995073	 0.056437
6	 6	 3	 6	 17.004273	 0.061063
6	 6	 4	 1	 18.195073	 0.078784
6	 6	 4	 2	 17.288273	 0.079782
6	 6	 4	 3	 18.792073	 0.085134
6	 6	 4	 4	 18.229373	 2.171060
6	 6	 4	 5	 19.443373	 0.110031
6	 6	 4	 6	 18.140573	 0.128821
6	 6	 5	 1	 21.190073	 0.128411
6	 6	 5	 2	 21.183373	 0.134130
6	 6	 5	 3	 22.731073	 0.174956
6	 6	 5	 4	 19.887373	 0.211571
6	 6	 5	 5	 23.558773	 0.197305
6	 6	 5	 6	 9.092873	 0.477421
6	 6	 6	 1	 19.824073	 0.145203
6	 6	 6	 2	 5.228943	 0.468026
6	 6	 6	 3	 5.819203	 0.517495
6	 6	 6	 4	 7.535713	 0.623637
6	 6	 6	 5	 11.694773	 0.105891
6	 6	 6	 6	 21.504073	 0.600396
6	 6	 7	 1	 17.608873	 3.289930
6	 6	 7	 2	 10.146573	 0.876249
6	 6	 7	 3	 28.414473	 22.491300
6	 6	 7	 4	 20.772473	 3.904000
6	 6	 7	 5	 26.465573	 2.298580
6	 6	 7	 6	 40.451573	 16.587400
