#& Sector Superlayer Slot Cable T0Correction T0Error
1	 1	 1	 1	 4.240921	 2.973491
1	 1	 1	 2	 0.103227	 1.971013
1	 1	 1	 3	 3.318084	 0.011387
1	 1	 1	 4	 -0.946002	 1.760282
1	 1	 1	 5	 0.818653	 0.996321
1	 1	 1	 6	 1.364963	 1.504991
1	 1	 2	 1	 1.537827	 1.956078
1	 1	 2	 2	 1.128511	 1.018468
1	 1	 2	 3	 2.672765	 1.469120
1	 1	 2	 4	 3.435872	 2.019754
1	 1	 2	 5	 4.900420	 1.744008
1	 1	 2	 6	 1.804019	 1.672498
1	 1	 3	 1	 0.700403	 1.135294
1	 1	 3	 2	 2.679084	 1.694933
1	 1	 3	 3	 0.774302	 1.863155
1	 1	 3	 4	 1.824309	 1.752239
1	 1	 3	 5	 3.496626	 1.556196
1	 1	 3	 6	 -0.513861	 2.984593
1	 1	 4	 1	 2.712263	 1.756938
1	 1	 4	 2	 3.181572	 1.807333
1	 1	 4	 3	 2.035041	 0.035467
1	 1	 4	 4	 1.695078	 1.120866
1	 1	 4	 5	 5.189163	 2.058966
1	 1	 4	 6	 2.426449	 2.325526
1	 1	 5	 1	 -2.025551	 2.008992
1	 1	 5	 2	 1.602023	 2.289400
1	 1	 5	 3	 2.806640	 2.234692
1	 1	 5	 4	 2.207614	 2.269501
1	 1	 5	 5	 -3.289434	 3.371793
1	 1	 5	 6	 4.712590	 2.652948
1	 1	 6	 1	 2.303580	 2.555573
1	 1	 6	 2	 6.152101	 0.030817
1	 1	 6	 3	 4.920612	 3.308596
1	 1	 6	 4	 3.702739	 7.332824
1	 1	 6	 5	 1.067185	 4.800524
1	 1	 6	 6	 5.952701	 0.100727
1	 1	 7	 1	 -49.942262	 45.848376
1	 1	 7	 2	 -7.434432	 14.118957
1	 1	 7	 3	 -39.291658	 59.653496
1	 1	 7	 4	 7.131121	 0.043473
1	 1	 7	 5	 3.621436	 0.131229
1	 1	 7	 6	 4.760441	 0.220162
1	 2	 1	 1	 -25.623772	 8.589884
1	 2	 1	 2	 -18.925485	 3.030910
1	 2	 1	 3	 -20.240180	 3.325583
1	 2	 1	 4	 -22.243381	 2.554189
1	 2	 1	 5	 -18.832986	 2.331741
1	 2	 1	 6	 -19.322253	 1.746250
1	 2	 2	 1	 -22.795016	 2.700838
1	 2	 2	 2	 -19.191576	 1.892742
1	 2	 2	 3	 -22.122003	 2.273705
1	 2	 2	 4	 -20.365995	 0.016433
1	 2	 2	 5	 -22.920976	 2.898260
1	 2	 2	 6	 -19.620297	 2.893228
1	 2	 3	 1	 -24.404178	 3.357545
1	 2	 3	 2	 -21.970814	 2.757058
1	 2	 3	 3	 -20.923807	 2.038705
1	 2	 3	 4	 -21.716714	 1.842283
1	 2	 3	 5	 -21.099496	 3.875510
1	 2	 3	 6	 -24.749249	 2.790144
1	 2	 4	 1	 -20.853504	 2.151856
1	 2	 4	 2	 -22.734485	 2.138469
1	 2	 4	 3	 -22.125107	 2.732219
1	 2	 4	 4	 -26.851220	 3.440729
1	 2	 4	 5	 -27.691668	 5.455602
1	 2	 4	 6	 -21.021298	 3.071357
1	 2	 5	 1	 -31.215663	 4.143783
1	 2	 5	 2	 -20.382510	 2.337382
1	 2	 5	 3	 -21.938525	 2.669242
1	 2	 5	 4	 -19.872095	 0.036730
1	 2	 5	 5	 -23.180627	 3.727661
1	 2	 5	 6	 -19.333495	 0.045449
1	 2	 6	 1	 -20.055428	 5.886013
1	 2	 6	 2	 -23.228242	 4.730809
1	 2	 6	 3	 -19.982896	 4.882175
1	 2	 6	 4	 -25.803051	 7.300512
1	 2	 6	 5	 -29.792738	 10.611692
1	 2	 6	 6	 -29.856607	 9.937428
1	 2	 7	 1	 -26.775428	 21.448294
1	 2	 7	 2	 -19.746815	 7.353076
1	 2	 7	 3	 -19.866295	 0.142191
1	 2	 7	 4	 -21.053695	 0.135391
1	 2	 7	 5	 -19.596495	 0.176544
1	 2	 7	 6	 -21.894895	 0.152579
1	 3	 1	 1	 -14.624729	 3.818290
1	 3	 1	 2	 -15.757133	 3.677212
1	 3	 1	 3	 -17.040871	 2.919314
1	 3	 1	 4	 -16.611436	 2.252621
1	 3	 1	 5	 -15.633029	 0.027174
1	 3	 1	 6	 -14.677178	 1.602476
1	 3	 2	 1	 -14.780187	 1.724849
1	 3	 2	 2	 -17.433626	 1.794117
1	 3	 2	 3	 -16.771179	 2.255009
1	 3	 2	 4	 -19.601293	 3.890360
1	 3	 2	 5	 -18.752516	 1.757998
1	 3	 2	 6	 -19.179826	 1.765433
1	 3	 3	 1	 -19.142698	 2.171854
1	 3	 3	 2	 -19.962213	 1.855150
1	 3	 3	 3	 -27.448569	 2.611421
1	 3	 3	 4	 -18.316365	 2.082123
1	 3	 3	 5	 -18.115698	 1.888213
1	 3	 3	 6	 -25.394236	 4.462604
1	 3	 4	 1	 -23.674307	 2.216019
1	 3	 4	 2	 -14.847229	 0.040526
1	 3	 4	 3	 -24.427042	 4.700043
1	 3	 4	 4	 -19.378070	 2.031057
1	 3	 4	 5	 -17.553423	 2.814970
1	 3	 4	 6	 -14.520329	 0.052187
1	 3	 5	 1	 -14.192751	 2.340177
1	 3	 5	 2	 -13.682298	 2.188355
1	 3	 5	 3	 -28.689175	 9.377655
1	 3	 5	 4	 -13.901051	 2.417047
1	 3	 5	 5	 -45.350729	 26.434039
1	 3	 5	 6	 -22.677590	 8.555921
1	 3	 6	 1	 -17.216548	 4.825848
1	 3	 6	 2	 -22.905332	 11.807627
1	 3	 6	 3	 -15.101858	 4.085770
1	 3	 6	 4	 -14.786194	 4.880198
1	 3	 6	 5	 -20.117112	 22.231068
1	 3	 6	 6	 -53.929882	 65.792676
1	 3	 7	 1	 -14.652429	 0.053604
1	 3	 7	 2	 -14.392829	 0.317304
1	 3	 7	 3	 -18.870629	 0.710913
1	 3	 7	 4	 -20.076729	 0.994972
1	 3	 7	 5	 -18.665629	 1.749730
1	 3	 7	 6	 -21.644329	 3.606850
1	 4	 1	 1	 -24.508478	 14.528700
1	 4	 1	 2	 -18.753941	 4.484337
1	 4	 1	 3	 -16.165378	 0.051202
1	 4	 1	 4	 -20.018476	 3.490049
1	 4	 1	 5	 -15.559483	 1.825151
1	 4	 1	 6	 -16.070878	 0.028198
1	 4	 2	 1	 -17.359378	 0.025591
1	 4	 2	 2	 -24.433230	 3.305678
1	 4	 2	 3	 -16.832578	 0.026461
1	 4	 2	 4	 -19.832018	 2.187477
1	 4	 2	 5	 -17.589685	 3.119708
1	 4	 2	 6	 -20.858851	 3.401514
1	 4	 3	 1	 -16.415778	 0.031482
1	 4	 3	 2	 -21.151735	 4.245060
1	 4	 3	 3	 -23.012185	 2.265829
1	 4	 3	 4	 -16.965878	 0.036175
1	 4	 3	 5	 -23.389049	 2.284176
1	 4	 3	 6	 -16.137494	 2.479442
1	 4	 4	 1	 -16.859178	 0.039475
1	 4	 4	 2	 -21.842656	 3.092907
1	 4	 4	 3	 -17.148078	 0.046094
1	 4	 4	 4	 -29.333272	 3.825306
1	 4	 4	 5	 -28.404927	 5.803797
1	 4	 4	 6	 -21.962091	 3.819419
1	 4	 5	 1	 -21.698850	 3.218327
1	 4	 5	 2	 -28.205085	 7.247565
1	 4	 5	 3	 -24.963976	 4.495538
1	 4	 5	 4	 -19.287643	 4.156808
1	 4	 5	 5	 -24.012094	 3.307257
1	 4	 5	 6	 -21.459415	 6.752175
1	 4	 6	 1	 -22.620970	 7.421480
1	 4	 6	 2	 -51.298467	 26.476901
1	 4	 6	 3	 -21.522138	 8.714725
1	 4	 6	 4	 -14.268316	 5.125513
1	 4	 6	 5	 -26.009416	 8.086302
1	 4	 6	 6	 -18.694978	 0.125591
1	 4	 7	 1	 -16.224278	 0.180590
1	 4	 7	 2	 -18.377878	 0.683434
1	 4	 7	 3	 -19.977078	 0.902941
1	 4	 7	 4	 -23.488478	 1.971960
1	 4	 7	 5	 -9.099078	 99.887500
1	 4	 7	 6	 -21.256178	 2.748620
1	 5	 1	 1	 5.476377	 5.943560
1	 5	 1	 2	 26.527391	 8.346263
1	 5	 1	 3	 28.870113	 10.528667
1	 5	 1	 4	 23.194785	 6.386510
1	 5	 1	 5	 27.541990	 7.557073
1	 5	 1	 6	 13.847449	 9.711637
1	 5	 2	 1	 20.938256	 12.482710
1	 5	 2	 2	 24.102085	 8.835974
1	 5	 2	 3	 12.292150	 15.237841
1	 5	 2	 4	 21.231740	 9.055595
1	 5	 2	 5	 12.404635	 10.851435
1	 5	 2	 6	 11.699886	 8.478665
1	 5	 3	 1	 22.252322	 8.311066
1	 5	 3	 2	 27.015851	 7.671793
1	 5	 3	 3	 14.482251	 10.205072
1	 5	 3	 4	 17.399688	 9.139188
1	 5	 3	 5	 28.812217	 0.046823
1	 5	 3	 6	 31.212886	 6.646614
1	 5	 4	 1	 14.906737	 7.958413
1	 5	 4	 2	 26.792476	 10.235577
1	 5	 4	 3	 6.616787	 11.699272
1	 5	 4	 4	 19.028129	 9.691503
1	 5	 4	 5	 23.194241	 8.678259
1	 5	 4	 6	 31.828054	 10.004222
1	 5	 5	 1	 22.598071	 5.998924
1	 5	 5	 2	 26.957112	 9.293250
1	 5	 5	 3	 21.266699	 8.237520
1	 5	 5	 4	 22.993870	 11.433899
1	 5	 5	 5	 31.886968	 9.706862
1	 5	 5	 6	 31.238382	 14.491324
1	 5	 6	 1	 16.862024	 12.680543
1	 5	 6	 2	 31.193715	 12.364673
1	 5	 6	 3	 23.600817	 19.635852
1	 5	 6	 4	 32.777776	 25.083827
1	 5	 6	 5	 20.598417	 0.743962
1	 5	 6	 6	 20.684517	 2.615300
1	 5	 7	 1	 3.606594	 24.986418
1	 5	 7	 2	 20.850317	 1.433250
1	 5	 7	 3	 17.187617	 1.953950
1	 5	 7	 4	 393.558846	 1127.334070
1	 5	 7	 5	 40.019017	 0.866746
1	 5	 7	 6	 43.552717	 13.204500
1	 6	 1	 1	 23.979067	 10.638792
1	 6	 1	 2	 18.316058	 6.489056
1	 6	 1	 3	 18.651900	 7.593581
1	 6	 1	 4	 16.016876	 8.213752
1	 6	 1	 5	 22.049341	 5.207467
1	 6	 1	 6	 18.715381	 5.406903
1	 6	 2	 1	 17.096694	 5.741317
1	 6	 2	 2	 12.573871	 6.432479
1	 6	 2	 3	 7.045208	 6.385523
1	 6	 2	 4	 16.258091	 8.026625
1	 6	 2	 5	 13.315128	 8.224871
1	 6	 2	 6	 13.313377	 8.013028
1	 6	 3	 1	 18.787860	 5.777641
1	 6	 3	 2	 14.010221	 6.788366
1	 6	 3	 3	 15.452529	 5.838989
1	 6	 3	 4	 18.194094	 6.498571
1	 6	 3	 5	 22.120713	 0.047699
1	 6	 3	 6	 4.797488	 9.043472
1	 6	 4	 1	 12.963133	 6.507420
1	 6	 4	 2	 19.751833	 6.736191
1	 6	 4	 3	 18.802322	 6.685896
1	 6	 4	 4	 15.906462	 7.215038
1	 6	 4	 5	 16.883021	 7.711977
1	 6	 4	 6	 10.445466	 6.737801
1	 6	 5	 1	 14.449992	 12.231350
1	 6	 5	 2	 23.686903	 10.244066
1	 6	 5	 3	 19.856885	 11.627749
1	 6	 5	 4	 15.945613	 7.916125
1	 6	 5	 5	 16.353499	 13.052608
1	 6	 5	 6	 4.735499	 10.632039
1	 6	 6	 1	 23.643024	 9.511232
1	 6	 6	 2	 17.059413	 0.424999
1	 6	 6	 3	 16.014156	 13.535689
1	 6	 6	 4	 18.402813	 0.566717
1	 6	 6	 5	 14.834679	 14.280069
1	 6	 6	 6	 18.331596	 21.743656
1	 6	 7	 1	 23.815331	 44.936940
1	 6	 7	 2	 44.742046	 22.474174
1	 6	 7	 3	 37.622720	 30.325333
1	 6	 7	 4	 -4.508688	 70.974939
1	 6	 7	 5	 26.744413	 3.214290
1	 6	 7	 6	 27.323713	 5.225000
2	 1	 1	 1	 12.922724	 5.584194
2	 1	 1	 2	 14.700883	 4.300347
2	 1	 1	 3	 3.272972	 5.589947
2	 1	 1	 4	 6.753385	 4.408926
2	 1	 1	 5	 13.525846	 3.207553
2	 1	 1	 6	 12.989956	 3.374982
2	 1	 2	 1	 13.030134	 3.126778
2	 1	 2	 2	 12.866861	 2.021936
2	 1	 2	 3	 11.960485	 2.711372
2	 1	 2	 4	 12.196544	 3.585138
2	 1	 2	 5	 13.059169	 3.449259
2	 1	 2	 6	 12.852028	 3.904045
2	 1	 3	 1	 12.161280	 3.730469
2	 1	 3	 2	 12.740792	 4.584692
2	 1	 3	 3	 8.877998	 4.268946
2	 1	 3	 4	 10.000944	 2.970107
2	 1	 3	 5	 12.557456	 3.008565
2	 1	 3	 6	 11.714797	 5.037767
2	 1	 4	 1	 12.759668	 3.524039
2	 1	 4	 2	 11.686281	 6.778576
2	 1	 4	 3	 13.436481	 3.498628
2	 1	 4	 4	 14.329003	 3.345078
2	 1	 4	 5	 11.894897	 3.255895
2	 1	 4	 6	 10.520945	 3.799640
2	 1	 5	 1	 15.530093	 4.728272
2	 1	 5	 2	 13.327687	 4.375374
2	 1	 5	 3	 13.317714	 3.419241
2	 1	 5	 4	 11.051398	 6.622893
2	 1	 5	 5	 16.036608	 8.066596
2	 1	 5	 6	 6.675773	 5.121494
2	 1	 6	 1	 14.227172	 5.824284
2	 1	 6	 2	 17.293052	 7.137882
2	 1	 6	 3	 13.903928	 8.581019
2	 1	 6	 4	 12.894778	 11.789501
2	 1	 6	 5	 10.639484	 15.105795
2	 1	 6	 6	 8.851789	 8.760024
2	 1	 7	 1	 3.783250	 19.033630
2	 1	 7	 2	 11.258997	 13.201927
2	 1	 7	 3	 14.820095	 0.166562
2	 1	 7	 4	 -199.842447	 455.686489
2	 1	 7	 5	 13.846595	 0.222250
2	 1	 7	 6	 17.606695	 0.193318
2	 2	 1	 1	 12.473390	 9.934240
2	 2	 1	 2	 13.380463	 9.894152
2	 2	 1	 3	 14.062039	 4.568477
2	 2	 1	 4	 10.405319	 6.333776
2	 2	 1	 5	 15.187756	 4.025394
2	 2	 1	 6	 12.970161	 4.699014
2	 2	 2	 1	 19.636723	 3.883851
2	 2	 2	 2	 16.964891	 3.431561
2	 2	 2	 3	 17.537798	 4.077830
2	 2	 2	 4	 15.317378	 3.710203
2	 2	 2	 5	 12.286865	 2.518962
2	 2	 2	 6	 14.309350	 3.886607
2	 2	 3	 1	 9.554408	 2.790461
2	 2	 3	 2	 12.779634	 3.230797
2	 2	 3	 3	 10.719983	 3.509375
2	 2	 3	 4	 11.017993	 2.915579
2	 2	 3	 5	 8.872770	 2.994656
2	 2	 3	 6	 10.877469	 4.786837
2	 2	 4	 1	 12.600035	 3.792734
2	 2	 4	 2	 10.382116	 4.309979
2	 2	 4	 3	 11.576403	 3.370381
2	 2	 4	 4	 12.231825	 5.314338
2	 2	 4	 5	 14.116879	 3.942608
2	 2	 4	 6	 15.025878	 4.179709
2	 2	 5	 1	 8.202009	 5.127702
2	 2	 5	 2	 4.471732	 4.179679
2	 2	 5	 3	 1.964088	 4.757845
2	 2	 5	 4	 -16.186056	 17.176745
2	 2	 5	 5	 9.220435	 6.584819
2	 2	 5	 6	 7.840441	 6.436460
2	 2	 6	 1	 13.815782	 5.338901
2	 2	 6	 2	 13.610099	 6.149083
2	 2	 6	 3	 6.690245	 12.812620
2	 2	 6	 4	 -30.028114	 18.599495
2	 2	 6	 5	 -17.756441	 11.136305
2	 2	 6	 6	 14.523462	 8.529056
2	 2	 7	 1	 11.127399	 9.402038
2	 2	 7	 2	 15.218707	 0.690234
2	 2	 7	 3	 17.922507	 0.313706
2	 2	 7	 4	 -2.402776	 15.624966
2	 2	 7	 5	 15.239144	 18.627028
2	 2	 7	 6	 15.756307	 0.249777
2	 3	 1	 1	 30.218297	 2.363320
2	 3	 1	 2	 24.120897	 0.082556
2	 3	 1	 3	 20.091092	 12.831949
2	 3	 1	 4	 12.482418	 8.377315
2	 3	 1	 5	 16.786154	 5.938372
2	 3	 1	 6	 9.787812	 5.863538
2	 3	 2	 1	 16.979467	 4.176010
2	 3	 2	 2	 15.689050	 4.505070
2	 3	 2	 3	 14.327538	 4.580396
2	 3	 2	 4	 11.149757	 9.455790
2	 3	 2	 5	 14.273443	 8.313357
2	 3	 2	 6	 13.917581	 8.785677
2	 3	 3	 1	 3.342122	 8.950258
2	 3	 3	 2	 12.785147	 6.279482
2	 3	 3	 3	 17.266628	 4.742653
2	 3	 3	 4	 5.391787	 6.590080
2	 3	 3	 5	 10.650706	 5.609762
2	 3	 3	 6	 14.850465	 6.613322
2	 3	 4	 1	 16.798147	 4.594399
2	 3	 4	 2	 15.867446	 4.887204
2	 3	 4	 3	 9.860562	 6.015060
2	 3	 4	 4	 11.587447	 5.304672
2	 3	 4	 5	 17.421028	 6.972913
2	 3	 4	 6	 15.528843	 5.941704
2	 3	 5	 1	 13.310132	 6.594211
2	 3	 5	 2	 14.903841	 6.636576
2	 3	 5	 3	 12.793143	 9.871091
2	 3	 5	 4	 16.479330	 7.920671
2	 3	 5	 5	 9.097411	 13.519452
2	 3	 5	 6	 17.318937	 8.993207
2	 3	 6	 1	 11.149169	 13.840095
2	 3	 6	 2	 21.373197	 0.123075
2	 3	 6	 3	 18.119897	 0.073256
2	 3	 6	 4	 -119.073933	 382.649460
2	 3	 6	 5	 19.556997	 0.230312
2	 3	 6	 6	 32.098798	 20.936181
2	 3	 7	 1	 -160.744241	 1080.961294
2	 3	 7	 2	 23.593929	 23.484943
2	 3	 7	 3	 16.330098	 16.974431
2	 3	 7	 4	 16.769697	 1.355320
2	 3	 7	 5	 20.772597	 9.533030
2	 3	 7	 6	 19.203397	 2.710580
2	 4	 1	 1	 34.405630	 6.497670
2	 4	 1	 2	 12.243844	 21.239044
2	 4	 1	 3	 15.451205	 8.193497
2	 4	 1	 4	 17.662502	 6.462201
2	 4	 1	 5	 17.555893	 7.579804
2	 4	 1	 6	 19.314730	 0.030044
2	 4	 2	 1	 19.470873	 6.082097
2	 4	 2	 2	 15.437365	 9.746161
2	 4	 2	 3	 17.983428	 6.978022
2	 4	 2	 4	 6.379997	 9.778218
2	 4	 2	 5	 14.835048	 8.746067
2	 4	 2	 6	 7.936569	 8.643834
2	 4	 3	 1	 2.095127	 12.772173
2	 4	 3	 2	 5.670866	 8.086070
2	 4	 3	 3	 5.062545	 6.787298
2	 4	 3	 4	 17.539805	 8.382830
2	 4	 3	 5	 10.562121	 8.564950
2	 4	 3	 6	 13.514057	 5.006468
2	 4	 4	 1	 13.333474	 5.667992
2	 4	 4	 2	 16.020920	 4.941769
2	 4	 4	 3	 5.374875	 7.374098
2	 4	 4	 4	 14.009682	 4.883692
2	 4	 4	 5	 19.935531	 8.848400
2	 4	 4	 6	 13.562409	 5.491533
2	 4	 5	 1	 9.029668	 5.353410
2	 4	 5	 2	 14.741726	 6.978183
2	 4	 5	 3	 14.975530	 1.042820
2	 4	 5	 4	 7.198479	 8.927912
2	 4	 5	 5	 13.230157	 23.530750
2	 4	 5	 6	 12.233794	 11.419947
2	 4	 6	 1	 8.924414	 9.840640
2	 4	 6	 2	 13.800084	 9.320085
2	 4	 6	 3	 -3.254992	 42.152214
2	 4	 6	 4	 10.111683	 26.915675
2	 4	 6	 5	 4.528112	 16.052710
2	 4	 6	 6	 8.316417	 14.621347
2	 4	 7	 1	 24.516130	 2.804000
2	 4	 7	 2	 16.023830	 0.767783
2	 4	 7	 3	 15.059830	 0.981205
2	 4	 7	 4	 14.268530	 1.266970
2	 4	 7	 5	 15.611230	 1.997930
2	 4	 7	 6	 26.438130	 21.482100
2	 5	 1	 1	 14.964325	 1.543640
2	 5	 1	 2	 19.892284	 7.964932
2	 5	 1	 3	 24.483101	 8.416767
2	 5	 1	 4	 21.840825	 6.749387
2	 5	 1	 5	 22.194295	 6.729051
2	 5	 1	 6	 22.554949	 6.956330
2	 5	 2	 1	 15.215065	 11.138272
2	 5	 2	 2	 21.286926	 7.333906
2	 5	 2	 3	 12.889794	 7.407510
2	 5	 2	 4	 22.834655	 5.756057
2	 5	 2	 5	 28.583470	 9.406097
2	 5	 2	 6	 20.199483	 10.370560
2	 5	 3	 1	 30.700354	 7.142016
2	 5	 3	 2	 20.810899	 9.233463
2	 5	 3	 3	 24.067953	 6.672045
2	 5	 3	 4	 30.795225	 0.043544
2	 5	 3	 5	 31.480825	 0.052403
2	 5	 3	 6	 32.600325	 0.058558
2	 5	 4	 1	 19.693481	 10.225902
2	 5	 4	 2	 24.858171	 8.622636
2	 5	 4	 3	 24.447728	 6.703524
2	 5	 4	 4	 23.681040	 6.197684
2	 5	 4	 5	 20.871737	 10.144273
2	 5	 4	 6	 19.244464	 10.818554
2	 5	 5	 1	 22.197426	 7.658992
2	 5	 5	 2	 20.026632	 12.069654
2	 5	 5	 3	 20.100852	 12.190895
2	 5	 5	 4	 28.928639	 11.854686
2	 5	 5	 5	 33.400447	 15.107759
2	 5	 5	 6	 16.714340	 9.794168
2	 5	 6	 1	 19.725409	 12.602821
2	 5	 6	 2	 27.175713	 16.595333
2	 5	 6	 3	 26.783737	 23.846356
2	 5	 6	 4	 -0.546474	 37.705876
2	 5	 6	 5	 18.470925	 0.965394
2	 5	 6	 6	 -8.190982	 47.648997
2	 5	 7	 1	 29.931882	 54.469984
2	 5	 7	 2	 14.640225	 1.639410
2	 5	 7	 3	 -126.477390	 250.559685
2	 5	 7	 4	 -31.872842	 11.141410
2	 5	 7	 5	 24.834625	 283.133000
2	 5	 7	 6	 30.748325	 4.388000
2	 6	 1	 1	 20.751055	 7.287378
2	 6	 1	 2	 15.879347	 6.753973
2	 6	 1	 3	 16.881916	 7.744230
2	 6	 1	 4	 19.243343	 8.077295
2	 6	 1	 5	 14.825839	 5.764287
2	 6	 1	 6	 22.441962	 9.095288
2	 6	 2	 1	 22.990144	 0.026153
2	 6	 2	 2	 25.716547	 13.393531
2	 6	 2	 3	 17.524984	 8.633629
2	 6	 2	 4	 19.019024	 9.589945
2	 6	 2	 5	 21.174047	 7.950699
2	 6	 2	 6	 28.919835	 7.239990
2	 6	 3	 1	 17.071799	 6.641521
2	 6	 3	 2	 19.483714	 9.554796
2	 6	 3	 3	 16.992426	 5.593358
2	 6	 3	 4	 12.882539	 8.211925
2	 6	 3	 5	 14.807877	 8.310171
2	 6	 3	 6	 27.458644	 0.056641
2	 6	 4	 1	 21.697361	 6.940789
2	 6	 4	 2	 11.294591	 8.458634
2	 6	 4	 3	 7.153821	 6.248390
2	 6	 4	 4	 13.861404	 8.504153
2	 6	 4	 5	 13.199556	 8.831631
2	 6	 4	 6	 13.887738	 8.859606
2	 6	 5	 1	 10.512305	 7.369470
2	 6	 5	 2	 13.522224	 7.536116
2	 6	 5	 3	 15.615127	 9.904703
2	 6	 5	 4	 19.385908	 9.033167
2	 6	 5	 5	 17.932442	 11.546728
2	 6	 5	 6	 10.181709	 8.434560
2	 6	 6	 1	 21.881058	 10.838993
2	 6	 6	 2	 11.298844	 0.453162
2	 6	 6	 3	 -0.350139	 31.688351
2	 6	 6	 4	 6.611016	 27.922260
2	 6	 6	 5	 16.986119	 14.486421
2	 6	 6	 6	 11.535763	 18.109463
2	 6	 7	 1	 8.925584	 1.393920
2	 6	 7	 2	 19.381611	 19.914763
2	 6	 7	 3	 -10.386692	 52.588037
2	 6	 7	 4	 20.273244	 1.712620
2	 6	 7	 5	 42.243944	 1.549530
2	 6	 7	 6	 25.314244	 4.021000
3	 1	 1	 1	 41.335827	 9.628935
3	 1	 1	 2	 42.382773	 8.199062
3	 1	 1	 3	 40.262044	 10.925744
3	 1	 1	 4	 39.588886	 7.463736
3	 1	 1	 5	 37.050278	 6.324304
3	 1	 1	 6	 41.871885	 5.908492
3	 1	 2	 1	 40.515912	 6.283984
3	 1	 2	 2	 43.900916	 9.530350
3	 1	 2	 3	 42.108211	 0.016384
3	 1	 2	 4	 41.068033	 9.132822
3	 1	 2	 5	 42.356106	 6.231774
3	 1	 2	 6	 38.534073	 8.420868
3	 1	 3	 1	 37.620851	 5.136349
3	 1	 3	 2	 39.649396	 5.744059
3	 1	 3	 3	 42.547153	 6.165876
3	 1	 3	 4	 41.684559	 6.730833
3	 1	 3	 5	 37.138160	 5.667866
3	 1	 3	 6	 39.169245	 6.650306
3	 1	 4	 1	 42.750742	 6.756294
3	 1	 4	 2	 42.445325	 7.604215
3	 1	 4	 3	 39.844411	 0.020725
3	 1	 4	 4	 40.407641	 10.186972
3	 1	 4	 5	 41.275818	 8.385775
3	 1	 4	 6	 35.916989	 14.995745
3	 1	 5	 1	 37.620184	 9.120499
3	 1	 5	 2	 40.624035	 13.653219
3	 1	 5	 3	 37.250350	 7.685804
3	 1	 5	 4	 42.394592	 13.397809
3	 1	 5	 5	 31.953010	 17.232369
3	 1	 5	 6	 45.169811	 0.636391
3	 1	 6	 1	 36.535089	 17.574673
3	 1	 6	 2	 42.539540	 13.074546
3	 1	 6	 3	 43.107293	 13.323195
3	 1	 6	 4	 38.864571	 20.241686
3	 1	 6	 5	 44.178607	 24.616329
3	 1	 6	 6	 44.315611	 0.087696
3	 1	 7	 1	 41.154236	 23.292742
3	 1	 7	 2	 37.630460	 40.754556
3	 1	 7	 3	 34.763411	 34.510928
3	 1	 7	 4	 44.631111	 0.122981
3	 1	 7	 5	 44.417311	 0.161231
3	 1	 7	 6	 43.695811	 0.176222
3	 2	 1	 1	 47.253794	 23.379726
3	 2	 1	 2	 45.227825	 12.296046
3	 2	 1	 3	 42.937810	 9.444096
3	 2	 1	 4	 42.258116	 8.495883
3	 2	 1	 5	 42.877355	 7.935123
3	 2	 1	 6	 45.108751	 7.233045
3	 2	 2	 1	 44.280603	 7.092507
3	 2	 2	 2	 41.533750	 10.676017
3	 2	 2	 3	 43.205987	 7.676621
3	 2	 2	 4	 41.272839	 9.067431
3	 2	 2	 5	 43.812741	 7.848699
3	 2	 2	 6	 43.545958	 6.234228
3	 2	 3	 1	 42.669568	 8.676324
3	 2	 3	 2	 40.877481	 7.595630
3	 2	 3	 3	 36.291876	 6.280450
3	 2	 3	 4	 42.040417	 9.384748
3	 2	 3	 5	 42.186972	 9.023368
3	 2	 3	 6	 44.456734	 0.025228
3	 2	 4	 1	 39.545376	 6.788174
3	 2	 4	 2	 38.996803	 7.438454
3	 2	 4	 3	 37.654803	 6.535475
3	 2	 4	 4	 36.181407	 7.565183
3	 2	 4	 5	 38.350282	 6.725699
3	 2	 4	 6	 41.331648	 7.328926
3	 2	 5	 1	 40.853726	 7.444434
3	 2	 5	 2	 41.030041	 13.442109
3	 2	 5	 3	 35.122537	 13.887987
3	 2	 5	 4	 33.568587	 14.880471
3	 2	 5	 5	 39.185450	 8.304160
3	 2	 5	 6	 38.777376	 11.487499
3	 2	 6	 1	 40.355926	 14.005905
3	 2	 6	 2	 39.050321	 13.776670
3	 2	 6	 3	 35.915527	 25.025633
3	 2	 6	 4	 29.064803	 22.637723
3	 2	 6	 5	 36.595619	 11.966644
3	 2	 6	 6	 35.351490	 31.408151
3	 2	 7	 1	 43.613934	 0.103410
3	 2	 7	 2	 44.683812	 34.271276
3	 2	 7	 3	 37.288505	 15.280371
3	 2	 7	 4	 -67.558460	 151.323262
3	 2	 7	 5	 43.687634	 0.261522
3	 2	 7	 6	 45.232234	 0.243205
3	 3	 1	 1	 45.785102	 2.420030
3	 3	 1	 2	 40.535102	 0.094106
3	 3	 1	 3	 39.366102	 0.048930
3	 3	 1	 4	 40.328402	 0.036665
3	 3	 1	 5	 38.136886	 11.603452
3	 3	 1	 6	 36.447377	 14.802950
3	 3	 2	 1	 30.480350	 27.850647
3	 3	 2	 2	 39.819389	 11.894872
3	 3	 2	 3	 40.878808	 10.418371
3	 3	 2	 4	 38.114866	 15.451177
3	 3	 2	 5	 38.272478	 26.897330
3	 3	 2	 6	 45.507102	 0.032913
3	 3	 3	 1	 38.145934	 9.395970
3	 3	 3	 2	 33.933247	 16.377428
3	 3	 3	 3	 30.024270	 14.073601
3	 3	 3	 4	 33.740128	 10.112059
3	 3	 3	 5	 21.586260	 25.833480
3	 3	 3	 6	 45.067002	 0.041728
3	 3	 4	 1	 36.206712	 10.460830
3	 3	 4	 2	 40.562545	 9.626494
3	 3	 4	 3	 40.497129	 9.856840
3	 3	 4	 4	 -11.013040	 46.510239
3	 3	 4	 5	 36.061306	 8.317548
3	 3	 4	 6	 38.735754	 10.214161
3	 3	 5	 1	 35.070144	 14.853124
3	 3	 5	 2	 32.452403	 11.544011
3	 3	 5	 3	 35.478135	 11.361452
3	 3	 5	 4	 37.774761	 18.794688
3	 3	 5	 5	 50.288243	 18.934929
3	 3	 5	 6	 52.091416	 24.945871
3	 3	 6	 1	 -159.534667	 551.023019
3	 3	 6	 2	 38.623517	 28.489618
3	 3	 6	 3	 41.251865	 28.627040
3	 3	 6	 4	 21.224242	 23.554316
3	 3	 6	 5	 24.996378	 47.245235
3	 3	 6	 6	 41.393702	 0.404038
3	 3	 7	 1	 5.784812	 25.222220
3	 3	 7	 2	 9.888281	 96.808600
3	 3	 7	 3	 27.663409	 72.215497
3	 3	 7	 4	 39.297902	 1.415060
3	 3	 7	 5	 39.167502	 1.746690
3	 3	 7	 6	 42.390302	 18.623600
3	 4	 1	 1	 51.994289	 5.662000
3	 4	 1	 2	 40.450489	 0.137028
3	 4	 1	 3	 41.329289	 0.051981
3	 4	 1	 4	 30.979021	 19.278980
3	 4	 1	 5	 41.564989	 0.032020
3	 4	 1	 6	 36.763566	 17.277381
3	 4	 2	 1	 35.717032	 11.848513
3	 4	 2	 2	 38.221093	 10.328257
3	 4	 2	 3	 40.332225	 8.792169
3	 4	 2	 4	 44.808987	 11.181144
3	 4	 2	 5	 42.903924	 11.854876
3	 4	 2	 6	 35.366980	 11.553217
3	 4	 3	 1	 37.492253	 9.336198
3	 4	 3	 2	 38.654181	 9.351448
3	 4	 3	 3	 35.998449	 13.671139
3	 4	 3	 4	 32.749608	 8.969754
3	 4	 3	 5	 35.333085	 8.305366
3	 4	 3	 6	 33.622649	 9.441780
3	 4	 4	 1	 40.096558	 9.789674
3	 4	 4	 2	 40.116294	 16.760035
3	 4	 4	 3	 41.116496	 10.679013
3	 4	 4	 4	 32.301956	 12.183022
3	 4	 4	 5	 42.638439	 12.344418
3	 4	 4	 6	 30.348710	 23.584560
3	 4	 5	 1	 40.209212	 12.589454
3	 4	 5	 2	 33.093650	 12.102381
3	 4	 5	 3	 43.041942	 15.606752
3	 4	 5	 4	 44.605852	 21.210011
3	 4	 5	 5	 34.903970	 23.868978
3	 4	 5	 6	 43.449589	 0.275834
3	 4	 6	 1	 45.767623	 34.690098
3	 4	 6	 2	 50.144769	 24.599334
3	 4	 6	 3	 53.098586	 32.998442
3	 4	 6	 4	 45.268415	 36.679896
3	 4	 6	 5	 55.168103	 31.496226
3	 4	 6	 6	 39.631346	 41.057773
3	 4	 7	 1	 44.618289	 0.544026
3	 4	 7	 2	 38.015824	 37.733222
3	 4	 7	 3	 38.572189	 0.987559
3	 4	 7	 4	 -24.456868	 182.236011
3	 4	 7	 5	 40.233689	 1.866040
3	 4	 7	 6	 45.001289	 2.295420
3	 5	 1	 1	 63.405479	 25.751505
3	 5	 1	 2	 63.539112	 19.015482
3	 5	 1	 3	 69.532248	 17.686723
3	 5	 1	 4	 68.011119	 24.977976
3	 5	 1	 5	 71.956435	 0.039983
3	 5	 1	 6	 63.249891	 19.360812
3	 5	 2	 1	 70.424330	 15.307653
3	 5	 2	 2	 59.385394	 20.009568
3	 5	 2	 3	 66.123889	 16.723925
3	 5	 2	 4	 65.821910	 12.518861
3	 5	 2	 5	 65.937030	 17.609383
3	 5	 2	 6	 68.750587	 15.698690
3	 5	 3	 1	 62.458043	 13.595193
3	 5	 3	 2	 63.808301	 17.322205
3	 5	 3	 3	 71.530035	 0.039707
3	 5	 3	 4	 63.550593	 13.019079
3	 5	 3	 5	 63.537491	 13.087194
3	 5	 3	 6	 71.671084	 14.744210
3	 5	 4	 1	 60.007264	 18.243154
3	 5	 4	 2	 60.170440	 18.654202
3	 5	 4	 3	 72.766435	 0.075912
3	 5	 4	 4	 55.652754	 15.615842
3	 5	 4	 5	 68.134524	 17.217369
3	 5	 4	 6	 70.725035	 15.566735
3	 5	 5	 1	 58.112866	 13.479160
3	 5	 5	 2	 56.718835	 0.130261
3	 5	 5	 3	 57.126508	 17.642636
3	 5	 5	 4	 57.217035	 0.246662
3	 5	 5	 5	 38.452960	 37.167380
3	 5	 5	 6	 48.799396	 12.757154
3	 5	 6	 1	 65.457301	 21.151487
3	 5	 6	 2	 51.650323	 26.917246
3	 5	 6	 3	 60.774336	 21.158859
3	 5	 6	 4	 50.414679	 37.066864
3	 5	 6	 5	 64.295434	 63.697138
3	 5	 6	 6	 40.263849	 91.860322
3	 5	 7	 1	 46.371935	 1.783270
3	 5	 7	 2	 38.813946	 39.631077
3	 5	 7	 3	 50.329935	 1.733850
3	 5	 7	 4	 47.984181	 83.961691
3	 5	 7	 5	 61.287235	 12.885000
3	 5	 7	 6	 61.287235	 12.885000
3	 6	 1	 1	 63.448118	 33.747481
3	 6	 1	 2	 47.962423	 24.535114
3	 6	 1	 3	 61.091785	 20.339607
3	 6	 1	 4	 72.654916	 18.507758
3	 6	 1	 5	 73.822175	 15.922464
3	 6	 1	 6	 77.625733	 19.027083
3	 6	 2	 1	 68.686427	 12.166440
3	 6	 2	 2	 68.545327	 16.524846
3	 6	 2	 3	 53.056937	 18.340390
3	 6	 2	 4	 62.472507	 16.973845
3	 6	 2	 5	 68.701145	 14.436258
3	 6	 2	 6	 60.742541	 16.751529
3	 6	 3	 1	 64.613585	 27.370802
3	 6	 3	 2	 61.417001	 12.316573
3	 6	 3	 3	 57.680370	 15.378207
3	 6	 3	 4	 62.839675	 11.462257
3	 6	 3	 5	 67.535235	 15.983302
3	 6	 3	 6	 55.563100	 21.632385
3	 6	 4	 1	 62.008588	 12.346632
3	 6	 4	 2	 48.832557	 17.501827
3	 6	 4	 3	 71.835957	 14.584896
3	 6	 4	 4	 59.462069	 10.300696
3	 6	 4	 5	 64.393141	 12.728089
3	 6	 4	 6	 55.266120	 23.123831
3	 6	 5	 1	 48.444610	 13.622083
3	 6	 5	 2	 58.279414	 18.138062
3	 6	 5	 3	 46.078427	 18.700653
3	 6	 5	 4	 51.072869	 18.611788
3	 6	 5	 5	 54.692143	 16.140718
3	 6	 5	 6	 60.146921	 14.031846
3	 6	 6	 1	 58.032324	 22.389750
3	 6	 6	 2	 59.000338	 19.183485
3	 6	 6	 3	 61.776210	 27.645657
3	 6	 6	 4	 54.762802	 23.015164
3	 6	 6	 5	 35.336506	 27.888632
3	 6	 6	 6	 48.338361	 1.251850
3	 6	 7	 1	 46.091361	 1.271970
3	 6	 7	 2	 64.351934	 33.446444
3	 6	 7	 3	 45.595043	 25.871347
3	 6	 7	 4	 64.425604	 50.833275
3	 6	 7	 5	 61.437961	 2.188620
3	 6	 7	 6	 59.904661	 10.619000
4	 1	 1	 1	 1.995629	 3.014872
4	 1	 1	 2	 8.239671	 2.209440
4	 1	 1	 3	 6.933038	 2.796654
4	 1	 1	 4	 5.734077	 2.690950
4	 1	 1	 5	 5.941123	 1.906444
4	 1	 1	 6	 8.144271	 1.669831
4	 1	 2	 1	 8.476665	 2.121044
4	 1	 2	 2	 7.851350	 1.642725
4	 1	 2	 3	 9.506058	 1.987166
4	 1	 2	 4	 5.102082	 2.040577
4	 1	 2	 5	 6.464523	 1.951220
4	 1	 2	 6	 8.938014	 1.728790
4	 1	 3	 1	 6.570585	 1.961506
4	 1	 3	 2	 6.925458	 1.985777
4	 1	 3	 3	 5.614209	 2.077144
4	 1	 3	 4	 5.019875	 2.304435
4	 1	 3	 5	 5.862670	 2.144008
4	 1	 3	 6	 8.333927	 2.531059
4	 1	 4	 1	 9.790996	 3.693323
4	 1	 4	 2	 5.074563	 2.927777
4	 1	 4	 3	 1.747068	 4.573544
4	 1	 4	 4	 2.413688	 2.154034
4	 1	 4	 5	 4.146289	 2.135549
4	 1	 4	 6	 2.285938	 3.144823
4	 1	 5	 1	 4.117008	 2.513495
4	 1	 5	 2	 0.174573	 4.443099
4	 1	 5	 3	 3.792259	 3.899265
4	 1	 5	 4	 5.270833	 3.902770
4	 1	 5	 5	 2.756198	 4.565991
4	 1	 5	 6	 5.454961	 3.771474
4	 1	 6	 1	 9.763514	 4.116165
4	 1	 6	 2	 8.360339	 4.949822
4	 1	 6	 3	 3.831646	 3.280975
4	 1	 6	 4	 -1.361476	 10.633597
4	 1	 6	 5	 0.647014	 8.730637
4	 1	 6	 6	 1.255771	 5.727238
4	 1	 7	 1	 7.949631	 0.096403
4	 1	 7	 2	 5.306371	 8.438502
4	 1	 7	 3	 7.712844	 6.635549
4	 1	 7	 4	 6.607275	 16.246738
4	 1	 7	 5	 8.798021	 0.135373
4	 1	 7	 6	 8.913511	 0.238131
4	 2	 1	 1	 37.296294	 21.078782
4	 2	 1	 2	 35.788376	 5.909289
4	 2	 1	 3	 33.689910	 10.373169
4	 2	 1	 4	 34.768915	 5.909232
4	 2	 1	 5	 35.229440	 5.446276
4	 2	 1	 6	 34.154262	 4.812059
4	 2	 2	 1	 34.262399	 7.840958
4	 2	 2	 2	 48.191350	 5.949690
4	 2	 2	 3	 34.279699	 5.755800
4	 2	 2	 4	 31.785036	 7.046197
4	 2	 2	 5	 34.368594	 6.373405
4	 2	 2	 6	 33.689185	 5.227679
4	 2	 3	 1	 32.924096	 9.674206
4	 2	 3	 2	 33.583289	 6.303643
4	 2	 3	 3	 34.079279	 8.785104
4	 2	 3	 4	 31.645338	 4.649442
4	 2	 3	 5	 34.771021	 4.887962
4	 2	 3	 6	 33.308443	 9.788915
4	 2	 4	 1	 32.708237	 6.030643
4	 2	 4	 2	 31.612680	 5.186850
4	 2	 4	 3	 35.431680	 6.041046
4	 2	 4	 4	 32.248736	 6.715766
4	 2	 4	 5	 31.608687	 7.387075
4	 2	 4	 6	 35.701540	 9.262503
4	 2	 5	 1	 34.266023	 10.507360
4	 2	 5	 2	 34.076790	 5.877682
4	 2	 5	 3	 30.557364	 10.005331
4	 2	 5	 4	 33.835286	 0.039473
4	 2	 5	 5	 26.419689	 13.848392
4	 2	 5	 6	 29.621751	 7.236999
4	 2	 6	 1	 33.081393	 12.495253
4	 2	 6	 2	 34.435360	 9.910721
4	 2	 6	 3	 4.813546	 17.882993
4	 2	 6	 4	 35.010520	 16.214979
4	 2	 6	 5	 26.446799	 13.218653
4	 2	 6	 6	 27.453951	 25.163239
4	 2	 7	 1	 27.600850	 21.030954
4	 2	 7	 2	 19.128585	 16.730867
4	 2	 7	 3	 31.013686	 0.103276
4	 2	 7	 4	 42.827733	 45.863176
4	 2	 7	 5	 33.197486	 0.155404
4	 2	 7	 6	 32.444386	 0.167025
4	 3	 1	 1	 17.380698	 2.016820
4	 3	 1	 2	 13.469907	 17.449161
4	 3	 1	 3	 17.703245	 8.586741
4	 3	 1	 4	 13.251208	 5.813100
4	 3	 1	 5	 17.940350	 6.619951
4	 3	 1	 6	 15.776498	 0.033707
4	 3	 2	 1	 12.958184	 5.103372
4	 3	 2	 2	 11.940698	 0.025850
4	 3	 2	 3	 11.350977	 4.408563
4	 3	 2	 4	 3.244040	 7.398682
4	 3	 2	 5	 10.012730	 6.335646
4	 3	 2	 6	 13.676357	 7.934294
4	 3	 3	 1	 12.479634	 5.129133
4	 3	 3	 2	 3.574397	 5.605327
4	 3	 3	 3	 11.369195	 4.901087
4	 3	 3	 4	 10.417425	 5.356369
4	 3	 3	 5	 9.083607	 4.498997
4	 3	 3	 6	 5.370000	 4.925831
4	 3	 4	 1	 7.388296	 3.805231
4	 3	 4	 2	 -1.968518	 11.046315
4	 3	 4	 3	 1.433341	 5.147574
4	 3	 4	 4	 11.722896	 4.610066
4	 3	 4	 5	 9.488558	 8.732031
4	 3	 4	 6	 11.418574	 5.462974
4	 3	 5	 1	 -1.527707	 10.258175
4	 3	 5	 2	 7.365144	 5.471036
4	 3	 5	 3	 7.016617	 6.905541
4	 3	 5	 4	 5.665169	 9.843759
4	 3	 5	 5	 9.736292	 6.170695
4	 3	 5	 6	 14.445585	 8.773769
4	 3	 6	 1	 9.112052	 8.964337
4	 3	 6	 2	 13.049354	 12.586678
4	 3	 6	 3	 10.054425	 13.732346
4	 3	 6	 4	 13.156198	 0.301173
4	 3	 6	 5	 9.162072	 15.501441
4	 3	 6	 6	 -54.164122	 176.361795
4	 3	 7	 1	 3.441812	 18.465402
4	 3	 7	 2	 12.777798	 0.351662
4	 3	 7	 3	 -187.965719	 642.369373
4	 3	 7	 4	 17.986998	 0.580228
4	 3	 7	 5	 8.327798	 1.837770
4	 3	 7	 6	 15.739798	 1.859180
4	 4	 1	 1	 13.841303	 5.969970
4	 4	 1	 2	 13.845303	 0.181820
4	 4	 1	 3	 6.144085	 11.064869
4	 4	 1	 4	 13.096203	 0.043296
4	 4	 1	 5	 9.288517	 5.806120
4	 4	 1	 6	 8.773714	 10.486733
4	 4	 2	 1	 11.332971	 6.596951
4	 4	 2	 2	 9.181710	 8.870611
4	 4	 2	 3	 -6.334782	 10.703093
4	 4	 2	 4	 13.301612	 7.078665
4	 4	 2	 5	 12.473667	 5.741164
4	 4	 2	 6	 14.437469	 4.914060
4	 4	 3	 1	 10.305231	 5.423230
4	 4	 3	 2	 2.983102	 5.340924
4	 4	 3	 3	 -1.346946	 5.762085
4	 4	 3	 4	 5.426956	 6.380615
4	 4	 3	 5	 2.314678	 5.626267
4	 4	 3	 6	 2.689922	 5.476213
4	 4	 4	 1	 9.869100	 5.004474
4	 4	 4	 2	 5.492038	 5.868798
4	 4	 4	 3	 3.913967	 5.537865
4	 4	 4	 4	 4.200779	 4.677330
4	 4	 4	 5	 9.943279	 6.317309
4	 4	 4	 6	 12.179143	 5.208094
4	 4	 5	 1	 5.517184	 6.407091
4	 4	 5	 2	 4.289053	 7.750640
4	 4	 5	 3	 6.015040	 7.909872
4	 4	 5	 4	 7.681640	 7.579359
4	 4	 5	 5	 19.380359	 8.882505
4	 4	 5	 6	 8.507101	 8.704698
4	 4	 6	 1	 -26.118042	 31.915122
4	 4	 6	 2	 1.413951	 30.600079
4	 4	 6	 3	 9.783016	 15.906137
4	 4	 6	 4	 9.225115	 15.343001
4	 4	 6	 5	 -97.122070	 265.750053
4	 4	 6	 6	 7.359832	 33.086594
4	 4	 7	 1	 29.320581	 29.908927
4	 4	 7	 2	 1.697733	 14.862006
4	 4	 7	 3	 8.670143	 1.094060
4	 4	 7	 4	 17.070203	 3.539000
4	 4	 7	 5	 7.912583	 1.744610
4	 4	 7	 6	 6.668893	 4.105340
4	 5	 1	 1	 48.944554	 19.373926
4	 5	 1	 2	 42.649980	 12.220431
4	 5	 1	 3	 39.952969	 13.105107
4	 5	 1	 4	 44.913679	 8.358653
4	 5	 1	 5	 46.547137	 10.056176
4	 5	 1	 6	 46.556409	 10.007066
4	 5	 2	 1	 25.151366	 18.735925
4	 5	 2	 2	 38.086529	 22.681377
4	 5	 2	 3	 46.746788	 10.818693
4	 5	 2	 4	 52.759020	 0.013711
4	 5	 2	 5	 40.899807	 15.436659
4	 5	 2	 6	 49.511644	 17.880883
4	 5	 3	 1	 48.457733	 17.251099
4	 5	 3	 2	 42.649972	 14.335882
4	 5	 3	 3	 48.413091	 11.484465
4	 5	 3	 4	 45.150373	 7.931767
4	 5	 3	 5	 39.238185	 14.251231
4	 5	 3	 6	 48.746761	 12.480112
4	 5	 4	 1	 50.012438	 12.445382
4	 5	 4	 2	 39.876616	 11.243682
4	 5	 4	 3	 48.684660	 17.930562
4	 5	 4	 4	 37.109901	 17.364143
4	 5	 4	 5	 50.052696	 17.921626
4	 5	 4	 6	 43.848461	 12.419908
4	 5	 5	 1	 46.610762	 11.707626
4	 5	 5	 2	 51.059820	 0.117821
4	 5	 5	 3	 39.446272	 29.407743
4	 5	 5	 4	 49.263121	 12.740501
4	 5	 5	 5	 45.135796	 15.629646
4	 5	 5	 6	 31.447738	 20.894580
4	 5	 6	 1	 48.287170	 17.183552
4	 5	 6	 2	 54.226220	 0.509110
4	 5	 6	 3	 62.790791	 22.466785
4	 5	 6	 4	 37.335177	 24.979950
4	 5	 6	 5	 53.660446	 25.624587
4	 5	 6	 6	 54.255720	 1.454030
4	 5	 7	 1	 51.860047	 37.752339
4	 5	 7	 2	 51.021328	 36.857270
4	 5	 7	 3	 53.369809	 32.183985
4	 5	 7	 4	 34.938913	 26.481561
4	 5	 7	 5	 54.743320	 10.186000
4	 5	 7	 6	 54.743320	 10.186000
4	 6	 1	 1	 32.366360	 12.117459
4	 6	 1	 2	 27.780542	 25.258465
4	 6	 1	 3	 38.448553	 10.987702
4	 6	 1	 4	 35.795971	 14.325332
4	 6	 1	 5	 39.754560	 11.903835
4	 6	 1	 6	 28.278051	 15.014450
4	 6	 2	 1	 39.908698	 12.338414
4	 6	 2	 2	 31.969972	 11.618446
4	 6	 2	 3	 44.019922	 12.223101
4	 6	 2	 4	 47.414831	 14.875475
4	 6	 2	 5	 48.860011	 0.029210
4	 6	 2	 6	 41.860527	 9.741621
4	 6	 3	 1	 51.036346	 12.142920
4	 6	 3	 2	 44.237825	 14.746757
4	 6	 3	 3	 52.139511	 0.023995
4	 6	 3	 4	 33.267983	 9.910244
4	 6	 3	 5	 37.739596	 11.811442
4	 6	 3	 6	 28.404519	 14.489033
4	 6	 4	 1	 32.932216	 14.043679
4	 6	 4	 2	 37.997644	 13.212625
4	 6	 4	 3	 43.511659	 8.090736
4	 6	 4	 4	 47.274854	 14.113580
4	 6	 4	 5	 40.806554	 10.223027
4	 6	 4	 6	 39.492719	 10.306981
4	 6	 5	 1	 44.743748	 11.972624
4	 6	 5	 2	 42.668902	 14.420898
4	 6	 5	 3	 46.266045	 13.358398
4	 6	 5	 4	 47.298024	 16.569287
4	 6	 5	 5	 48.912157	 11.344936
4	 6	 5	 6	 46.927705	 25.749657
4	 6	 6	 1	 46.707226	 15.665338
4	 6	 6	 2	 44.797117	 20.976554
4	 6	 6	 3	 51.604347	 24.162401
4	 6	 6	 4	 56.923385	 26.058328
4	 6	 6	 5	 54.119411	 7.619000
4	 6	 6	 6	 42.608211	 0.910470
4	 6	 7	 1	 34.337104	 50.195409
4	 6	 7	 2	 39.550211	 1.347730
4	 6	 7	 3	 50.223651	 31.081322
4	 6	 7	 4	 53.263564	 35.089412
4	 6	 7	 5	 59.635211	 2.141150
4	 6	 7	 6	 57.504111	 0.724527
5	 1	 1	 1	 42.408472	 0.047207
5	 1	 1	 2	 28.292286	 6.486890
5	 1	 1	 3	 29.452275	 6.049221
5	 1	 1	 4	 23.993206	 4.023367
5	 1	 1	 5	 23.985586	 4.902911
5	 1	 1	 6	 25.044289	 3.388396
5	 1	 2	 1	 29.171472	 0.016078
5	 1	 2	 2	 24.554609	 3.776662
5	 1	 2	 3	 24.105186	 5.140821
5	 1	 2	 4	 27.049630	 6.516456
5	 1	 2	 5	 24.568361	 3.971483
5	 1	 2	 6	 22.582248	 8.626222
5	 1	 3	 1	 27.999387	 5.896562
5	 1	 3	 2	 28.120372	 0.018562
5	 1	 3	 3	 25.251676	 4.070099
5	 1	 3	 4	 22.944531	 5.899119
5	 1	 3	 5	 27.785072	 0.018406
5	 1	 3	 6	 26.368950	 5.388301
5	 1	 4	 1	 27.777921	 4.694237
5	 1	 4	 2	 27.509376	 5.234966
5	 1	 4	 3	 15.109984	 7.091672
5	 1	 4	 4	 28.359272	 0.023936
5	 1	 4	 5	 26.312462	 8.810380
5	 1	 4	 6	 28.739672	 0.026956
5	 1	 5	 1	 26.081493	 6.461135
5	 1	 5	 2	 24.986922	 7.972724
5	 1	 5	 3	 26.685220	 5.463696
5	 1	 5	 4	 29.132690	 5.984618
5	 1	 5	 5	 28.696662	 7.247767
5	 1	 5	 6	 29.903745	 8.265549
5	 1	 6	 1	 24.780206	 6.954960
5	 1	 6	 2	 28.704172	 0.048734
5	 1	 6	 3	 27.676500	 19.336907
5	 1	 6	 4	 17.591966	 24.494785
5	 1	 6	 5	 6.900554	 13.548583
5	 1	 6	 6	 28.036056	 17.801131
5	 1	 7	 1	 21.261106	 11.205002
5	 1	 7	 2	 28.889372	 0.120479
5	 1	 7	 3	 20.949800	 19.868006
5	 1	 7	 4	 13.982888	 46.935490
5	 1	 7	 5	 31.149572	 0.059412
5	 1	 7	 6	 32.334972	 0.230490
5	 2	 1	 1	 0.716314	 7.854726
5	 2	 1	 2	 2.287886	 3.324395
5	 2	 1	 3	 5.192960	 2.366701
5	 2	 1	 4	 -3.159552	 1.512390
5	 2	 1	 5	 1.326123	 1.321188
5	 2	 1	 6	 2.782305	 1.382893
5	 2	 2	 1	 4.323338	 1.634156
5	 2	 2	 2	 4.973526	 2.441697
5	 2	 2	 3	 2.855966	 1.376742
5	 2	 2	 4	 2.276304	 1.556752
5	 2	 2	 5	 -2.475962	 2.051006
5	 2	 2	 6	 1.380611	 1.603084
5	 2	 3	 1	 0.533846	 1.689674
5	 2	 3	 2	 0.170522	 1.917115
5	 2	 3	 3	 1.593801	 2.066317
5	 2	 3	 4	 -0.521167	 2.067927
5	 2	 3	 5	 1.517225	 2.201177
5	 2	 3	 6	 2.487143	 2.155766
5	 2	 4	 1	 2.155149	 1.622403
5	 2	 4	 2	 -0.766936	 1.803239
5	 2	 4	 3	 -2.184888	 2.293759
5	 2	 4	 4	 2.487408	 1.743371
5	 2	 4	 5	 -3.678451	 2.402256
5	 2	 4	 6	 4.323267	 0.028471
5	 2	 5	 1	 2.522316	 2.038513
5	 2	 5	 2	 2.976381	 1.927019
5	 2	 5	 3	 -2.647192	 2.574315
5	 2	 5	 4	 -8.953173	 4.848110
5	 2	 5	 5	 0.205436	 2.717834
5	 2	 5	 6	 3.430200	 2.611530
5	 2	 6	 1	 -0.537138	 2.606203
5	 2	 6	 2	 -15.275624	 8.022571
5	 2	 6	 3	 -3.387797	 3.800132
5	 2	 6	 4	 -7.979016	 6.483353
5	 2	 6	 5	 4.458070	 4.965404
5	 2	 6	 6	 -3.217580	 5.460169
5	 2	 7	 1	 -6.859327	 3.882851
5	 2	 7	 2	 -14.176445	 13.851132
5	 2	 7	 3	 -7.665722	 7.536766
5	 2	 7	 4	 -2.026141	 7.710981
5	 2	 7	 5	 -10.338838	 12.067510
5	 2	 7	 6	 107.166201	 129.845952
5	 3	 1	 1	 9.527805	 4.254900
5	 3	 1	 2	 11.723435	 0.109522
5	 3	 1	 3	 6.066298	 9.798861
5	 3	 1	 4	 9.836502	 5.798028
5	 3	 1	 5	 11.767423	 3.978803
5	 3	 1	 6	 10.501821	 4.370244
5	 3	 2	 1	 10.102067	 4.242399
5	 3	 2	 2	 6.542420	 3.691466
5	 3	 2	 3	 8.393574	 3.430979
5	 3	 2	 4	 8.186129	 4.698214
5	 3	 2	 5	 8.328067	 3.638774
5	 3	 2	 6	 8.532507	 4.581197
5	 3	 3	 1	 -0.401983	 3.856535
5	 3	 3	 2	 -0.981565	 3.951267
5	 3	 3	 3	 -0.265386	 3.659310
5	 3	 3	 4	 4.735010	 3.751679
5	 3	 3	 5	 2.046349	 3.447455
5	 3	 3	 6	 11.269045	 0.035145
5	 3	 4	 1	 6.296564	 3.136376
5	 3	 4	 2	 13.294335	 0.041515
5	 3	 4	 3	 -3.630927	 7.650730
5	 3	 4	 4	 9.433533	 3.905081
5	 3	 4	 5	 9.304817	 3.964444
5	 3	 4	 6	 6.572235	 3.650105
5	 3	 5	 1	 6.828697	 4.707295
5	 3	 5	 2	 6.696415	 4.982313
5	 3	 5	 3	 10.918913	 4.494564
5	 3	 5	 4	 -3.163854	 7.788364
5	 3	 5	 5	 9.429074	 11.170082
5	 3	 5	 6	 2.887669	 11.596196
5	 3	 6	 1	 14.735030	 7.780274
5	 3	 6	 2	 12.496425	 17.166812
5	 3	 6	 3	 11.316042	 8.690651
5	 3	 6	 4	 14.103483	 15.298908
5	 3	 6	 5	 10.276545	 0.127837
5	 3	 6	 6	 -47.745395	 84.768550
5	 3	 7	 1	 2.462096	 19.578622
5	 3	 7	 2	 0.361374	 54.820216
5	 3	 7	 3	 9.303885	 0.688711
5	 3	 7	 4	 11.971535	 0.288429
5	 3	 7	 5	 13.208935	 1.111480
5	 3	 7	 6	 8.711955	 3.777730
5	 4	 1	 1	 15.216053	 4.590380
5	 4	 1	 2	 14.164653	 0.428280
5	 4	 1	 3	 10.186883	 0.050407
5	 4	 1	 4	 9.493077	 5.302532
5	 4	 1	 5	 10.776495	 4.820147
5	 4	 1	 6	 10.611823	 0.026378
5	 4	 2	 1	 10.450364	 4.276666
5	 4	 2	 2	 10.946103	 4.190065
5	 4	 2	 3	 10.244033	 0.026043
5	 4	 2	 4	 2.404084	 5.037506
5	 4	 2	 5	 1.641297	 4.070729
5	 4	 2	 6	 -3.168565	 10.472798
5	 4	 3	 1	 9.624004	 3.285675
5	 4	 3	 2	 4.539463	 5.670493
5	 4	 3	 3	 -0.465832	 3.825242
5	 4	 3	 4	 4.749025	 4.024681
5	 4	 3	 5	 3.822126	 3.333980
5	 4	 3	 6	 4.865697	 3.926768
5	 4	 4	 1	 8.230957	 2.819573
5	 4	 4	 2	 5.548882	 3.953165
5	 4	 4	 3	 4.695584	 4.135565
5	 4	 4	 4	 5.592759	 4.401510
5	 4	 4	 5	 4.673859	 3.952586
5	 4	 4	 6	 -4.302125	 8.761551
5	 4	 5	 1	 11.261953	 0.057336
5	 4	 5	 2	 2.566957	 9.335931
5	 4	 5	 3	 6.624747	 7.488179
5	 4	 5	 4	 11.775552	 4.037409
5	 4	 5	 5	 13.528660	 7.856998
5	 4	 5	 6	 -4.185914	 9.648878
5	 4	 6	 1	 -6.010839	 10.839408
5	 4	 6	 2	 -73.814335	 101.352097
5	 4	 6	 3	 8.664540	 11.876165
5	 4	 6	 4	 3.322385	 9.286686
5	 4	 6	 5	 9.652953	 0.128540
5	 4	 6	 6	 -1.387993	 11.985197
5	 4	 7	 1	 10.137923	 2.146940
5	 4	 7	 2	 17.497953	 4.407000
5	 4	 7	 3	 20.362564	 24.967497
5	 4	 7	 4	 5.131243	 1.356980
5	 4	 7	 5	 17.497953	 4.407000
5	 4	 7	 6	 17.497953	 4.407000
5	 5	 1	 1	 46.353073	 14.372201
5	 5	 1	 2	 48.444042	 12.915884
5	 5	 1	 3	 30.904885	 20.547106
5	 5	 1	 4	 34.875919	 14.187350
5	 5	 1	 5	 43.727875	 10.599227
5	 5	 1	 6	 47.381578	 0.032934
5	 5	 2	 1	 50.974978	 0.014233
5	 5	 2	 2	 46.778547	 9.830179
5	 5	 2	 3	 45.290951	 18.295363
5	 5	 2	 4	 46.683783	 9.302261
5	 5	 2	 5	 39.499295	 11.141941
5	 5	 2	 6	 40.855926	 11.291432
5	 5	 3	 1	 38.056528	 8.912429
5	 5	 3	 2	 46.447939	 9.128490
5	 5	 3	 3	 39.707981	 10.773625
5	 5	 3	 4	 33.528439	 11.674701
5	 5	 3	 5	 41.392206	 20.339913
5	 5	 3	 6	 38.763665	 11.802239
5	 5	 4	 1	 35.103466	 11.671485
5	 5	 4	 2	 47.749029	 12.133723
5	 5	 4	 3	 31.274030	 19.270002
5	 5	 4	 4	 46.008578	 0.068545
5	 5	 4	 5	 36.055068	 18.497727
5	 5	 4	 6	 32.442828	 14.095379
5	 5	 5	 1	 48.560346	 12.817483
5	 5	 5	 2	 43.024517	 16.094714
5	 5	 5	 3	 40.546830	 18.147457
5	 5	 5	 4	 39.192396	 21.334478
5	 5	 5	 5	 46.586497	 12.008638
5	 5	 5	 6	 40.737149	 25.858277
5	 5	 6	 1	 38.898694	 27.524407
5	 5	 6	 2	 34.952341	 18.133340
5	 5	 6	 3	 40.292784	 24.157910
5	 5	 6	 4	 32.849327	 16.516941
5	 5	 6	 5	 59.168278	 27.401721
5	 5	 6	 6	 53.163733	 40.477068
5	 5	 7	 1	 48.470257	 15.676109
5	 5	 7	 2	 48.178945	 27.192778
5	 5	 7	 3	 44.398078	 0.881924
5	 5	 7	 4	 49.205178	 12.138100
5	 5	 7	 5	 40.294978	 3.377560
5	 5	 7	 6	 229.668749	 341.962345
5	 6	 1	 1	 28.546822	 12.109111
5	 6	 1	 2	 37.302169	 10.975527
5	 6	 1	 3	 43.910250	 13.139348
5	 6	 1	 4	 35.604106	 18.227813
5	 6	 1	 5	 38.525397	 14.440857
5	 6	 1	 6	 41.850255	 0.037146
5	 6	 2	 1	 38.902649	 8.233239
5	 6	 2	 2	 45.623907	 11.281482
5	 6	 2	 3	 36.392364	 13.932377
5	 6	 2	 4	 35.233180	 14.274710
5	 6	 2	 5	 39.869762	 10.253803
5	 6	 2	 6	 44.904392	 8.663894
5	 6	 3	 1	 42.588841	 8.457199
5	 6	 3	 2	 45.505085	 7.904581
5	 6	 3	 3	 36.509977	 12.926550
5	 6	 3	 4	 35.608727	 13.265786
5	 6	 3	 5	 41.319363	 9.014586
5	 6	 3	 6	 36.418427	 10.180654
5	 6	 4	 1	 34.064311	 13.288933
5	 6	 4	 2	 40.524737	 11.684618
5	 6	 4	 3	 35.601096	 12.586092
5	 6	 4	 4	 53.650455	 3.394540
5	 6	 4	 5	 45.792327	 10.517372
5	 6	 4	 6	 50.215070	 13.520377
5	 6	 5	 1	 28.490044	 16.190153
5	 6	 5	 2	 33.014068	 22.659369
5	 6	 5	 3	 34.259137	 12.566037
5	 6	 5	 4	 44.670770	 18.152659
5	 6	 5	 5	 46.249049	 12.883691
5	 6	 5	 6	 48.433833	 24.419289
5	 6	 6	 1	 42.725977	 15.166157
5	 6	 6	 2	 39.087115	 12.365621
5	 6	 6	 3	 48.385958	 17.696705
5	 6	 6	 4	 45.229119	 32.392194
5	 6	 6	 5	 46.450297	 21.808278
5	 6	 6	 6	 37.685825	 23.866878
5	 6	 7	 1	 44.653506	 28.620557
5	 6	 7	 2	 50.109555	 8.904000
5	 6	 7	 3	 44.662560	 45.457367
5	 6	 7	 4	 39.860548	 27.621810
5	 6	 7	 5	 48.628755	 1.536170
5	 6	 7	 6	 77.527655	 176.966000
6	 1	 1	 1	 7.618267	 0.034791
6	 1	 1	 2	 9.928214	 2.424762
6	 1	 1	 3	 8.290163	 2.275502
6	 1	 1	 4	 11.153087	 0.019634
6	 1	 1	 5	 11.846834	 2.564767
6	 1	 1	 6	 11.610709	 1.948505
6	 1	 2	 1	 7.151324	 2.519947
6	 1	 2	 2	 8.904262	 2.387648
6	 1	 2	 3	 8.931547	 3.248993
6	 1	 2	 4	 10.240906	 2.358968
6	 1	 2	 5	 9.870804	 3.302796
6	 1	 2	 6	 6.470548	 2.571464
6	 1	 3	 1	 8.168214	 3.779001
6	 1	 3	 2	 10.060375	 2.554472
6	 1	 3	 3	 9.926049	 2.433765
6	 1	 3	 4	 4.805712	 2.385957
6	 1	 3	 5	 9.684301	 2.674437
6	 1	 3	 6	 5.867125	 2.320420
6	 1	 4	 1	 7.283808	 3.445623
6	 1	 4	 2	 4.391253	 5.058011
6	 1	 4	 3	 9.733293	 2.416515
6	 1	 4	 4	 9.735058	 3.918062
6	 1	 4	 5	 11.188820	 3.610906
6	 1	 4	 6	 8.244156	 3.707281
6	 1	 5	 1	 7.344195	 2.460077
6	 1	 5	 2	 2.695737	 3.441371
6	 1	 5	 3	 5.139643	 1.994764
6	 1	 5	 4	 8.795514	 4.302844
6	 1	 5	 5	 7.398758	 3.932040
6	 1	 5	 6	 7.980506	 5.298982
6	 1	 6	 1	 6.414469	 2.707174
6	 1	 6	 2	 2.817152	 4.458027
6	 1	 6	 3	 5.988158	 5.467355
6	 1	 6	 4	 4.563083	 4.076040
6	 1	 6	 5	 4.211543	 5.200462
6	 1	 6	 6	 0.383573	 4.865199
6	 1	 7	 1	 8.878777	 0.108113
6	 1	 7	 2	 11.213227	 0.141363
6	 1	 7	 3	 9.055577	 0.120706
6	 1	 7	 4	 173.958554	 459.968320
6	 1	 7	 5	 5.609711	 16.096392
6	 1	 7	 6	 10.235217	 0.047324
6	 2	 1	 1	 -37.800128	 29.138407
6	 2	 1	 2	 9.552480	 3.248395
6	 2	 1	 3	 9.695057	 2.305518
6	 2	 1	 4	 10.184583	 2.695449
6	 2	 1	 5	 9.288060	 1.959715
6	 2	 1	 6	 8.218409	 2.482146
6	 2	 2	 1	 6.645138	 1.880624
6	 2	 2	 2	 6.942242	 3.625858
6	 2	 2	 3	 5.222171	 2.055819
6	 2	 2	 4	 6.611995	 2.816848
6	 2	 2	 5	 6.362821	 2.895184
6	 2	 2	 6	 7.681207	 2.745795
6	 2	 3	 1	 6.180194	 1.738108
6	 2	 3	 2	 6.988869	 2.394585
6	 2	 3	 3	 3.217349	 2.482012
6	 2	 3	 4	 4.798911	 3.253889
6	 2	 3	 5	 8.475668	 0.022965
6	 2	 3	 6	 4.786447	 2.599089
6	 2	 4	 1	 5.324873	 1.945003
6	 2	 4	 2	 10.086288	 0.033436
6	 2	 4	 3	 8.439082	 2.561558
6	 2	 4	 4	 2.446541	 2.480066
6	 2	 4	 5	 5.693267	 2.534956
6	 2	 4	 6	 4.973227	 3.175548
6	 2	 5	 1	 8.226059	 3.456177
6	 2	 5	 2	 11.451482	 3.468679
6	 2	 5	 3	 10.394358	 3.495004
6	 2	 5	 4	 3.026406	 3.537678
6	 2	 5	 5	 4.601855	 3.140388
6	 2	 5	 6	 0.274189	 9.283488
6	 2	 6	 1	 5.108570	 4.073913
6	 2	 6	 2	 -0.633898	 7.763127
6	 2	 6	 3	 4.224734	 3.657309
6	 2	 6	 4	 11.735945	 8.004365
6	 2	 6	 5	 3.890972	 12.259193
6	 2	 6	 6	 10.628643	 10.489798
6	 2	 7	 1	 7.642934	 8.391316
6	 2	 7	 2	 -1.025166	 6.979007
6	 2	 7	 3	 -2.189609	 14.076877
6	 2	 7	 4	 4.290848	 0.147430
6	 2	 7	 5	 6.913618	 0.179757
6	 2	 7	 6	 5.983138	 0.222671
6	 3	 1	 1	 -25.530843	 2.345780
6	 3	 1	 2	 -25.457143	 0.082366
6	 3	 1	 3	 -25.221834	 7.848784
6	 3	 1	 4	 -29.169431	 6.136944
6	 3	 1	 5	 -29.107819	 5.407196
6	 3	 1	 6	 -24.880487	 3.452922
6	 3	 2	 1	 -25.866182	 4.571021
6	 3	 2	 2	 -26.165982	 4.204080
6	 3	 2	 3	 -27.930243	 0.036365
6	 3	 2	 4	 -26.205727	 3.885084
6	 3	 2	 5	 -31.348922	 3.571989
6	 3	 2	 6	 -27.066880	 2.845510
6	 3	 3	 1	 -30.814630	 3.907136
6	 3	 3	 2	 -32.381166	 4.185432
6	 3	 3	 3	 -28.510054	 3.177904
6	 3	 3	 4	 -26.869047	 4.016406
6	 3	 3	 5	 -32.113511	 3.661355
6	 3	 3	 6	 -28.752809	 3.415915
6	 3	 4	 1	 -35.119462	 4.046654
6	 3	 4	 2	 -27.830767	 3.383149
6	 3	 4	 3	 -34.750677	 4.290297
6	 3	 4	 4	 -33.011345	 3.768122
6	 3	 4	 5	 -40.190917	 8.984177
6	 3	 4	 6	 -33.834349	 6.047237
6	 3	 5	 1	 -35.219472	 4.155686
6	 3	 5	 2	 -31.142849	 4.953265
6	 3	 5	 3	 -27.127866	 4.443703
6	 3	 5	 4	 -32.719768	 5.357143
6	 3	 5	 5	 -29.382747	 4.687066
6	 3	 5	 6	 -28.292091	 7.000852
6	 3	 6	 1	 -17.695227	 3.884152
6	 3	 6	 2	 -27.139951	 9.280274
6	 3	 6	 3	 -56.355237	 30.630955
6	 3	 6	 4	 -31.447039	 15.024116
6	 3	 6	 5	 -16.850716	 9.182387
6	 3	 6	 6	 -24.387143	 0.174288
6	 3	 7	 1	 -36.740786	 30.991476
6	 3	 7	 2	 -19.617556	 10.275592
6	 3	 7	 3	 -28.358943	 0.749895
6	 3	 7	 4	 -27.870643	 0.892460
6	 3	 7	 5	 -28.603643	 1.479960
6	 3	 7	 6	 -35.357143	 2.732220
6	 4	 1	 1	 -15.714506	 1.202000
6	 4	 1	 2	 -27.579806	 0.147039
6	 4	 1	 3	 -28.064306	 0.055938
6	 4	 1	 4	 -27.554506	 0.031462
6	 4	 1	 5	 -34.774836	 7.382868
6	 4	 1	 6	 -28.406554	 4.150724
6	 4	 2	 1	 -28.662646	 4.184885
6	 4	 2	 2	 -48.916397	 10.069437
6	 4	 2	 3	 -31.216685	 5.183824
6	 4	 2	 4	 -40.557100	 11.763736
6	 4	 2	 5	 -31.489055	 3.542596
6	 4	 2	 6	 -31.752164	 3.747320
6	 4	 3	 1	 -26.836459	 3.744036
6	 4	 3	 2	 -31.803862	 3.608411
6	 4	 3	 3	 -33.281415	 4.026021
6	 4	 3	 4	 -34.343510	 4.565457
6	 4	 3	 5	 -34.336598	 3.392829
6	 4	 3	 6	 -42.903304	 5.333338
6	 4	 4	 1	 -31.656362	 3.686670
6	 4	 4	 2	 -36.663321	 5.290565
6	 4	 4	 3	 -33.118637	 3.458693
6	 4	 4	 4	 -30.524590	 2.874868
6	 4	 4	 5	 -42.746801	 7.434822
6	 4	 4	 6	 -61.800225	 17.311732
6	 4	 5	 1	 -29.144168	 4.110213
6	 4	 5	 2	 -53.876442	 18.749958
6	 4	 5	 3	 -30.304662	 3.837173
6	 4	 5	 4	 -31.814849	 5.969576
6	 4	 5	 5	 -27.892206	 0.100714
6	 4	 5	 6	 -27.941020	 6.241793
6	 4	 6	 1	 -27.489573	 11.763193
6	 4	 6	 2	 -31.702132	 10.095605
6	 4	 6	 3	 -33.863812	 10.608724
6	 4	 6	 4	 -25.391432	 8.346215
6	 4	 6	 5	 -35.974166	 12.678654
6	 4	 6	 6	 -28.912398	 14.902456
6	 4	 7	 1	 -27.513666	 13.215281
6	 4	 7	 2	 -33.090231	 16.927021
6	 4	 7	 3	 -33.756606	 0.810159
6	 4	 7	 4	 -32.702706	 1.583650
6	 4	 7	 5	 -34.079906	 1.784530
6	 4	 7	 6	 -34.787306	 2.707830
6	 5	 1	 1	 19.281298	 22.413018
6	 5	 1	 2	 16.678265	 9.451270
6	 5	 1	 3	 11.103730	 17.183541
6	 5	 1	 4	 25.117388	 14.113123
6	 5	 1	 5	 17.990091	 7.123008
6	 5	 1	 6	 26.499466	 6.365379
6	 5	 2	 1	 22.113006	 6.766659
6	 5	 2	 2	 17.700771	 7.886967
6	 5	 2	 3	 11.151257	 9.302004
6	 5	 2	 4	 29.178895	 8.059343
6	 5	 2	 5	 29.825229	 8.540809
6	 5	 2	 6	 27.141982	 8.881072
6	 5	 3	 1	 25.767305	 6.419162
6	 5	 3	 2	 29.316865	 5.069742
6	 5	 3	 3	 21.289794	 6.762341
6	 5	 3	 4	 19.117462	 5.566059
6	 5	 3	 5	 22.565320	 7.059629
6	 5	 3	 6	 28.503476	 0.062693
6	 5	 4	 1	 31.891364	 10.815716
6	 5	 4	 2	 23.428432	 9.379076
6	 5	 4	 3	 13.643561	 11.018976
6	 5	 4	 4	 16.199365	 16.492305
6	 5	 4	 5	 16.494794	 7.897811
6	 5	 4	 6	 28.991764	 8.900205
6	 5	 5	 1	 22.838226	 7.585287
6	 5	 5	 2	 23.619898	 6.290345
6	 5	 5	 3	 24.638300	 10.586588
6	 5	 5	 4	 25.729698	 7.717061
6	 5	 5	 5	 14.596781	 11.857731
6	 5	 5	 6	 34.864885	 7.998060
6	 5	 6	 1	 21.591676	 0.371811
6	 5	 6	 2	 32.557023	 13.692325
6	 5	 6	 3	 21.509730	 12.288854
6	 5	 6	 4	 18.535679	 14.630720
6	 5	 6	 5	 22.238876	 1.250090
6	 5	 6	 6	 38.643735	 18.316821
6	 5	 7	 1	 29.710020	 18.293481
6	 5	 7	 2	 19.517476	 0.802511
6	 5	 7	 3	 25.159976	 6.854000
6	 5	 7	 4	 24.513441	 26.327313
6	 5	 7	 5	 16.092976	 2.687400
6	 5	 7	 6	 33.120376	 5.761190
6	 6	 1	 1	 21.931671	 11.962386
6	 6	 1	 2	 32.162102	 12.708815
6	 6	 1	 3	 8.832120	 12.702106
6	 6	 1	 4	 11.102669	 23.976107
6	 6	 1	 5	 19.241348	 0.052622
6	 6	 1	 6	 17.901066	 10.375119
6	 6	 2	 1	 12.708924	 11.807678
6	 6	 2	 2	 8.779408	 5.445588
6	 6	 2	 3	 13.291974	 6.309104
6	 6	 2	 4	 9.804836	 6.958252
6	 6	 2	 5	 7.672510	 7.674031
6	 6	 2	 6	 16.380513	 5.057981
6	 6	 3	 1	 9.564085	 8.784135
6	 6	 3	 2	 6.608682	 7.429371
6	 6	 3	 3	 16.732749	 7.206513
6	 6	 3	 4	 18.387662	 6.561069
6	 6	 3	 5	 11.142314	 4.789554
6	 6	 3	 6	 11.596254	 7.986491
6	 6	 4	 1	 10.074187	 8.160443
6	 6	 4	 2	 18.226748	 0.079782
6	 6	 4	 3	 14.800155	 4.784116
6	 6	 4	 4	 14.684519	 5.742258
6	 6	 4	 5	 10.734858	 5.191468
6	 6	 4	 6	 4.384384	 10.647143
6	 6	 5	 1	 10.618852	 10.120506
6	 6	 5	 2	 21.683457	 8.032051
6	 6	 5	 3	 21.122776	 8.440850
6	 6	 5	 4	 20.825848	 0.211571
6	 6	 5	 5	 15.466398	 8.616463
6	 6	 5	 6	 17.048380	 10.721490
6	 6	 6	 1	 20.762548	 0.145203
6	 6	 6	 2	 1.018470	 8.904162
6	 6	 6	 3	 14.654885	 14.652916
6	 6	 6	 4	 29.484576	 13.512450
6	 6	 6	 5	 12.633248	 0.105891
6	 6	 6	 6	 15.912003	 22.206404
6	 6	 7	 1	 23.798512	 19.791162
6	 6	 7	 2	 27.714772	 25.718103
6	 6	 7	 3	 6.905273	 15.343898
6	 6	 7	 4	 38.174843	 43.432453
6	 6	 7	 5	 27.404048	 2.298580
6	 6	 7	 6	 41.390048	 16.587400
