#& Sector Superlayer Slot Cable T0Correction T0Error
1	 1	 1	 1	 0.646428	 1.977663
1	 1	 1	 2	 6.611844	 1.520888
1	 1	 1	 3	 3.217934	 1.922832
1	 1	 1	 4	 3.625207	 1.682750
1	 1	 1	 5	 4.128265	 0.016166
1	 1	 1	 6	 2.797837	 1.432466
1	 1	 2	 1	 0.804090	 2.119400
1	 1	 2	 2	 1.414634	 2.058954
1	 1	 2	 3	 5.020796	 1.731990
1	 1	 2	 4	 2.654790	 1.612949
1	 1	 2	 5	 5.493482	 1.707517
1	 1	 2	 6	 2.755599	 1.624155
1	 1	 3	 1	 3.312000	 1.976721
1	 1	 3	 2	 5.285886	 2.157090
1	 1	 3	 3	 4.523238	 1.536653
1	 1	 3	 4	 1.574194	 2.377617
1	 1	 3	 5	 -1.276939	 3.199605
1	 1	 3	 6	 4.971192	 1.536596
1	 1	 4	 1	 4.129343	 1.547870
1	 1	 4	 2	 2.650198	 2.038401
1	 1	 4	 3	 1.647312	 1.242044
1	 1	 4	 4	 1.891770	 2.035636
1	 1	 4	 5	 3.612320	 1.990751
1	 1	 4	 6	 4.862026	 1.952796
1	 1	 5	 1	 2.687723	 2.275730
1	 1	 5	 2	 1.736860	 2.347772
1	 1	 5	 3	 1.773195	 2.478352
1	 1	 5	 4	 0.541882	 2.153326
1	 1	 5	 5	 3.733774	 2.285289
1	 1	 5	 6	 -0.639900	 5.216694
1	 1	 6	 1	 6.264599	 3.790270
1	 1	 6	 2	 -0.956522	 11.732600
1	 1	 6	 3	 7.543434	 5.578210
1	 1	 6	 4	 5.634770	 3.291209
1	 1	 6	 5	 -4.979979	 5.209942
1	 1	 6	 6	 5.722143	 5.349536
1	 1	 7	 1	 7.795556	 8.963701
1	 1	 7	 2	 0.593553	 10.198856
1	 1	 7	 3	 4.897210	 0.126261
1	 1	 7	 4	 -21.170370	 42.265280
1	 1	 7	 5	 4.100515	 0.131229
1	 1	 7	 6	 9.632274	 40.963886
1	 2	 1	 1	 -19.904762	 7.828545
1	 2	 1	 2	 -15.829003	 1.690596
1	 2	 1	 3	 -17.089269	 1.871350
1	 2	 1	 4	 -19.097670	 2.189669
1	 2	 1	 5	 -17.469613	 2.445558
1	 2	 1	 6	 -18.606001	 1.995771
1	 2	 2	 1	 -17.791880	 1.841477
1	 2	 2	 2	 -17.892763	 1.932361
1	 2	 2	 3	 -19.775747	 2.031706
1	 2	 2	 4	 -21.130941	 2.517863
1	 2	 2	 5	 -18.236242	 2.929781
1	 2	 2	 6	 -21.069752	 1.902329
1	 2	 3	 1	 -21.195178	 1.893929
1	 2	 3	 2	 -18.169380	 2.128409
1	 2	 3	 3	 -20.215251	 1.754177
1	 2	 3	 4	 -21.055724	 2.620464
1	 2	 3	 5	 -17.199600	 0.022248
1	 2	 3	 6	 -22.432196	 3.533031
1	 2	 4	 1	 -20.907158	 3.104029
1	 2	 4	 2	 -17.743300	 0.024665
1	 2	 4	 3	 -23.942877	 2.967457
1	 2	 4	 4	 -22.935549	 2.800013
1	 2	 4	 5	 -19.480027	 2.885163
1	 2	 4	 6	 -20.947705	 3.722889
1	 2	 5	 1	 -20.132075	 2.886653
1	 2	 5	 2	 -18.516031	 3.022098
1	 2	 5	 3	 -19.753356	 2.957128
1	 2	 5	 4	 -19.657143	 5.777896
1	 2	 5	 5	 -22.737475	 4.124982
1	 2	 5	 6	 -23.405414	 3.393781
1	 2	 6	 1	 -18.876728	 4.424991
1	 2	 6	 2	 -16.638662	 3.555593
1	 2	 6	 3	 -15.434234	 4.365187
1	 2	 6	 4	 -22.325926	 13.038420
1	 2	 6	 5	 -22.649584	 6.222748
1	 2	 6	 6	 -23.325994	 8.346792
1	 2	 7	 1	 -19.645063	 4.682372
1	 2	 7	 2	 -17.672400	 0.143885
1	 2	 7	 3	 -18.344200	 0.142191
1	 2	 7	 4	 -40.924566	 35.296207
1	 2	 7	 5	 -18.074400	 0.176544
1	 2	 7	 6	 -20.372800	 0.152579
1	 3	 1	 1	 -12.676100	 3.818290
1	 3	 1	 2	 -17.226792	 5.119750
1	 3	 1	 3	 -14.026500	 0.032217
1	 3	 1	 4	 -15.281044	 2.492126
1	 3	 1	 5	 -17.948918	 3.353559
1	 3	 1	 6	 -14.466085	 2.223684
1	 3	 2	 1	 -13.450606	 1.874580
1	 3	 2	 2	 -14.643645	 2.938384
1	 3	 2	 3	 -14.821618	 1.667077
1	 3	 2	 4	 -14.712546	 1.663448
1	 3	 2	 5	 -11.887390	 2.182269
1	 3	 2	 6	 -15.237041	 1.820154
1	 3	 3	 1	 -18.711920	 2.621943
1	 3	 3	 2	 -13.358300	 0.043382
1	 3	 3	 3	 -16.371178	 2.052480
1	 3	 3	 4	 -23.665360	 4.752023
1	 3	 3	 5	 -13.094546	 2.482037
1	 3	 3	 6	 -19.164243	 3.362640
1	 3	 4	 1	 -12.871900	 0.038213
1	 3	 4	 2	 -18.564509	 3.275029
1	 3	 4	 3	 -32.923765	 8.565157
1	 3	 4	 4	 -15.367934	 2.902402
1	 3	 4	 5	 -28.345729	 5.803504
1	 3	 4	 6	 -28.114853	 7.720233
1	 3	 5	 1	 -16.893235	 2.632998
1	 3	 5	 2	 -16.063837	 4.828488
1	 3	 5	 3	 -11.561584	 3.154838
1	 3	 5	 4	 -22.822700	 4.230983
1	 3	 5	 5	 -69.604067	 41.882133
1	 3	 5	 6	 -11.869900	 0.123062
1	 3	 6	 1	 -21.774043	 10.464024
1	 3	 6	 2	 -7.945631	 4.003282
1	 3	 6	 3	 -15.827001	 5.305300
1	 3	 6	 4	 -17.427616	 7.517951
1	 3	 6	 5	 -44.031570	 30.584975
1	 3	 6	 6	 -12.395061	 8.634524
1	 3	 7	 1	 -0.341550	 4.871168
1	 3	 7	 2	 -12.444200	 0.317304
1	 3	 7	 3	 -16.922000	 0.710913
1	 3	 7	 4	 -18.128100	 0.994972
1	 3	 7	 5	 -16.717000	 1.749730
1	 3	 7	 6	 -19.695700	 3.606850
1	 4	 1	 1	 -23.096800	 14.528700
1	 4	 1	 2	 -15.060756	 2.779695
1	 4	 1	 3	 -15.979342	 2.608921
1	 4	 1	 4	 -16.638241	 2.609335
1	 4	 1	 5	 -15.559503	 2.245450
1	 4	 1	 6	 -19.622336	 4.493719
1	 4	 2	 1	 -14.975971	 2.002046
1	 4	 2	 2	 -17.772238	 3.438592
1	 4	 2	 3	 -16.047903	 2.335122
1	 4	 2	 4	 -16.875779	 2.318627
1	 4	 2	 5	 -10.348148	 1.445918
1	 4	 2	 6	 -25.117801	 4.910400
1	 4	 3	 1	 -24.567713	 4.210498
1	 4	 3	 2	 -24.456767	 3.894488
1	 4	 3	 3	 -21.842877	 3.453372
1	 4	 3	 4	 -18.257776	 2.593405
1	 4	 3	 5	 -20.275778	 3.025819
1	 4	 3	 6	 -13.864353	 2.281192
1	 4	 4	 1	 -14.639619	 2.708784
1	 4	 4	 2	 -20.682473	 2.570301
1	 4	 4	 3	 -19.477134	 2.054060
1	 4	 4	 4	 -23.347591	 3.678473
1	 4	 4	 5	 -22.709565	 4.373737
1	 4	 4	 6	 -19.306332	 3.520779
1	 4	 5	 1	 -23.642227	 4.464653
1	 4	 5	 2	 -22.662514	 3.503504
1	 4	 5	 3	 -13.113494	 2.466197
1	 4	 5	 4	 -28.627766	 8.970923
1	 4	 5	 5	 -15.448400	 0.108222
1	 4	 5	 6	 -15.073134	 5.328163
1	 4	 6	 1	 -35.175066	 21.495948
1	 4	 6	 2	 -18.989062	 6.841741
1	 4	 6	 3	 -23.260086	 8.649209
1	 4	 6	 4	 -17.843300	 0.328302
1	 4	 6	 5	 -15.260600	 7.426618
1	 4	 6	 6	 -11.649824	 7.790821
1	 4	 7	 1	 -14.812600	 0.180590
1	 4	 7	 2	 -16.966200	 0.683434
1	 4	 7	 3	 -18.565400	 0.902941
1	 4	 7	 4	 -22.076800	 1.971960
1	 4	 7	 5	 -7.687400	 99.887500
1	 4	 7	 6	 -19.844500	 2.748620
1	 5	 1	 1	 32.075477	 12.343208
1	 5	 1	 2	 28.661285	 7.298937
1	 5	 1	 3	 27.615394	 6.849329
1	 5	 1	 4	 27.359004	 7.091920
1	 5	 1	 5	 31.078824	 11.144015
1	 5	 1	 6	 29.596420	 10.940516
1	 5	 2	 1	 23.671810	 5.955591
1	 5	 2	 2	 23.923608	 9.674626
1	 5	 2	 3	 11.721018	 12.851057
1	 5	 2	 4	 18.710095	 8.595935
1	 5	 2	 5	 26.230584	 8.919671
1	 5	 2	 6	 28.037862	 9.460559
1	 5	 3	 1	 30.447169	 7.924653
1	 5	 3	 2	 36.277100	 0.034463
1	 5	 3	 3	 25.909924	 8.896487
1	 5	 3	 4	 35.015900	 0.040539
1	 5	 3	 5	 32.368848	 7.816607
1	 5	 3	 6	 23.817956	 9.273508
1	 5	 4	 1	 26.552261	 9.100884
1	 5	 4	 2	 31.308681	 11.067271
1	 5	 4	 3	 26.836763	 6.745829
1	 5	 4	 4	 24.108369	 9.465330
1	 5	 4	 5	 35.986974	 10.104420
1	 5	 4	 6	 23.122412	 10.833403
1	 5	 5	 1	 22.232618	 11.495310
1	 5	 5	 2	 34.061800	 0.119125
1	 5	 5	 3	 30.293608	 14.025711
1	 5	 5	 4	 25.310878	 7.154029
1	 5	 5	 5	 21.567424	 13.100372
1	 5	 5	 6	 30.646256	 9.215917
1	 5	 6	 1	 25.935279	 14.639461
1	 5	 6	 2	 25.060215	 13.784765
1	 5	 6	 3	 32.116381	 23.294567
1	 5	 6	 4	 38.281115	 16.291255
1	 5	 6	 5	 30.553954	 16.815347
1	 5	 6	 6	 38.617400	 26.176235
1	 5	 7	 1	 40.451450	 29.874445
1	 5	 7	 2	 27.348191	 25.835757
1	 5	 7	 3	 22.810800	 1.953950
1	 5	 7	 4	 38.948100	 7.634000
1	 5	 7	 5	 45.642200	 0.866746
1	 5	 7	 6	 49.175900	 13.204500
1	 6	 1	 1	 17.629047	 8.528160
1	 6	 1	 2	 26.317799	 6.502842
1	 6	 1	 3	 29.566390	 6.629576
1	 6	 1	 4	 24.926983	 9.908116
1	 6	 1	 5	 27.371969	 8.871863
1	 6	 1	 6	 27.529518	 6.543478
1	 6	 2	 1	 24.679180	 6.050024
1	 6	 2	 2	 20.131560	 6.613544
1	 6	 2	 3	 21.161841	 11.039336
1	 6	 2	 4	 22.637171	 6.717343
1	 6	 2	 5	 25.455089	 9.762960
1	 6	 2	 6	 22.645414	 8.192834
1	 6	 3	 1	 14.579490	 7.128456
1	 6	 3	 2	 16.438116	 6.785473
1	 6	 3	 3	 18.352588	 6.257932
1	 6	 3	 4	 22.204113	 6.865355
1	 6	 3	 5	 24.773585	 6.866887
1	 6	 3	 6	 27.037931	 6.424577
1	 6	 4	 1	 26.783410	 5.150904
1	 6	 4	 2	 22.429322	 7.233469
1	 6	 4	 3	 22.208528	 5.658763
1	 6	 4	 4	 17.164671	 8.728266
1	 6	 4	 5	 21.619367	 6.787282
1	 6	 4	 6	 18.114941	 8.697118
1	 6	 5	 1	 34.973288	 8.312456
1	 6	 5	 2	 34.372302	 11.956700
1	 6	 5	 3	 22.756315	 7.725297
1	 6	 5	 4	 19.083369	 6.778691
1	 6	 5	 5	 19.074475	 14.458195
1	 6	 5	 6	 24.392868	 8.026322
1	 6	 6	 1	 25.950343	 11.337843
1	 6	 6	 2	 27.276792	 14.935208
1	 6	 6	 3	 33.793695	 15.655723
1	 6	 6	 4	 18.841629	 33.912710
1	 6	 6	 5	 7.239699	 20.832226
1	 6	 6	 6	 15.888889	 17.928100
1	 6	 7	 1	 24.437897	 17.496691
1	 6	 7	 2	 36.493333	 37.855349
1	 6	 7	 3	 32.396317	 33.839182
1	 6	 7	 4	 9.760278	 25.814425
1	 6	 7	 5	 33.135700	 3.214290
1	 6	 7	 6	 33.715000	 5.225000
2	 1	 1	 1	 0.918728	 5.874788
2	 1	 1	 2	 13.099627	 3.115216
2	 1	 1	 3	 4.479767	 4.555332
2	 1	 1	 4	 11.514115	 4.250336
2	 1	 1	 5	 13.151283	 4.281785
2	 1	 1	 6	 15.035606	 4.845682
2	 1	 2	 1	 11.985264	 3.372136
2	 1	 2	 2	 10.834423	 2.708246
2	 1	 2	 3	 14.619600	 0.018263
2	 1	 2	 4	 11.576736	 3.115679
2	 1	 2	 5	 15.485017	 7.426132
2	 1	 2	 6	 18.100908	 3.866277
2	 1	 3	 1	 14.485939	 3.293777
2	 1	 3	 2	 13.520343	 4.492918
2	 1	 3	 3	 13.859411	 2.830311
2	 1	 3	 4	 11.640248	 4.144279
2	 1	 3	 5	 12.497458	 3.176997
2	 1	 3	 6	 6.617586	 3.189504
2	 1	 4	 1	 11.146136	 4.050277
2	 1	 4	 2	 13.364284	 3.531006
2	 1	 4	 3	 8.170653	 3.694212
2	 1	 4	 4	 12.323631	 3.138908
2	 1	 4	 5	 12.169008	 4.174273
2	 1	 4	 6	 12.838348	 3.828376
2	 1	 5	 1	 12.373376	 4.473991
2	 1	 5	 2	 7.725241	 7.179445
2	 1	 5	 3	 9.590863	 4.315393
2	 1	 5	 4	 12.795460	 3.875766
2	 1	 5	 5	 6.339791	 4.985029
2	 1	 5	 6	 1.749748	 8.608153
2	 1	 6	 1	 12.609324	 5.067860
2	 1	 6	 2	 13.959431	 6.405222
2	 1	 6	 3	 9.891375	 4.944974
2	 1	 6	 4	 9.580593	 6.387177
2	 1	 6	 5	 11.105613	 8.387079
2	 1	 6	 6	 20.621426	 9.672019
2	 1	 7	 1	 14.800000	 14.261540
2	 1	 7	 2	 15.976800	 0.138212
2	 1	 7	 3	 14.749500	 0.166562
2	 1	 7	 4	 13.983900	 0.063647
2	 1	 7	 5	 13.776000	 0.222250
2	 1	 7	 6	 17.536100	 0.193318
2	 2	 1	 1	 19.376800	 0.059361
2	 2	 1	 2	 18.127045	 4.539812
2	 2	 1	 3	 18.119987	 3.827564
2	 2	 1	 4	 16.451728	 3.201299
2	 2	 1	 5	 16.052266	 3.437184
2	 2	 1	 6	 11.906010	 6.391387
2	 2	 2	 1	 18.690732	 3.509157
2	 2	 2	 2	 19.404744	 3.353563
2	 2	 2	 3	 19.226635	 3.455333
2	 2	 2	 4	 19.162498	 4.326201
2	 2	 2	 5	 15.205784	 3.867599
2	 2	 2	 6	 17.040599	 3.770163
2	 2	 3	 1	 12.714108	 2.535555
2	 2	 3	 2	 10.994113	 5.140699
2	 2	 3	 3	 10.240816	 3.892025
2	 2	 3	 4	 11.037226	 3.063779
2	 2	 3	 5	 6.465897	 5.987729
2	 2	 3	 6	 15.215100	 0.024500
2	 2	 4	 1	 14.568174	 3.583046
2	 2	 4	 2	 17.292794	 3.475879
2	 2	 4	 3	 16.202824	 3.617577
2	 2	 4	 4	 14.183599	 3.572477
2	 2	 4	 5	 10.888426	 4.052820
2	 2	 4	 6	 17.181598	 4.560763
2	 2	 5	 1	 8.867091	 4.280857
2	 2	 5	 2	 11.765763	 3.182433
2	 2	 5	 3	 13.688182	 4.657469
2	 2	 5	 4	 5.868033	 5.602310
2	 2	 5	 5	 6.137174	 6.482990
2	 2	 5	 6	 17.419000	 0.052736
2	 2	 6	 1	 15.498514	 7.476217
2	 2	 6	 2	 18.318575	 9.557746
2	 2	 6	 3	 14.109307	 8.711575
2	 2	 6	 4	 15.585790	 7.038643
2	 2	 6	 5	 8.906805	 10.533285
2	 2	 6	 6	 12.736932	 10.842078
2	 2	 7	 1	 12.081703	 14.238561
2	 2	 7	 2	 16.913800	 0.690234
2	 2	 7	 3	 19.617600	 0.313706
2	 2	 7	 4	 8.823140	 18.134638
2	 2	 7	 5	 17.176200	 0.257461
2	 2	 7	 6	 17.451400	 0.249777
2	 3	 1	 1	 31.829200	 2.363320
2	 3	 1	 2	 25.731800	 0.082556
2	 3	 1	 3	 24.879600	 0.045471
2	 3	 1	 4	 9.617335	 10.855214
2	 3	 1	 5	 18.823351	 6.194409
2	 3	 1	 6	 17.829128	 5.859818
2	 3	 2	 1	 20.395600	 4.944981
2	 3	 2	 2	 19.665161	 3.923395
2	 3	 2	 3	 10.123156	 11.293497
2	 3	 2	 4	 15.359971	 4.745464
2	 3	 2	 5	 18.642667	 7.799772
2	 3	 2	 6	 16.211462	 3.520333
2	 3	 3	 1	 14.713817	 6.802784
2	 3	 3	 2	 16.541046	 3.620360
2	 3	 3	 3	 17.087806	 8.502168
2	 3	 3	 4	 16.619298	 5.420642
2	 3	 3	 5	 13.839035	 8.728559
2	 3	 3	 6	 11.397060	 5.140467
2	 3	 4	 1	 20.779551	 6.917948
2	 3	 4	 2	 19.954667	 7.732740
2	 3	 4	 3	 16.904831	 6.449385
2	 3	 4	 4	 16.834499	 5.672631
2	 3	 4	 5	 11.428038	 7.046340
2	 3	 4	 6	 23.223311	 5.739352
2	 3	 5	 1	 12.567650	 9.801120
2	 3	 5	 2	 14.266622	 6.269624
2	 3	 5	 3	 17.322823	 7.025095
2	 3	 5	 4	 -11.581415	 15.903570
2	 3	 5	 5	 10.980844	 9.627151
2	 3	 5	 6	 11.330897	 10.539285
2	 3	 6	 1	 9.678792	 14.317883
2	 3	 6	 2	 31.327287	 16.731042
2	 3	 6	 3	 19.730800	 0.073256
2	 3	 6	 4	 26.739309	 15.534172
2	 3	 6	 5	 8.290440	 24.973262
2	 3	 6	 6	 -30.473927	 38.351024
2	 3	 7	 1	 11.359375	 29.336490
2	 3	 7	 2	 21.742500	 0.214053
2	 3	 7	 3	 16.940200	 0.798274
2	 3	 7	 4	 18.380600	 1.355320
2	 3	 7	 5	 22.383500	 9.533030
2	 3	 7	 6	 20.814300	 2.710580
2	 4	 1	 1	 35.974500	 6.497670
2	 4	 1	 2	 21.161100	 0.162418
2	 4	 1	 3	 18.186485	 12.213048
2	 4	 1	 4	 21.707487	 7.991873
2	 4	 1	 5	 19.764562	 6.964321
2	 4	 1	 6	 18.265381	 10.409736
2	 4	 2	 1	 19.201997	 4.794043
2	 4	 2	 2	 19.159209	 6.761104
2	 4	 2	 3	 9.735024	 13.654180
2	 4	 2	 4	 28.229505	 5.593004
2	 4	 2	 5	 18.044789	 4.532653
2	 4	 2	 6	 16.946235	 6.879685
2	 4	 3	 1	 10.823807	 4.682036
2	 4	 3	 2	 15.789603	 4.046829
2	 4	 3	 3	 12.610699	 10.174769
2	 4	 3	 4	 15.759278	 4.330005
2	 4	 3	 5	 16.844403	 4.186328
2	 4	 3	 6	 6.705995	 6.068795
2	 4	 4	 1	 13.693217	 7.708685
2	 4	 4	 2	 7.500328	 9.576319
2	 4	 4	 3	 14.910699	 5.851615
2	 4	 4	 4	 9.470418	 9.353449
2	 4	 4	 5	 18.263697	 5.869686
2	 4	 4	 6	 17.127436	 4.851652
2	 4	 5	 1	 16.767937	 9.629665
2	 4	 5	 2	 13.670388	 5.165491
2	 4	 5	 3	 16.014827	 8.736852
2	 4	 5	 4	 14.452366	 7.594739
2	 4	 5	 5	 19.862988	 8.348893
2	 4	 5	 6	 30.591108	 14.085616
2	 4	 6	 1	 17.120830	 12.434822
2	 4	 6	 2	 23.537170	 12.455329
2	 4	 6	 3	 9.380906	 16.178048
2	 4	 6	 4	 15.283343	 19.358692
2	 4	 6	 5	 20.710300	 0.298066
2	 4	 6	 6	 16.428357	 12.571924
2	 4	 7	 1	 -4.782024	 39.324994
2	 4	 7	 2	 17.592700	 0.767783
2	 4	 7	 3	 -43.685577	 76.500492
2	 4	 7	 4	 15.837400	 1.266970
2	 4	 7	 5	 17.180100	 1.997930
2	 4	 7	 6	 28.007000	 21.482100
2	 5	 1	 1	 -0.042439	 22.762307
2	 5	 1	 2	 23.827949	 8.006837
2	 5	 1	 3	 29.049790	 8.723328
2	 5	 1	 4	 29.748599	 8.361259
2	 5	 1	 5	 25.459913	 5.580886
2	 5	 1	 6	 29.043574	 6.858159
2	 5	 2	 1	 16.476272	 17.799993
2	 5	 2	 2	 29.456253	 5.631360
2	 5	 2	 3	 27.440185	 7.016375
2	 5	 2	 4	 22.296362	 10.653130
2	 5	 2	 5	 28.943440	 7.732728
2	 5	 2	 6	 20.369325	 8.517677
2	 5	 3	 1	 28.767921	 8.846519
2	 5	 3	 2	 30.694630	 11.619413
2	 5	 3	 3	 24.061418	 7.469030
2	 5	 3	 4	 24.289618	 9.323966
2	 5	 3	 5	 21.239713	 7.850535
2	 5	 3	 6	 30.803013	 8.652239
2	 5	 4	 1	 31.894477	 11.115629
2	 5	 4	 2	 34.093500	 0.058858
2	 5	 4	 3	 27.451100	 6.527294
2	 5	 4	 4	 28.149128	 6.284709
2	 5	 4	 5	 35.064738	 8.319790
2	 5	 4	 6	 24.215195	 10.680964
2	 5	 5	 1	 27.039092	 7.648944
2	 5	 5	 2	 32.975958	 13.446305
2	 5	 5	 3	 27.080967	 8.082865
2	 5	 5	 4	 22.584705	 11.460384
2	 5	 5	 5	 24.797909	 8.592363
2	 5	 5	 6	 29.702808	 13.780926
2	 5	 6	 1	 31.985714	 19.062894
2	 5	 6	 2	 22.588662	 15.178583
2	 5	 6	 3	 11.907781	 28.781356
2	 5	 6	 4	 -21.181193	 41.509345
2	 5	 6	 5	 35.183032	 24.023509
2	 5	 6	 6	 51.571583	 25.941143
2	 5	 7	 1	 7.059961	 45.201620
2	 5	 7	 2	 15.654484	 6.873759
2	 5	 7	 3	 19.987100	 3.114220
2	 5	 7	 4	 21.220200	 2.673060
2	 5	 7	 5	 24.065125	 53.760543
2	 5	 7	 6	 34.971000	 4.388000
2	 6	 1	 1	 17.790031	 9.694551
2	 6	 1	 2	 23.585708	 8.463716
2	 6	 1	 3	 22.747218	 6.437709
2	 6	 1	 4	 27.698913	 7.143106
2	 6	 1	 5	 24.167745	 6.413584
2	 6	 1	 6	 21.384660	 7.974491
2	 6	 2	 1	 24.478724	 8.101229
2	 6	 2	 2	 22.616876	 7.263661
2	 6	 2	 3	 26.551696	 6.156932
2	 6	 2	 4	 19.201710	 10.304632
2	 6	 2	 5	 20.664750	 9.210962
2	 6	 2	 6	 33.686227	 7.306605
2	 6	 3	 1	 23.520618	 6.358613
2	 6	 3	 2	 4.479518	 14.164538
2	 6	 3	 3	 23.669247	 8.243930
2	 6	 3	 4	 21.017781	 7.880834
2	 6	 3	 5	 21.229269	 6.382747
2	 6	 3	 6	 16.914405	 11.284741
2	 6	 4	 1	 27.225329	 6.998839
2	 6	 4	 2	 24.775834	 7.304446
2	 6	 4	 3	 17.247468	 15.828451
2	 6	 4	 4	 16.318507	 6.995157
2	 6	 4	 5	 0.143199	 15.693448
2	 6	 4	 6	 29.786500	 0.106498
2	 6	 5	 1	 27.226710	 7.305571
2	 6	 5	 2	 22.720907	 8.676004
2	 6	 5	 3	 24.622623	 8.838015
2	 6	 5	 4	 22.181381	 9.725914
2	 6	 5	 5	 24.761314	 9.673038
2	 6	 5	 6	 28.247649	 9.609254
2	 6	 6	 1	 24.703049	 9.163918
2	 6	 6	 2	 20.882777	 11.463081
2	 6	 6	 3	 39.745465	 19.866380
2	 6	 6	 4	 34.517600	 0.166102
2	 6	 6	 5	 -58.859776	 107.107668
2	 6	 6	 6	 28.640174	 15.572747
2	 6	 7	 1	 14.308940	 1.393920
2	 6	 7	 2	 31.214600	 0.206273
2	 6	 7	 3	 19.955400	 2.617740
2	 6	 7	 4	 25.656600	 1.712620
2	 6	 7	 5	 47.627300	 1.549530
2	 6	 7	 6	 30.697600	 4.021000
3	 1	 1	 1	 44.583006	 15.286483
3	 1	 1	 2	 39.407929	 8.144108
3	 1	 1	 3	 40.384467	 12.048876
3	 1	 1	 4	 41.955618	 6.520593
3	 1	 1	 5	 39.808891	 5.553733
3	 1	 1	 6	 41.246136	 6.278369
3	 1	 2	 1	 42.159387	 8.553120
3	 1	 2	 2	 43.010295	 5.957039
3	 1	 2	 3	 42.625900	 0.016384
3	 1	 2	 4	 44.892874	 10.269898
3	 1	 2	 5	 43.052662	 6.126602
3	 1	 2	 6	 39.883542	 6.029790
3	 1	 3	 1	 38.843422	 6.073917
3	 1	 3	 2	 36.722195	 5.766426
3	 1	 3	 3	 38.235031	 8.890248
3	 1	 3	 4	 35.487991	 10.285560
3	 1	 3	 5	 42.235826	 9.376221
3	 1	 3	 6	 40.505750	 11.200906
3	 1	 4	 1	 39.503193	 9.106575
3	 1	 4	 2	 41.377852	 8.128343
3	 1	 4	 3	 38.044322	 9.628870
3	 1	 4	 4	 41.325972	 7.212765
3	 1	 4	 5	 36.649946	 11.641680
3	 1	 4	 6	 37.916679	 8.987502
3	 1	 5	 1	 37.799620	 7.233449
3	 1	 5	 2	 39.608060	 8.640910
3	 1	 5	 3	 32.486120	 7.594330
3	 1	 5	 4	 34.444741	 8.661413
3	 1	 5	 5	 39.057478	 10.103443
3	 1	 5	 6	 38.694851	 10.920862
3	 1	 6	 1	 40.565082	 8.944473
3	 1	 6	 2	 33.880701	 22.457558
3	 1	 6	 3	 40.244114	 17.026470
3	 1	 6	 4	 40.851516	 14.087366
3	 1	 6	 5	 39.293582	 12.026737
3	 1	 6	 6	 44.833300	 0.087696
3	 1	 7	 1	 46.544489	 37.286970
3	 1	 7	 2	 43.733334	 24.031874
3	 1	 7	 3	 43.966570	 20.102696
3	 1	 7	 4	 44.152357	 42.744547
3	 1	 7	 5	 44.935000	 0.161231
3	 1	 7	 6	 44.213500	 0.176222
3	 2	 1	 1	 31.528158	 44.288944
3	 2	 1	 2	 46.806447	 9.364246
3	 2	 1	 3	 44.454173	 9.332934
3	 2	 1	 4	 43.220357	 8.633082
3	 2	 1	 5	 44.886597	 10.363849
3	 2	 1	 6	 43.568159	 6.330273
3	 2	 2	 1	 42.021940	 6.643817
3	 2	 2	 2	 48.701856	 7.220624
3	 2	 2	 3	 41.652417	 8.698020
3	 2	 2	 4	 41.874885	 7.313523
3	 2	 2	 5	 43.842631	 8.215000
3	 2	 2	 6	 43.130433	 8.626738
3	 2	 3	 1	 40.217048	 6.513639
3	 2	 3	 2	 44.126904	 8.472496
3	 2	 3	 3	 41.265938	 6.050827
3	 2	 3	 4	 40.560359	 7.991783
3	 2	 3	 5	 43.698804	 8.577623
3	 2	 3	 6	 42.806525	 9.650616
3	 2	 4	 1	 38.012724	 11.836970
3	 2	 4	 2	 40.917783	 7.452084
3	 2	 4	 3	 38.177576	 6.484567
3	 2	 4	 4	 41.456055	 6.603144
3	 2	 4	 5	 38.014045	 7.084648
3	 2	 4	 6	 42.721349	 8.867575
3	 2	 5	 1	 32.207124	 18.441691
3	 2	 5	 2	 45.157968	 10.532965
3	 2	 5	 3	 38.411303	 12.099634
3	 2	 5	 4	 42.805169	 9.925669
3	 2	 5	 5	 39.638693	 14.276086
3	 2	 5	 6	 40.969370	 24.431301
3	 2	 6	 1	 35.965722	 14.329758
3	 2	 6	 2	 41.362517	 12.528285
3	 2	 6	 3	 38.632561	 10.689261
3	 2	 6	 4	 39.965839	 15.361252
3	 2	 6	 5	 41.361668	 15.231494
3	 2	 6	 6	 31.280284	 18.671653
3	 2	 7	 1	 23.457621	 23.934620
3	 2	 7	 2	 40.484680	 20.339258
3	 2	 7	 3	 29.007298	 21.357317
3	 2	 7	 4	 35.468070	 43.477048
3	 2	 7	 5	 44.312100	 0.261522
3	 2	 7	 6	 45.856700	 0.243205
3	 3	 1	 1	 48.433000	 2.420030
3	 3	 1	 2	 43.183000	 0.094106
3	 3	 1	 3	 32.877055	 22.425829
3	 3	 1	 4	 -27.861900	 109.612094
3	 3	 1	 5	 43.691400	 0.015853
3	 3	 1	 6	 40.848610	 13.062676
3	 3	 2	 1	 43.768672	 16.416008
3	 3	 2	 2	 45.174592	 10.167749
3	 3	 2	 3	 42.608070	 14.285893
3	 3	 2	 4	 42.348015	 13.862895
3	 3	 2	 5	 46.408244	 12.702227
3	 3	 2	 6	 31.659539	 19.690429
3	 3	 3	 1	 41.915231	 13.995076
3	 3	 3	 2	 40.450833	 14.696627
3	 3	 3	 3	 41.165601	 14.228671
3	 3	 3	 4	 44.659973	 9.883521
3	 3	 3	 5	 39.276318	 9.658314
3	 3	 3	 6	 37.805241	 12.394401
3	 3	 4	 1	 40.351536	 7.558310
3	 3	 4	 2	 47.344134	 12.625722
3	 3	 4	 3	 35.248018	 15.434981
3	 3	 4	 4	 38.109800	 13.997851
3	 3	 4	 5	 42.924825	 12.618223
3	 3	 4	 6	 32.027822	 14.911260
3	 3	 5	 1	 37.505014	 15.808952
3	 3	 5	 2	 35.606539	 14.929662
3	 3	 5	 3	 36.521651	 13.952519
3	 3	 5	 4	 39.793909	 14.956400
3	 3	 5	 5	 37.127226	 24.068842
3	 3	 5	 6	 38.633992	 14.025620
3	 3	 6	 1	 15.809620	 27.099219
3	 3	 6	 2	 38.687980	 19.111126
3	 3	 6	 3	 22.346913	 37.316388
3	 3	 6	 4	 32.320273	 33.446256
3	 3	 6	 5	 24.024236	 45.017603
3	 3	 6	 6	 44.041600	 0.404038
3	 3	 7	 1	 43.201700	 0.433051
3	 3	 7	 2	 53.098590	 45.542645
3	 3	 7	 3	 41.060700	 0.693647
3	 3	 7	 4	 41.945800	 1.415060
3	 3	 7	 5	 41.815400	 1.746690
3	 3	 7	 6	 45.038200	 18.623600
3	 4	 1	 1	 56.028500	 5.662000
3	 4	 1	 2	 44.484700	 0.137028
3	 4	 1	 3	 45.363500	 0.051981
3	 4	 1	 4	 39.471126	 17.237757
3	 4	 1	 5	 42.134963	 18.367567
3	 4	 1	 6	 44.359355	 14.483394
3	 4	 2	 1	 40.485898	 11.309582
3	 4	 2	 2	 27.919984	 18.836805
3	 4	 2	 3	 40.718749	 10.641051
3	 4	 2	 4	 46.845231	 12.950274
3	 4	 2	 5	 45.642253	 12.761269
3	 4	 2	 6	 45.578894	 9.142579
3	 4	 3	 1	 36.175536	 11.793921
3	 4	 3	 2	 43.762787	 9.342429
3	 4	 3	 3	 43.228993	 12.009385
3	 4	 3	 4	 37.713093	 8.518251
3	 4	 3	 5	 39.994523	 13.751970
3	 4	 3	 6	 40.945536	 7.589589
3	 4	 4	 1	 40.773055	 7.197077
3	 4	 4	 2	 47.052785	 15.183076
3	 4	 4	 3	 44.612372	 10.941722
3	 4	 4	 4	 42.838324	 12.771326
3	 4	 4	 5	 26.998490	 27.181701
3	 4	 4	 6	 47.399695	 14.157306
3	 4	 5	 1	 38.604088	 11.487507
3	 4	 5	 2	 46.793578	 14.431515
3	 4	 5	 3	 15.566794	 22.104169
3	 4	 5	 4	 37.895405	 14.899516
3	 4	 5	 5	 29.900566	 25.133604
3	 4	 5	 6	 46.615354	 27.140319
3	 4	 6	 1	 46.505242	 23.467987
3	 4	 6	 2	 41.837335	 33.706818
3	 4	 6	 3	 52.971100	 0.195384
3	 4	 6	 4	 53.838500	 3.640000
3	 4	 6	 5	 53.820647	 27.519944
3	 4	 6	 6	 57.788300	 1.725010
3	 4	 7	 1	 -41.049075	 24.282958
3	 4	 7	 2	 51.290542	 68.150286
3	 4	 7	 3	 36.858685	 108.055340
3	 4	 7	 4	 43.534800	 1.363280
3	 4	 7	 5	 44.267900	 1.866040
3	 4	 7	 6	 49.035500	 2.295420
3	 5	 1	 1	 66.462192	 30.216492
3	 5	 1	 2	 65.777869	 32.868692
3	 5	 1	 3	 75.447958	 24.515635
3	 5	 1	 4	 65.129576	 21.215254
3	 5	 1	 5	 73.920085	 15.879323
3	 5	 1	 6	 67.990527	 14.615685
3	 5	 2	 1	 62.483788	 15.329655
3	 5	 2	 2	 73.954342	 16.347601
3	 5	 2	 3	 79.549001	 17.624048
3	 5	 2	 4	 72.174412	 16.731859
3	 5	 2	 5	 76.353900	 0.024229
3	 5	 2	 6	 65.409804	 14.774833
3	 5	 3	 1	 64.572251	 19.342432
3	 5	 3	 2	 69.544880	 16.786693
3	 5	 3	 3	 67.238334	 17.209835
3	 5	 3	 4	 69.739872	 12.301203
3	 5	 3	 5	 70.557832	 15.726307
3	 5	 3	 6	 81.358813	 15.684651
3	 5	 4	 1	 67.682542	 12.798426
3	 5	 4	 2	 78.007300	 0.071752
3	 5	 4	 3	 70.819970	 15.875566
3	 5	 4	 4	 67.661940	 16.968275
3	 5	 4	 5	 76.643089	 14.284425
3	 5	 4	 6	 67.175333	 12.402220
3	 5	 5	 1	 56.534862	 20.263897
3	 5	 5	 2	 60.810971	 24.773349
3	 5	 5	 3	 66.430175	 15.553298
3	 5	 5	 4	 56.483363	 11.899000
3	 5	 5	 5	 59.012500	 0.127715
3	 5	 5	 6	 70.103291	 24.240868
3	 5	 6	 1	 59.428699	 28.312725
3	 5	 6	 2	 71.321847	 20.908461
3	 5	 6	 3	 69.095996	 27.594896
3	 5	 6	 4	 75.781866	 27.927512
3	 5	 6	 5	 74.327653	 35.504229
3	 5	 6	 6	 68.020179	 26.385912
3	 5	 7	 1	 72.633437	 47.663254
3	 5	 7	 2	 64.477131	 43.658997
3	 5	 7	 3	 65.330888	 50.731184
3	 5	 7	 4	 53.838900	 2.537120
3	 5	 7	 5	 65.830800	 12.885000
3	 5	 7	 6	 65.830800	 12.885000
3	 6	 1	 1	 63.159978	 14.271622
3	 6	 1	 2	 63.701211	 21.229807
3	 6	 1	 3	 58.161031	 23.656673
3	 6	 1	 4	 77.686219	 14.907126
3	 6	 1	 5	 71.342846	 15.002161
3	 6	 1	 6	 65.361580	 23.937347
3	 6	 2	 1	 61.481074	 21.307216
3	 6	 2	 2	 68.286684	 11.957542
3	 6	 2	 3	 64.214469	 13.420375
3	 6	 2	 4	 74.428593	 17.616958
3	 6	 2	 5	 73.085410	 18.746328
3	 6	 2	 6	 69.448154	 14.623524
3	 6	 3	 1	 61.613232	 21.972464
3	 6	 3	 2	 72.920800	 0.039634
3	 6	 3	 3	 61.728175	 12.829417
3	 6	 3	 4	 64.288146	 19.447925
3	 6	 3	 5	 68.619481	 18.079729
3	 6	 3	 6	 65.030373	 12.088836
3	 6	 4	 1	 64.727427	 19.739829
3	 6	 4	 2	 64.869126	 12.400769
3	 6	 4	 3	 68.071026	 13.327136
3	 6	 4	 4	 68.591749	 14.049220
3	 6	 4	 5	 62.051800	 13.968008
3	 6	 4	 6	 59.078423	 23.515859
3	 6	 5	 1	 58.239235	 14.928173
3	 6	 5	 2	 56.437994	 11.886193
3	 6	 5	 3	 52.091069	 13.170780
3	 6	 5	 4	 58.102895	 16.558360
3	 6	 5	 5	 64.576820	 14.551792
3	 6	 5	 6	 50.159336	 21.225949
3	 6	 6	 1	 65.280078	 16.566849
3	 6	 6	 2	 49.842486	 19.150220
3	 6	 6	 3	 67.900392	 25.977234
3	 6	 6	 4	 51.850000	 0.695749
3	 6	 6	 5	 55.213820	 30.819230
3	 6	 6	 6	 71.540322	 39.729256
3	 6	 7	 1	 73.829230	 37.181528
3	 6	 7	 2	 56.479188	 23.508448
3	 6	 7	 3	 54.038200	 1.980430
3	 6	 7	 4	 56.733000	 1.638570
3	 6	 7	 5	 65.278500	 2.188620
3	 6	 7	 6	 63.745200	 10.619000
4	 1	 1	 1	 8.731015	 3.435426
4	 1	 1	 2	 8.151929	 2.515462
4	 1	 1	 3	 6.925190	 2.204149
4	 1	 1	 4	 6.773499	 2.583413
4	 1	 1	 5	 7.234266	 1.749739
4	 1	 1	 6	 6.720747	 1.821297
4	 1	 2	 1	 8.341825	 1.764383
4	 1	 2	 2	 7.260895	 1.828381
4	 1	 2	 3	 5.229205	 2.049383
4	 1	 2	 4	 5.991757	 2.029955
4	 1	 2	 5	 8.238640	 0.016562
4	 1	 2	 6	 9.754650	 0.017104
4	 1	 3	 1	 6.663497	 1.926016
4	 1	 3	 2	 7.407090	 1.964570
4	 1	 3	 3	 8.232099	 2.432192
4	 1	 3	 4	 6.023992	 2.072326
4	 1	 3	 5	 7.242065	 2.023021
4	 1	 3	 6	 7.374540	 2.061738
4	 1	 4	 1	 6.328694	 1.942655
4	 1	 4	 2	 2.131265	 3.457848
4	 1	 4	 3	 2.005069	 2.300006
4	 1	 4	 4	 3.825065	 2.113352
4	 1	 4	 5	 4.484142	 2.626277
4	 1	 4	 6	 5.700228	 2.445651
4	 1	 5	 1	 1.082188	 4.872207
4	 1	 5	 2	 9.654150	 0.035673
4	 1	 5	 3	 10.615111	 4.882320
4	 1	 5	 4	 1.863164	 4.685995
4	 1	 5	 5	 4.496376	 3.373516
4	 1	 5	 6	 10.741931	 4.452278
4	 1	 6	 1	 7.281091	 3.746839
4	 1	 6	 2	 5.891539	 4.214496
4	 1	 6	 3	 2.552411	 5.793148
4	 1	 6	 4	 9.630510	 0.056753
4	 1	 6	 5	 7.118320	 5.969410
4	 1	 6	 6	 -1.819939	 12.974247
4	 1	 7	 1	 8.078282	 5.578478
4	 1	 7	 2	 3.030002	 8.878674
4	 1	 7	 3	 3.669296	 6.547047
4	 1	 7	 4	 -4.019353	 17.902425
4	 1	 7	 5	 -15.055243	 11.480300
4	 1	 7	 6	 9.207140	 0.238131
4	 2	 1	 1	 35.717208	 15.882283
4	 2	 1	 2	 22.610719	 16.536026
4	 2	 1	 3	 31.189273	 6.261747
4	 2	 1	 4	 34.540260	 6.285957
4	 2	 1	 5	 35.221200	 0.017531
4	 2	 1	 6	 36.157862	 5.044154
4	 2	 2	 1	 33.445987	 5.692464
4	 2	 2	 2	 50.742141	 6.578788
4	 2	 2	 3	 34.322400	 0.013511
4	 2	 2	 4	 33.896572	 6.562646
4	 2	 2	 5	 31.904469	 5.456448
4	 2	 2	 6	 34.517102	 6.541214
4	 2	 3	 1	 34.970584	 5.909765
4	 2	 3	 2	 32.365480	 7.114341
4	 2	 3	 3	 27.979666	 8.617389
4	 2	 3	 4	 31.787232	 5.483370
4	 2	 3	 5	 31.854748	 5.800563
4	 2	 3	 6	 33.177657	 7.009410
4	 2	 4	 1	 29.700033	 9.185765
4	 2	 4	 2	 35.290730	 6.566870
4	 2	 4	 3	 32.205408	 7.876279
4	 2	 4	 4	 29.147326	 7.536981
4	 2	 4	 5	 34.720324	 7.691698
4	 2	 4	 6	 35.224818	 7.555088
4	 2	 5	 1	 32.581982	 7.270257
4	 2	 5	 2	 33.263646	 6.023555
4	 2	 5	 3	 37.359642	 10.122149
4	 2	 5	 4	 27.881805	 5.647212
4	 2	 5	 5	 29.397603	 9.503444
4	 2	 5	 6	 30.212830	 8.400982
4	 2	 6	 1	 20.049320	 10.631792
4	 2	 6	 2	 31.982529	 10.822433
4	 2	 6	 3	 19.637565	 8.282040
4	 2	 6	 4	 9.059280	 21.958119
4	 2	 6	 5	 34.096000	 17.028762
4	 2	 6	 6	 31.902686	 12.927327
4	 2	 7	 1	 30.104960	 13.942522
4	 2	 7	 2	 29.936609	 21.251233
4	 2	 7	 3	 32.660392	 21.959309
4	 2	 7	 4	 26.624346	 48.273352
4	 2	 7	 5	 33.122100	 0.155404
4	 2	 7	 6	 32.369000	 0.167025
4	 3	 1	 1	 19.264800	 2.016820
4	 3	 1	 2	 17.523000	 0.076953
4	 3	 1	 3	 15.224949	 10.886487
4	 3	 1	 4	 8.432761	 12.760857
4	 3	 1	 5	 15.685330	 6.041267
4	 3	 1	 6	 9.522384	 13.047197
4	 3	 2	 1	 13.116038	 5.669291
4	 3	 2	 2	 11.886033	 7.845077
4	 3	 2	 3	 13.225126	 6.025183
4	 3	 2	 4	 12.481950	 7.825267
4	 3	 2	 5	 13.943229	 5.849165
4	 3	 2	 6	 13.579812	 5.168033
4	 3	 3	 1	 3.669920	 7.136783
4	 3	 3	 2	 5.155842	 5.396531
4	 3	 3	 3	 10.398789	 5.518575
4	 3	 3	 4	 13.669521	 5.222900
4	 3	 3	 5	 10.810018	 4.649658
4	 3	 3	 6	 8.523815	 3.994171
4	 3	 4	 1	 9.847856	 6.366263
4	 3	 4	 2	 12.276119	 6.191002
4	 3	 4	 3	 8.487719	 5.521112
4	 3	 4	 4	 16.185921	 5.109936
4	 3	 4	 5	 13.323911	 6.241803
4	 3	 4	 6	 12.540463	 5.298196
4	 3	 5	 1	 6.487814	 6.153824
4	 3	 5	 2	 14.362198	 5.606107
4	 3	 5	 3	 7.707960	 7.395349
4	 3	 5	 4	 17.619961	 8.719979
4	 3	 5	 5	 14.482319	 8.997218
4	 3	 5	 6	 16.881790	 15.913569
4	 3	 6	 1	 13.007690	 11.090229
4	 3	 6	 2	 12.966657	 9.545914
4	 3	 6	 3	 9.781607	 11.563258
4	 3	 6	 4	 1.074502	 19.139594
4	 3	 6	 5	 11.485803	 7.933875
4	 3	 6	 6	 4.033018	 22.311378
4	 3	 7	 1	 1.881132	 26.900122
4	 3	 7	 2	 -1.522261	 15.889974
4	 3	 7	 3	 12.647230	 0.698024
4	 3	 7	 4	 19.871100	 0.580228
4	 3	 7	 5	 10.211900	 1.837770
4	 3	 7	 6	 17.623900	 1.859180
4	 4	 1	 1	 17.378700	 5.969970
4	 4	 1	 2	 17.382700	 0.181820
4	 4	 1	 3	 17.804800	 0.054319
4	 4	 1	 4	 5.586051	 16.154124
4	 4	 1	 5	 -7.514854	 14.235599
4	 4	 1	 6	 8.782668	 8.192417
4	 4	 2	 1	 14.351175	 8.850565
4	 4	 2	 2	 -4.406980	 8.601636
4	 4	 2	 3	 16.898300	 0.028561
4	 4	 2	 4	 16.548400	 0.032235
4	 4	 2	 5	 11.121689	 5.268931
4	 4	 2	 6	 4.965203	 7.287173
4	 4	 3	 1	 6.693208	 6.750172
4	 4	 3	 2	 9.728562	 5.079858
4	 4	 3	 3	 1.748380	 7.902661
4	 4	 3	 4	 7.053014	 5.129899
4	 4	 3	 5	 9.653166	 4.864252
4	 4	 3	 6	 10.268181	 5.066490
4	 4	 4	 1	 3.018383	 6.375668
4	 4	 4	 2	 7.248810	 10.151775
4	 4	 4	 3	 10.967133	 6.366788
4	 4	 4	 4	 9.624346	 5.449620
4	 4	 4	 5	 16.969900	 0.057991
4	 4	 4	 6	 12.725907	 5.520768
4	 4	 5	 1	 11.875219	 5.879269
4	 4	 5	 2	 8.762898	 9.424690
4	 4	 5	 3	 12.259534	 8.203128
4	 4	 5	 4	 4.499711	 14.871657
4	 4	 5	 5	 16.463116	 11.785688
4	 4	 5	 6	 8.281273	 9.640873
4	 4	 6	 1	 18.679490	 9.603009
4	 4	 6	 2	 23.619433	 27.787978
4	 4	 6	 3	 11.918589	 10.674673
4	 4	 6	 4	 10.052983	 18.208234
4	 4	 6	 5	 4.837983	 16.974607
4	 4	 6	 6	 13.545625	 23.708215
4	 4	 7	 1	 5.597243	 21.682304
4	 4	 7	 2	 14.281900	 0.831715
4	 4	 7	 3	 14.987729	 37.112600
4	 4	 7	 4	 18.857508	 51.515539
4	 4	 7	 5	 11.449980	 1.744610
4	 4	 7	 6	 10.206290	 4.105340
4	 5	 1	 1	 47.852464	 16.783670
4	 5	 1	 2	 45.066330	 13.211847
4	 5	 1	 3	 42.845838	 13.654024
4	 5	 1	 4	 45.563837	 11.804775
4	 5	 1	 5	 51.103727	 9.811766
4	 5	 1	 6	 55.587400	 0.085670
4	 5	 2	 1	 47.601439	 8.514669
4	 5	 2	 2	 54.695079	 9.325852
4	 5	 2	 3	 46.954115	 8.696365
4	 5	 2	 4	 57.050900	 0.013711
4	 5	 2	 5	 58.013845	 17.025735
4	 5	 2	 6	 50.796225	 19.064350
4	 5	 3	 1	 53.537866	 9.325291
4	 5	 3	 2	 53.086901	 17.942004
4	 5	 3	 3	 46.894715	 19.563877
4	 5	 3	 4	 46.831736	 13.676136
4	 5	 3	 5	 54.259862	 16.961279
4	 5	 3	 6	 52.114843	 12.704979
4	 5	 4	 1	 45.682134	 10.832743
4	 5	 4	 2	 52.865823	 7.492092
4	 5	 4	 3	 58.816023	 10.493785
4	 5	 4	 4	 54.788196	 9.630295
4	 5	 4	 5	 52.408220	 8.178777
4	 5	 4	 6	 47.760984	 21.689753
4	 5	 5	 1	 53.664214	 11.608510
4	 5	 5	 2	 53.785410	 14.916991
4	 5	 5	 3	 54.702003	 15.949238
4	 5	 5	 4	 49.630149	 13.830927
4	 5	 5	 5	 41.155052	 11.142116
4	 5	 5	 6	 53.435443	 14.252212
4	 5	 6	 1	 38.017600	 2.021220
4	 5	 6	 2	 58.518100	 0.509110
4	 5	 6	 3	 50.616269	 19.046046
4	 5	 6	 4	 50.745038	 27.668539
4	 5	 6	 5	 49.109940	 27.339641
4	 5	 6	 6	 67.737653	 33.699104
4	 5	 7	 1	 42.957000	 0.966351
4	 5	 7	 2	 69.068100	 1.039480
4	 5	 7	 3	 57.023404	 31.876145
4	 5	 7	 4	 30.655182	 34.871599
4	 5	 7	 5	 59.035200	 10.186000
4	 5	 7	 6	 59.035200	 10.186000
4	 6	 1	 1	 46.428987	 21.945708
4	 6	 1	 2	 46.473654	 13.287069
4	 6	 1	 3	 29.706490	 19.778828
4	 6	 1	 4	 52.502599	 14.399362
4	 6	 1	 5	 41.568427	 10.430208
4	 6	 1	 6	 36.663968	 14.350466
4	 6	 2	 1	 49.051321	 11.556156
4	 6	 2	 2	 48.375434	 12.309943
4	 6	 2	 3	 45.707127	 12.801664
4	 6	 2	 4	 55.185074	 13.619437
4	 6	 2	 5	 49.984887	 9.433000
4	 6	 2	 6	 36.117072	 12.208659
4	 6	 3	 1	 57.772700	 0.035698
4	 6	 3	 2	 43.874673	 12.819002
4	 6	 3	 3	 50.137088	 11.646343
4	 6	 3	 4	 41.940802	 9.378546
4	 6	 3	 5	 53.716123	 8.494097
4	 6	 3	 6	 44.983390	 11.057303
4	 6	 4	 1	 48.477668	 11.212985
4	 6	 4	 2	 48.080578	 11.282636
4	 6	 4	 3	 50.696865	 10.282609
4	 6	 4	 4	 48.253236	 10.588168
4	 6	 4	 5	 47.601771	 9.680806
4	 6	 4	 6	 60.214700	 0.465687
4	 6	 5	 1	 52.726726	 11.218246
4	 6	 5	 2	 47.474674	 11.576341
4	 6	 5	 3	 48.306114	 15.326949
4	 6	 5	 4	 56.107400	 0.210779
4	 6	 5	 5	 52.542873	 25.018641
4	 6	 5	 6	 43.315317	 13.748709
4	 6	 6	 1	 48.727068	 14.583742
4	 6	 6	 2	 51.606439	 15.999279
4	 6	 6	 3	 41.399047	 29.814713
4	 6	 6	 4	 61.976137	 24.042032
4	 6	 6	 5	 58.536283	 23.411385
4	 6	 6	 6	 71.685073	 36.693650
4	 6	 7	 1	 39.205532	 77.630681
4	 6	 7	 2	 45.158300	 1.347730
4	 6	 7	 3	 44.982501	 43.744830
4	 6	 7	 4	 60.864198	 52.139231
4	 6	 7	 5	 65.352537	 76.440521
4	 6	 7	 6	 63.112200	 0.724527
5	 1	 1	 1	 41.015689	 13.365074
5	 1	 1	 2	 30.534792	 5.659056
5	 1	 1	 3	 31.304965	 7.440327
5	 1	 1	 4	 25.958174	 3.715516
5	 1	 1	 5	 25.319581	 4.544669
5	 1	 1	 6	 25.962617	 4.583729
5	 1	 2	 1	 28.829984	 5.597597
5	 1	 2	 2	 26.504586	 3.363500
5	 1	 2	 3	 28.847059	 5.371218
5	 1	 2	 4	 25.778697	 5.216571
5	 1	 2	 5	 26.138960	 3.660121
5	 1	 2	 6	 30.339394	 4.826576
5	 1	 3	 1	 28.980700	 0.017536
5	 1	 3	 2	 25.572862	 5.259426
5	 1	 3	 3	 25.498940	 3.471115
5	 1	 3	 4	 23.212043	 6.051441
5	 1	 3	 5	 26.098605	 4.077740
5	 1	 3	 6	 26.799296	 5.369223
5	 1	 4	 1	 29.040920	 4.574019
5	 1	 4	 2	 24.585143	 6.513349
5	 1	 4	 3	 27.604520	 7.612835
5	 1	 4	 4	 28.142800	 5.568269
5	 1	 4	 5	 24.392674	 5.779229
5	 1	 4	 6	 28.461887	 5.496542
5	 1	 5	 1	 28.616784	 5.839136
5	 1	 5	 2	 24.821991	 5.892291
5	 1	 5	 3	 22.958442	 6.680643
5	 1	 5	 4	 30.172549	 8.172313
5	 1	 5	 5	 32.362842	 7.435988
5	 1	 5	 6	 30.339527	 9.687515
5	 1	 6	 1	 26.193968	 6.739002
5	 1	 6	 2	 25.876722	 13.556066
5	 1	 6	 3	 28.872232	 10.380703
5	 1	 6	 4	 25.811894	 11.145273
5	 1	 6	 5	 22.099222	 15.267734
5	 1	 6	 6	 33.466667	 15.292980
5	 1	 7	 1	 29.529984	 13.734253
5	 1	 7	 2	 22.881954	 15.600555
5	 1	 7	 3	 29.725300	 0.132971
5	 1	 7	 4	 1004.477420	 9824.002087
5	 1	 7	 5	 31.734800	 0.059412
5	 1	 7	 6	 32.920200	 0.230490
5	 2	 1	 1	 -0.930640	 5.246115
5	 2	 1	 2	 4.821256	 4.061520
5	 2	 1	 3	 -6.476691	 4.675469
5	 2	 1	 4	 -1.502354	 1.474457
5	 2	 1	 5	 2.375243	 2.265353
5	 2	 1	 6	 4.119202	 2.680658
5	 2	 2	 1	 2.080776	 1.552218
5	 2	 2	 2	 4.456230	 1.422318
5	 2	 2	 3	 5.074778	 1.660222
5	 2	 2	 4	 3.600215	 1.518747
5	 2	 2	 5	 4.864354	 1.372660
5	 2	 2	 6	 3.630014	 1.604439
5	 2	 3	 1	 -0.796460	 2.779944
5	 2	 3	 2	 2.315717	 1.710225
5	 2	 3	 3	 -0.736728	 2.161219
5	 2	 3	 4	 5.230707	 1.448013
5	 2	 3	 5	 4.742550	 0.020076
5	 2	 3	 6	 1.497376	 1.926907
5	 2	 4	 1	 3.083415	 1.735912
5	 2	 4	 2	 -1.542937	 2.015067
5	 2	 4	 3	 -0.290343	 2.359916
5	 2	 4	 4	 2.785498	 1.897295
5	 2	 4	 5	 -1.006342	 2.534360
5	 2	 4	 6	 1.817843	 2.194719
5	 2	 5	 1	 1.717916	 1.924762
5	 2	 5	 2	 3.004169	 2.237180
5	 2	 5	 3	 -4.277106	 1.982695
5	 2	 5	 4	 -1.496691	 2.281160
5	 2	 5	 5	 2.521527	 2.622340
5	 2	 5	 6	 2.557037	 2.327063
5	 2	 6	 1	 0.925610	 3.502324
5	 2	 6	 2	 2.501573	 3.358855
5	 2	 6	 3	 1.124647	 4.074782
5	 2	 6	 4	 4.492390	 3.553192
5	 2	 6	 5	 -20.559126	 21.327615
5	 2	 6	 6	 -0.679195	 4.899522
5	 2	 7	 1	 3.711913	 0.158942
5	 2	 7	 2	 -16.857708	 16.987895
5	 2	 7	 3	 -9.193798	 14.502060
5	 2	 7	 4	 4.462394	 0.171391
5	 2	 7	 5	 3.700578	 0.127713
5	 2	 7	 6	 5.342710	 0.228274
5	 3	 1	 1	 11.501270	 4.254900
5	 3	 1	 2	 13.696900	 0.109522
5	 3	 1	 3	 -9.439073	 20.792477
5	 3	 1	 4	 13.272300	 0.029319
5	 3	 1	 5	 13.264807	 4.323632
5	 3	 1	 6	 13.132410	 0.023795
5	 3	 2	 1	 12.407481	 3.984856
5	 3	 2	 2	 11.710473	 3.277662
5	 3	 2	 3	 11.381923	 3.272438
5	 3	 2	 4	 12.848448	 4.003179
5	 3	 2	 5	 11.343535	 4.447457
5	 3	 2	 6	 8.872566	 3.818554
5	 3	 3	 1	 13.333900	 0.026657
5	 3	 3	 2	 10.372903	 3.432330
5	 3	 3	 3	 10.004924	 3.210388
5	 3	 3	 4	 12.714460	 0.031100
5	 3	 3	 5	 11.976201	 2.982568
5	 3	 3	 6	 13.242510	 0.035145
5	 3	 4	 1	 11.843862	 6.851115
5	 3	 4	 2	 15.267800	 0.041515
5	 3	 4	 3	 7.426339	 4.278519
5	 3	 4	 4	 2.157552	 4.566539
5	 3	 4	 5	 5.638233	 3.992753
5	 3	 4	 6	 1.303122	 10.916324
5	 3	 5	 1	 9.113219	 4.833658
5	 3	 5	 2	 -0.211939	 5.778356
5	 3	 5	 3	 13.959206	 5.546188
5	 3	 5	 4	 11.646997	 7.083761
5	 3	 5	 5	 11.712918	 10.706127
5	 3	 5	 6	 12.050573	 5.958153
5	 3	 6	 1	 14.380797	 8.566891
5	 3	 6	 2	 15.585259	 12.757283
5	 3	 6	 3	 15.618704	 11.171377
5	 3	 6	 4	 9.196159	 9.651209
5	 3	 6	 5	 13.937081	 12.554680
5	 3	 6	 6	 -4.587953	 37.210117
5	 3	 7	 1	 7.821710	 12.047691
5	 3	 7	 2	 13.693600	 0.455167
5	 3	 7	 3	 11.277350	 0.688711
5	 3	 7	 4	 0.484825	 57.778418
5	 3	 7	 5	 15.182400	 1.111480
5	 3	 7	 6	 10.685420	 3.777730
5	 4	 1	 1	 17.765200	 4.590380
5	 4	 1	 2	 17.812742	 16.435306
5	 4	 1	 3	 12.736030	 0.050407
5	 4	 1	 4	 13.581300	 0.034539
5	 4	 1	 5	 8.152964	 5.702532
5	 4	 1	 6	 13.160970	 0.026378
5	 4	 2	 1	 11.517584	 4.553579
5	 4	 2	 2	 -0.603176	 5.254162
5	 4	 2	 3	 13.434986	 4.037359
5	 4	 2	 4	 11.077341	 4.973382
5	 4	 2	 5	 4.172997	 9.291632
5	 4	 2	 6	 14.582900	 2.125850
5	 4	 3	 1	 11.438757	 4.630051
5	 4	 3	 2	 -3.212203	 7.832629
5	 4	 3	 3	 0.018323	 5.055458
5	 4	 3	 4	 11.734885	 3.489354
5	 4	 3	 5	 10.600248	 3.664245
5	 4	 3	 6	 10.326392	 3.774483
5	 4	 4	 1	 3.704897	 3.929951
5	 4	 4	 2	 12.731523	 3.348145
5	 4	 4	 3	 8.452662	 3.993470
5	 4	 4	 4	 7.080562	 4.337552
5	 4	 4	 5	 16.519527	 6.202317
5	 4	 4	 6	 12.366887	 4.433443
5	 4	 5	 1	 0.196520	 8.572390
5	 4	 5	 2	 11.002318	 5.869827
5	 4	 5	 3	 9.755703	 4.524530
5	 4	 5	 4	 17.363608	 7.260978
5	 4	 5	 5	 14.566029	 5.760876
5	 4	 5	 6	 15.031089	 9.673238
5	 4	 6	 1	 -20.481791	 16.517186
5	 4	 6	 2	 2.280539	 14.443248
5	 4	 6	 3	 3.999897	 13.156099
5	 4	 6	 4	 4.110648	 25.937730
5	 4	 6	 5	 21.936847	 12.459654
5	 4	 6	 6	 -12.013422	 24.380975
5	 4	 7	 1	 21.165199	 26.006620
5	 4	 7	 2	 -17.130336	 65.854222
5	 4	 7	 3	 12.998590	 0.910163
5	 4	 7	 4	 7.680390	 1.356980
5	 4	 7	 5	 20.047100	 4.407000
5	 4	 7	 6	 20.047100	 4.407000
5	 5	 1	 1	 1.453610	 36.399712
5	 5	 1	 2	 22.622489	 18.482743
5	 5	 1	 3	 43.760593	 17.676204
5	 5	 1	 4	 36.917329	 14.304040
5	 5	 1	 5	 42.704355	 17.259820
5	 5	 1	 6	 52.613300	 0.032934
5	 5	 2	 1	 47.060122	 13.802955
5	 5	 2	 2	 49.107202	 14.188051
5	 5	 2	 3	 51.160691	 10.265233
5	 5	 2	 4	 38.376635	 13.101688
5	 5	 2	 5	 44.306820	 8.641324
5	 5	 2	 6	 44.123582	 9.061068
5	 5	 3	 1	 54.555600	 0.034933
5	 5	 3	 2	 54.317900	 0.035655
5	 5	 3	 3	 52.212311	 11.944574
5	 5	 3	 4	 47.739255	 9.500021
5	 5	 3	 5	 49.792838	 18.281161
5	 5	 3	 6	 52.919994	 12.725326
5	 5	 4	 1	 50.064314	 13.605161
5	 5	 4	 2	 45.742915	 10.587599
5	 5	 4	 3	 42.277418	 12.047352
5	 5	 4	 4	 55.339260	 11.490996
5	 5	 4	 5	 50.709394	 13.674082
5	 5	 4	 6	 50.920338	 14.399560
5	 5	 5	 1	 49.478509	 14.840813
5	 5	 5	 2	 42.611619	 14.218599
5	 5	 5	 3	 37.993758	 16.035096
5	 5	 5	 4	 55.233721	 14.421727
5	 5	 5	 5	 49.635830	 13.017095
5	 5	 5	 6	 47.802748	 16.283063
5	 5	 6	 1	 49.567444	 23.396092
5	 5	 6	 2	 53.739971	 24.866441
5	 5	 6	 3	 52.000200	 5.697000
5	 5	 6	 4	 57.557873	 27.071405
5	 5	 6	 5	 53.642597	 28.840554
5	 5	 6	 6	 40.840299	 67.137304
5	 5	 7	 1	 66.548619	 34.154962
5	 5	 7	 2	 34.512671	 34.484008
5	 5	 7	 3	 53.183901	 63.325864
5	 5	 7	 4	 40.443141	 40.450079
5	 5	 7	 5	 41.577416	 43.586966
5	 5	 7	 6	 59.752900	 11.686400
5	 6	 1	 1	 42.874830	 12.873062
5	 6	 1	 2	 39.259865	 8.599225
5	 6	 1	 3	 37.545746	 16.995340
5	 6	 1	 4	 39.979616	 10.803627
5	 6	 1	 5	 25.358306	 15.196890
5	 6	 1	 6	 40.010683	 7.817197
5	 6	 2	 1	 42.797844	 10.132936
5	 6	 2	 2	 41.911128	 10.491160
5	 6	 2	 3	 44.436731	 10.330304
5	 6	 2	 4	 39.052298	 10.562593
5	 6	 2	 5	 51.936300	 0.029467
5	 6	 2	 6	 45.690148	 9.195666
5	 6	 3	 1	 47.623736	 8.530320
5	 6	 3	 2	 46.850976	 9.023298
5	 6	 3	 3	 48.364051	 10.955112
5	 6	 3	 4	 47.387334	 11.396747
5	 6	 3	 5	 44.383379	 9.217036
5	 6	 3	 6	 46.060586	 11.521678
5	 6	 4	 1	 38.732812	 14.200924
5	 6	 4	 2	 45.069378	 12.095664
5	 6	 4	 3	 36.197123	 13.583580
5	 6	 4	 4	 45.536060	 12.513350
5	 6	 4	 5	 48.320857	 11.311490
5	 6	 4	 6	 50.732392	 10.901885
5	 6	 5	 1	 12.268518	 23.456764
5	 6	 5	 2	 47.797251	 9.404225
5	 6	 5	 3	 50.760900	 0.143778
5	 6	 5	 4	 50.737698	 17.479955
5	 6	 5	 5	 47.183661	 14.738537
5	 6	 5	 6	 50.991492	 18.589750
5	 6	 6	 1	 50.288671	 24.868671
5	 6	 6	 2	 50.844023	 16.739527
5	 6	 6	 3	 58.297332	 17.808492
5	 6	 6	 4	 45.493116	 15.584949
5	 6	 6	 5	 43.210313	 20.039472
5	 6	 6	 6	 50.005758	 30.262995
5	 6	 7	 1	 49.731035	 21.709329
5	 6	 7	 2	 40.061097	 41.852455
5	 6	 7	 3	 40.295500	 1.052270
5	 6	 7	 4	 44.252600	 1.688950
5	 6	 7	 5	 -267.389912	 822.597871
5	 6	 7	 6	 82.097400	 176.966000
6	 1	 1	 1	 1.760079	 4.645165
6	 1	 1	 2	 4.481909	 5.342056
6	 1	 1	 3	 6.629600	 0.015945
6	 1	 1	 4	 7.428311	 3.607929
6	 1	 1	 5	 10.903624	 2.886236
6	 1	 1	 6	 10.538807	 2.185993
6	 1	 2	 1	 10.456650	 3.022528
6	 1	 2	 2	 8.379636	 2.461806
6	 1	 2	 3	 7.620405	 2.577282
6	 1	 2	 4	 5.577265	 3.101124
6	 1	 2	 5	 9.540543	 2.535598
6	 1	 2	 6	 8.179600	 2.193768
6	 1	 3	 1	 11.800687	 2.763057
6	 1	 3	 2	 8.904733	 2.171819
6	 1	 3	 3	 7.509294	 2.950969
6	 1	 3	 4	 5.899312	 2.211229
6	 1	 3	 5	 9.722578	 2.108669
6	 1	 3	 6	 7.458189	 2.920506
6	 1	 4	 1	 11.519808	 2.565268
6	 1	 4	 2	 11.270561	 2.185829
6	 1	 4	 3	 10.960631	 2.686752
6	 1	 4	 4	 0.568176	 4.988087
6	 1	 4	 5	 7.918317	 2.095553
6	 1	 4	 6	 10.078365	 3.339192
6	 1	 5	 1	 5.647901	 2.950580
6	 1	 5	 2	 -2.649491	 3.211302
6	 1	 5	 3	 4.182232	 2.295377
6	 1	 5	 4	 4.443297	 3.585376
6	 1	 5	 5	 2.895808	 3.914124
6	 1	 5	 6	 9.985333	 3.799299
6	 1	 6	 1	 9.662590	 3.654592
6	 1	 6	 2	 4.782380	 3.443299
6	 1	 6	 3	 8.411820	 0.059449
6	 1	 6	 4	 8.942265	 4.141227
6	 1	 6	 5	 2.332187	 4.934315
6	 1	 6	 6	 8.063158	 7.692850
6	 1	 7	 1	 -172.933332	 1424.003098
6	 1	 7	 2	 11.391680	 0.141363
6	 1	 7	 3	 4.782390	 6.477753
6	 1	 7	 4	 -11.445282	 20.822738
6	 1	 7	 5	 9.774620	 0.095615
6	 1	 7	 6	 10.413670	 0.047324
6	 2	 1	 1	 -5.090708	 11.931468
6	 2	 1	 2	 8.798497	 3.381788
6	 2	 1	 3	 11.913075	 2.845809
6	 2	 1	 4	 10.687804	 3.751261
6	 2	 1	 5	 10.509390	 0.021253
6	 2	 1	 6	 12.768051	 2.502697
6	 2	 2	 1	 7.386885	 1.912176
6	 2	 2	 2	 11.024827	 2.927775
6	 2	 2	 3	 7.393318	 1.848556
6	 2	 2	 4	 9.763635	 2.427810
6	 2	 2	 5	 7.958168	 2.823386
6	 2	 2	 6	 9.576471	 3.648730
6	 2	 3	 1	 7.601443	 2.063103
6	 2	 3	 2	 8.740342	 2.953385
6	 2	 3	 3	 2.068937	 2.241527
6	 2	 3	 4	 10.782606	 2.394565
6	 2	 3	 5	 6.178647	 1.857631
6	 2	 3	 6	 5.672989	 3.336502
6	 2	 4	 1	 6.133409	 2.854714
6	 2	 4	 2	 9.902812	 2.562303
6	 2	 4	 3	 8.814062	 2.599473
6	 2	 4	 4	 7.720140	 2.234696
6	 2	 4	 5	 2.273093	 2.785332
6	 2	 4	 6	 7.976002	 2.084281
6	 2	 5	 1	 5.122780	 2.299498
6	 2	 5	 2	 10.646766	 2.917793
6	 2	 5	 3	 -10.699946	 9.081028
6	 2	 5	 4	 6.221998	 2.883976
6	 2	 5	 5	 -7.414144	 7.247159
6	 2	 5	 6	 -2.015282	 4.087067
6	 2	 6	 1	 7.555137	 3.564298
6	 2	 6	 2	 6.438939	 4.464487
6	 2	 6	 3	 3.469936	 5.937966
6	 2	 6	 4	 9.489808	 5.863743
6	 2	 6	 5	 12.961706	 6.282154
6	 2	 6	 6	 11.519605	 6.540125
6	 2	 7	 1	 11.270150	 0.098149
6	 2	 7	 2	 4.165091	 7.246990
6	 2	 7	 3	 10.462140	 0.192677
6	 2	 7	 4	 5.014360	 0.147430
6	 2	 7	 5	 -6.420713	 7.943985
6	 2	 7	 6	 6.706650	 0.222671
6	 3	 1	 1	 -24.165500	 2.345780
6	 3	 1	 2	 -24.091800	 0.082366
6	 3	 1	 3	 -25.216955	 8.087594
6	 3	 1	 4	 -29.340676	 8.012813
6	 3	 1	 5	 -25.263166	 4.297891
6	 3	 1	 6	 -28.565268	 5.679892
6	 3	 2	 1	 -27.536446	 3.467242
6	 3	 2	 2	 -32.096445	 8.331651
6	 3	 2	 3	 -30.717732	 4.660735
6	 3	 2	 4	 -29.026667	 5.662368
6	 3	 2	 5	 -28.928584	 4.179565
6	 3	 2	 6	 -26.158294	 3.045070
6	 3	 3	 1	 -28.746201	 3.589972
6	 3	 3	 2	 -31.920902	 3.510473
6	 3	 3	 3	 -24.660771	 3.588652
6	 3	 3	 4	 -26.075275	 4.314232
6	 3	 3	 5	 -26.380993	 3.160096
6	 3	 3	 6	 -29.557786	 4.456143
6	 3	 4	 1	 -28.255181	 3.589967
6	 3	 4	 2	 -32.013015	 3.928613
6	 3	 4	 3	 -25.768500	 0.042669
6	 3	 4	 4	 -29.125315	 3.391039
6	 3	 4	 5	 -35.037421	 5.217842
6	 3	 4	 6	 -28.408387	 4.392938
6	 3	 5	 1	 -28.546846	 4.951164
6	 3	 5	 2	 -27.083894	 5.280202
6	 3	 5	 3	 -37.868370	 11.799299
6	 3	 5	 4	 -24.390738	 3.979447
6	 3	 5	 5	 -34.488782	 8.378847
6	 3	 5	 6	 -22.683196	 7.342512
6	 3	 6	 1	 -22.952685	 5.932486
6	 3	 6	 2	 -22.697900	 0.127494
6	 3	 6	 3	 -25.992212	 8.784176
6	 3	 6	 4	 -25.251600	 0.151601
6	 3	 6	 5	 -29.983832	 17.867269
6	 3	 6	 6	 -17.489253	 5.751365
6	 3	 7	 1	 -33.948415	 23.654858
6	 3	 7	 2	 -23.646700	 9.906900
6	 3	 7	 3	 -26.993600	 0.749895
6	 3	 7	 4	 1552.378401	 60060.704612
6	 3	 7	 5	 -27.238300	 1.479960
6	 3	 7	 6	 -33.991800	 2.732220
6	 4	 1	 1	 -12.659200	 1.202000
6	 4	 1	 2	 -24.524500	 0.147039
6	 4	 1	 3	 -25.009000	 0.055938
6	 4	 1	 4	 -24.499200	 0.031462
6	 4	 1	 5	 -24.272200	 0.030099
6	 4	 1	 6	 -25.510577	 4.263075
6	 4	 2	 1	 -26.907358	 4.747788
6	 4	 2	 2	 -24.884900	 0.026488
6	 4	 2	 3	 -26.918187	 4.881680
6	 4	 2	 4	 -28.745919	 6.332312
6	 4	 2	 5	 -24.563217	 2.703185
6	 4	 2	 6	 -25.409800	 0.029965
6	 4	 3	 1	 -29.344687	 3.769963
6	 4	 3	 2	 -30.621363	 4.132245
6	 4	 3	 3	 -31.768435	 3.384931
6	 4	 3	 4	 -33.175942	 5.002070
6	 4	 3	 5	 -32.200960	 3.877201
6	 4	 3	 6	 -30.206505	 4.165938
6	 4	 4	 1	 -30.185157	 3.956772
6	 4	 4	 2	 -32.822681	 5.103122
6	 4	 4	 3	 -24.513100	 0.056759
6	 4	 4	 4	 -30.794028	 4.857478
6	 4	 4	 5	 -31.824236	 4.809215
6	 4	 4	 6	 -29.216036	 4.892847
6	 4	 5	 1	 -32.702217	 5.023487
6	 4	 5	 2	 -32.001022	 5.316742
6	 4	 5	 3	 -29.826696	 6.219686
6	 4	 5	 4	 -26.315448	 5.231996
6	 4	 5	 5	 -16.247866	 3.687702
6	 4	 5	 6	 -24.128618	 6.024446
6	 4	 6	 1	 -34.990626	 7.776795
6	 4	 6	 2	 -25.718800	 0.062829
6	 4	 6	 3	 -23.728652	 8.469736
6	 4	 6	 4	 -29.306977	 10.608931
6	 4	 6	 5	 -27.087469	 17.135339
6	 4	 6	 6	 -21.931596	 6.955894
6	 4	 7	 1	 502.208888	 4842.871664
6	 4	 7	 2	 -28.475600	 0.653589
6	 4	 7	 3	 -30.701300	 0.810159
6	 4	 7	 4	 -29.647400	 1.583650
6	 4	 7	 5	 -31.024600	 1.784530
6	 4	 7	 6	 -31.732000	 2.707830
6	 5	 1	 1	 30.673203	 16.303870
6	 5	 1	 2	 24.078014	 8.335644
6	 5	 1	 3	 -5.931505	 23.515063
6	 5	 1	 4	 30.453758	 18.666280
6	 5	 1	 5	 9.847687	 19.033038
6	 5	 1	 6	 27.007981	 11.886847
6	 5	 2	 1	 29.891368	 7.710058
6	 5	 2	 2	 6.814167	 10.252611
6	 5	 2	 3	 11.039485	 7.322587
6	 5	 2	 4	 24.001532	 7.436256
6	 5	 2	 5	 28.643319	 8.847733
6	 5	 2	 6	 29.044200	 0.032647
6	 5	 3	 1	 21.229159	 13.909625
6	 5	 3	 2	 16.894873	 6.302782
6	 5	 3	 3	 18.884063	 6.031852
6	 5	 3	 4	 25.088009	 6.511029
6	 5	 3	 5	 18.581707	 6.245026
6	 5	 3	 6	 24.647878	 5.874098
6	 5	 4	 1	 27.795247	 6.185676
6	 5	 4	 2	 33.641800	 0.061982
6	 5	 4	 3	 27.964049	 11.960310
6	 5	 4	 4	 25.756741	 6.971377
6	 5	 4	 5	 28.198565	 8.291426
6	 5	 4	 6	 28.934986	 12.401732
6	 5	 5	 1	 31.048365	 8.427247
6	 5	 5	 2	 25.700752	 8.179247
6	 5	 5	 3	 29.453066	 10.099557
6	 5	 5	 4	 23.444193	 8.109267
6	 5	 5	 5	 27.443712	 11.559975
6	 5	 5	 6	 17.528026	 7.532253
6	 5	 6	 1	 26.666867	 11.191813
6	 5	 6	 2	 24.783023	 25.166844
6	 5	 6	 3	 10.842822	 11.626239
6	 5	 6	 4	 17.570910	 27.479255
6	 5	 6	 5	 26.652005	 16.748359
6	 5	 6	 6	 23.674800	 0.217657
6	 5	 7	 1	 25.526103	 17.330158
6	 5	 7	 2	 14.174265	 33.807254
6	 5	 7	 3	 31.966669	 33.208266
6	 5	 7	 4	 18.473100	 1.783080
6	 5	 7	 5	 17.203700	 2.687400
6	 5	 7	 6	 34.231100	 5.761190
6	 6	 1	 1	 25.911463	 9.041144
6	 6	 1	 2	 32.351419	 15.306096
6	 6	 1	 3	 19.220855	 8.468512
6	 6	 1	 4	 18.781899	 8.248491
6	 6	 1	 5	 21.346669	 7.159773
6	 6	 1	 6	 9.669123	 10.314391
6	 6	 2	 1	 16.694846	 8.616332
6	 6	 2	 2	 14.017578	 7.414508
6	 6	 2	 3	 17.688861	 4.872723
6	 6	 2	 4	 14.434209	 6.561688
6	 6	 2	 5	 17.393062	 8.167897
6	 6	 2	 6	 14.121306	 6.653736
6	 6	 3	 1	 12.748076	 7.256792
6	 6	 3	 2	 19.364921	 7.915016
6	 6	 3	 3	 29.179125	 7.787584
6	 6	 3	 4	 20.593709	 7.244437
6	 6	 3	 5	 14.424185	 6.505408
6	 6	 3	 6	 14.668422	 6.342798
6	 6	 4	 1	 13.897529	 8.971827
6	 6	 4	 2	 17.881232	 6.374042
6	 6	 4	 3	 15.137354	 4.413244
6	 6	 4	 4	 22.470949	 5.009143
6	 6	 4	 5	 19.694131	 4.869267
6	 6	 4	 6	 24.347559	 7.518505
6	 6	 5	 1	 26.886400	 0.128411
6	 6	 5	 2	 27.576887	 7.256075
6	 6	 5	 3	 22.468874	 9.759642
6	 6	 5	 4	 22.591182	 10.004255
6	 6	 5	 5	 26.355151	 7.621945
6	 6	 5	 6	 29.788287	 8.759409
6	 6	 6	 1	 12.592958	 20.363165
6	 6	 6	 2	 10.925270	 0.468026
6	 6	 6	 3	 19.385020	 10.223473
6	 6	 6	 4	 23.407895	 9.432848
6	 6	 6	 5	 26.551951	 17.157941
6	 6	 6	 6	 16.553780	 11.196952
6	 6	 7	 1	 23.305200	 3.289930
6	 6	 7	 2	 22.085714	 30.747813
6	 6	 7	 3	 34.110800	 22.491300
6	 6	 7	 4	 39.882339	 32.136492
6	 6	 7	 5	 32.161900	 2.298580
6	 6	 7	 6	 -9.833942	 48.868404
