#& Sector Superlayer Slot Cable T0Correction T0Error
1	 1	 1	 1	 0.818183	 0.026925
1	 1	 1	 2	 2.241381	 0.017755
1	 1	 1	 3	 1.950469	 0.011387
1	 1	 1	 4	 0.868323	 0.014589
1	 1	 1	 5	 2.281571	 0.016166
1	 1	 1	 6	 2.639089	 0.017966
1	 1	 2	 1	 1.730663	 0.004691
1	 1	 2	 2	 1.834024	 0.011439
1	 1	 2	 3	 3.757056	 0.015370
1	 1	 2	 4	 2.580063	 0.015429
1	 1	 2	 5	 3.212726	 0.016019
1	 1	 2	 6	 3.638396	 0.016242
1	 1	 3	 1	 2.624579	 0.016101
1	 1	 3	 2	 5.298716	 0.023866
1	 1	 3	 3	 2.052832	 0.017734
1	 1	 3	 4	 2.052535	 0.019505
1	 1	 3	 5	 4.058026	 0.020104
1	 1	 3	 6	 3.800986	 0.021515
1	 1	 4	 1	 3.152416	 0.021526
1	 1	 4	 2	 4.326116	 0.023417
1	 1	 4	 3	 0.667426	 0.035467
1	 1	 4	 4	 1.080906	 0.022901
1	 1	 4	 5	 2.735386	 0.024544
1	 1	 4	 6	 3.952176	 0.028295
1	 1	 5	 1	 4.366996	 0.027855
1	 1	 5	 2	 2.227901	 0.031542
1	 1	 5	 3	 4.174746	 0.033236
1	 1	 5	 4	 4.561666	 0.036712
1	 1	 5	 5	 4.128156	 0.039272
1	 1	 5	 6	 4.591706	 0.042458
1	 1	 6	 1	 4.952416	 0.063593
1	 1	 6	 2	 4.784486	 0.030817
1	 1	 6	 3	 4.354196	 0.065940
1	 1	 6	 4	 3.008046	 0.055702
1	 1	 6	 5	 4.051806	 0.082849
1	 1	 6	 6	 4.585086	 0.100727
1	 1	 7	 1	 4.918616	 0.102668
1	 1	 7	 2	 6.066986	 0.153868
1	 1	 7	 3	 3.050516	 0.126261
1	 1	 7	 4	 5.763506	 0.043473
1	 1	 7	 5	 2.253821	 0.131229
1	 1	 7	 6	 3.392826	 0.220162
1	 2	 1	 1	 -19.623002	 0.015213
1	 2	 1	 2	 -18.793002	 0.019937
1	 2	 1	 3	 -19.626602	 0.020746
1	 2	 1	 4	 -19.354702	 0.033656
1	 2	 1	 5	 -19.478702	 0.020968
1	 2	 1	 6	 -19.022302	 0.017526
1	 2	 2	 1	 -19.283402	 0.017882
1	 2	 2	 2	 -18.747902	 0.016686
1	 2	 2	 3	 -20.743502	 0.016662
1	 2	 2	 4	 -20.847102	 0.016433
1	 2	 2	 5	 -19.857102	 0.017910
1	 2	 2	 6	 -20.146802	 0.018158
1	 2	 3	 1	 -20.342402	 0.017321
1	 2	 3	 2	 -18.639902	 0.031051
1	 2	 3	 3	 -20.175402	 0.020154
1	 2	 3	 4	 -19.662102	 0.021081
1	 2	 3	 5	 -19.202802	 0.022248
1	 2	 3	 6	 -19.213202	 0.026564
1	 2	 4	 1	 -19.808102	 0.022660
1	 2	 4	 2	 -19.746502	 0.024665
1	 2	 4	 3	 -20.670202	 0.023390
1	 2	 4	 4	 -19.652002	 0.026681
1	 2	 4	 5	 -19.579402	 0.027085
1	 2	 4	 6	 -19.160502	 0.036670
1	 2	 5	 1	 -19.985702	 0.031412
1	 2	 5	 2	 -19.772702	 0.038390
1	 2	 5	 3	 -19.775602	 0.035246
1	 2	 5	 4	 -20.353202	 0.036730
1	 2	 5	 5	 -18.915102	 0.036861
1	 2	 5	 6	 -19.814602	 0.045449
1	 2	 6	 1	 -20.189002	 0.050838
1	 2	 6	 2	 -19.427902	 0.058813
1	 2	 6	 3	 -20.544302	 0.063557
1	 2	 6	 4	 -20.735602	 0.075553
1	 2	 6	 5	 -20.601602	 0.075428
1	 2	 6	 6	 -19.634902	 0.105442
1	 2	 7	 1	 -20.768502	 0.102732
1	 2	 7	 2	 -19.675602	 0.143885
1	 2	 7	 3	 -20.347402	 0.142191
1	 2	 7	 4	 -21.534802	 0.135391
1	 2	 7	 5	 -20.077602	 0.176544
1	 2	 7	 6	 -22.376002	 0.152579
1	 3	 1	 1	 -14.889423	 3.818290
1	 3	 1	 2	 -13.677923	 0.073424
1	 3	 1	 3	 -16.239823	 0.032217
1	 3	 1	 4	 -16.222223	 0.029691
1	 3	 1	 5	 -15.897723	 0.027174
1	 3	 1	 6	 -15.230923	 0.027887
1	 3	 2	 1	 -16.463123	 0.028137
1	 3	 2	 2	 -15.471623	 0.026589
1	 3	 2	 3	 -16.670423	 0.028799
1	 3	 2	 4	 -15.647023	 0.024747
1	 3	 2	 5	 -14.893923	 0.027208
1	 3	 2	 6	 -15.120323	 0.028262
1	 3	 3	 1	 -16.358423	 0.027344
1	 3	 3	 2	 -15.571623	 0.043382
1	 3	 3	 3	 -15.567223	 0.033937
1	 3	 3	 4	 -15.913423	 0.034081
1	 3	 3	 5	 -15.446223	 0.032697
1	 3	 3	 6	 -14.374023	 0.035054
1	 3	 4	 1	 -15.085223	 0.038213
1	 3	 4	 2	 -15.111923	 0.040526
1	 3	 4	 3	 -15.366923	 0.048464
1	 3	 4	 4	 -15.822723	 0.045850
1	 3	 4	 5	 -13.999523	 0.052486
1	 3	 4	 6	 -14.785023	 0.052187
1	 3	 5	 1	 -13.917723	 0.062650
1	 3	 5	 2	 -14.749323	 0.068546
1	 3	 5	 3	 -14.477423	 0.070909
1	 3	 5	 4	 -14.470023	 0.077177
1	 3	 5	 5	 -13.563423	 0.124744
1	 3	 5	 6	 -14.083223	 0.123062
1	 3	 6	 1	 -15.183323	 0.154873
1	 3	 6	 2	 -15.705523	 0.111099
1	 3	 6	 3	 -14.393923	 0.170783
1	 3	 6	 4	 -15.447023	 0.131280
1	 3	 6	 5	 -14.847023	 0.558248
1	 3	 6	 6	 -15.849323	 0.941267
1	 3	 7	 1	 -14.917123	 0.053604
1	 3	 7	 2	 -14.657523	 0.317304
1	 3	 7	 3	 -19.135323	 0.710913
1	 3	 7	 4	 -20.341423	 0.994972
1	 3	 7	 5	 -18.930323	 1.749730
1	 3	 7	 6	 -21.909023	 3.606850
1	 4	 1	 1	 -25.192020	 14.528700
1	 4	 1	 2	 -18.305120	 0.162276
1	 4	 1	 3	 -16.848920	 0.051202
1	 4	 1	 4	 -17.692720	 0.036478
1	 4	 1	 5	 -16.942320	 0.026415
1	 4	 1	 6	 -16.754420	 0.028198
1	 4	 2	 1	 -18.042920	 0.025591
1	 4	 2	 2	 -17.213920	 0.026129
1	 4	 2	 3	 -17.516120	 0.026461
1	 4	 2	 4	 -18.092020	 0.026922
1	 4	 2	 5	 -17.580620	 0.028957
1	 4	 2	 6	 -17.917920	 0.031303
1	 4	 3	 1	 -17.099320	 0.031482
1	 4	 3	 2	 -18.709020	 0.033037
1	 4	 3	 3	 -18.382320	 0.031253
1	 4	 3	 4	 -17.649420	 0.036175
1	 4	 3	 5	 -17.162920	 0.036323
1	 4	 3	 6	 -16.835120	 0.040724
1	 4	 4	 1	 -17.542720	 0.039475
1	 4	 4	 2	 -17.347620	 0.040450
1	 4	 4	 3	 -17.831620	 0.046094
1	 4	 4	 4	 -18.765820	 0.044147
1	 4	 4	 5	 -17.090520	 0.049521
1	 4	 4	 6	 -17.053620	 0.055545
1	 4	 5	 1	 -18.274120	 0.059031
1	 4	 5	 2	 -18.780120	 0.067481
1	 4	 5	 3	 -17.690520	 0.072034
1	 4	 5	 4	 -17.982520	 0.087903
1	 4	 5	 5	 -17.543620	 0.108222
1	 4	 5	 6	 -17.010620	 0.124205
1	 4	 6	 1	 -18.253120	 0.102324
1	 4	 6	 2	 -19.185520	 0.116043
1	 4	 6	 3	 -17.871620	 0.166741
1	 4	 6	 4	 -19.938520	 0.328302
1	 4	 6	 5	 -19.464920	 0.375588
1	 4	 6	 6	 -19.378520	 0.125591
1	 4	 7	 1	 -16.907820	 0.180590
1	 4	 7	 2	 -19.061420	 0.683434
1	 4	 7	 3	 -20.660620	 0.902941
1	 4	 7	 4	 -24.172020	 1.971960
1	 4	 7	 5	 -9.782620	 99.887500
1	 4	 7	 6	 -21.939720	 2.748620
1	 5	 1	 1	 6.243256	 5.943560
1	 5	 1	 2	 27.989596	 0.037361
1	 5	 1	 3	 29.093996	 0.017739
1	 5	 1	 4	 27.953596	 0.012902
1	 5	 1	 5	 28.134796	 0.019533
1	 5	 1	 6	 29.248996	 0.018420
1	 5	 2	 1	 28.118796	 0.016346
1	 5	 2	 2	 30.705596	 0.023073
1	 5	 2	 3	 29.854796	 0.018948
1	 5	 2	 4	 28.061196	 0.010864
1	 5	 2	 5	 28.392096	 0.016378
1	 5	 2	 6	 30.053696	 0.030024
1	 5	 3	 1	 29.485196	 0.030526
1	 5	 3	 2	 31.420796	 0.034463
1	 5	 3	 3	 31.162196	 0.037219
1	 5	 3	 4	 30.159596	 0.040539
1	 5	 3	 5	 29.579096	 0.046823
1	 5	 3	 6	 31.469696	 0.054228
1	 5	 4	 1	 30.253396	 0.062739
1	 5	 4	 2	 28.738196	 0.062136
1	 5	 4	 3	 29.737996	 0.074309
1	 5	 4	 4	 29.366596	 0.086689
1	 5	 4	 5	 28.741996	 0.098194
1	 5	 4	 6	 30.681896	 0.113600
1	 5	 5	 1	 29.975196	 0.106213
1	 5	 5	 2	 29.205496	 0.119125
1	 5	 5	 3	 28.981796	 0.238216
1	 5	 5	 4	 27.841996	 0.185382
1	 5	 5	 5	 31.835396	 0.297304
1	 5	 5	 6	 28.391296	 0.212095
1	 5	 6	 1	 25.746696	 0.237034
1	 5	 6	 2	 27.339096	 0.624763
1	 5	 6	 3	 23.008496	 0.057410
1	 5	 6	 4	 22.344796	 0.713254
1	 5	 6	 5	 21.365296	 0.743962
1	 5	 6	 6	 21.451396	 2.615300
1	 5	 7	 1	 42.162996	 52.194600
1	 5	 7	 2	 21.617196	 1.433250
1	 5	 7	 3	 17.954496	 1.953950
1	 5	 7	 4	 34.091796	 7.634000
1	 5	 7	 5	 40.785896	 0.866746
1	 5	 7	 6	 44.319596	 13.204500
1	 6	 1	 1	 20.854292	 1.330310
1	 6	 1	 2	 23.255592	 0.102320
1	 6	 1	 3	 22.998592	 0.036913
1	 6	 1	 4	 24.562892	 0.036847
1	 6	 1	 5	 27.617492	 0.043838
1	 6	 1	 6	 23.005492	 0.023278
1	 6	 2	 1	 24.007792	 0.018491
1	 6	 2	 2	 23.938992	 0.012555
1	 6	 2	 3	 22.952492	 0.019343
1	 6	 2	 4	 22.838792	 0.012207
1	 6	 2	 5	 23.559692	 0.022217
1	 6	 2	 6	 22.902192	 0.014547
1	 6	 3	 1	 24.461692	 0.020414
1	 6	 3	 2	 24.795592	 0.036581
1	 6	 3	 3	 24.730792	 0.041609
1	 6	 3	 4	 24.662892	 0.045265
1	 6	 3	 5	 24.001692	 0.047699
1	 6	 3	 6	 23.083292	 0.056636
1	 6	 4	 1	 24.628292	 0.063720
1	 6	 4	 2	 24.627892	 0.073669
1	 6	 4	 3	 24.897392	 0.074448
1	 6	 4	 4	 25.246892	 0.084452
1	 6	 4	 5	 28.063892	 0.084651
1	 6	 4	 6	 24.493592	 0.109905
1	 6	 5	 1	 29.324392	 0.122820
1	 6	 5	 2	 29.565492	 0.166351
1	 6	 5	 3	 27.361092	 0.089847
1	 6	 5	 4	 28.612492	 0.130531
1	 6	 5	 5	 29.210792	 0.198071
1	 6	 5	 6	 23.956192	 0.342879
1	 6	 6	 1	 26.806492	 0.561410
1	 6	 6	 2	 18.940392	 0.424999
1	 6	 6	 3	 31.304792	 0.165570
1	 6	 6	 4	 20.283792	 0.566717
1	 6	 6	 5	 21.474292	 0.829000
1	 6	 6	 6	 26.711192	 2.250170
1	 6	 7	 1	 22.214792	 1.027210
1	 6	 7	 2	 29.204692	 5.225000
1	 6	 7	 3	 37.722392	 17.593800
1	 6	 7	 4	 24.259392	 1.876520
1	 6	 7	 5	 28.625392	 3.214290
1	 6	 7	 6	 29.204692	 5.225000
2	 1	 1	 1	 13.365901	 0.046275
2	 1	 1	 2	 12.928401	 0.022351
2	 1	 1	 3	 13.465701	 0.020454
2	 1	 1	 4	 11.258391	 0.023326
2	 1	 1	 5	 13.066301	 0.033377
2	 1	 1	 6	 12.447801	 0.027570
2	 1	 2	 1	 11.102961	 0.020709
2	 1	 2	 2	 12.850601	 0.018227
2	 1	 2	 3	 13.127201	 0.018263
2	 1	 2	 4	 14.392301	 0.020313
2	 1	 2	 5	 16.039301	 0.018377
2	 1	 2	 6	 18.070501	 0.021097
2	 1	 3	 1	 13.915101	 0.021055
2	 1	 3	 2	 14.442101	 0.021641
2	 1	 3	 3	 13.638201	 0.022196
2	 1	 3	 4	 14.421001	 0.025132
2	 1	 3	 5	 14.516701	 0.023824
2	 1	 3	 6	 12.503001	 0.022961
2	 1	 4	 1	 12.943001	 0.020630
2	 1	 4	 2	 14.046001	 0.024310
2	 1	 4	 3	 12.774301	 0.033060
2	 1	 4	 4	 12.588301	 0.024761
2	 1	 4	 5	 14.052601	 0.024808
2	 1	 4	 6	 13.987501	 0.027885
2	 1	 5	 1	 13.160301	 0.032849
2	 1	 5	 2	 14.296701	 0.033238
2	 1	 5	 3	 13.373601	 0.028862
2	 1	 5	 4	 14.490901	 0.035329
2	 1	 5	 5	 14.508101	 0.038114
2	 1	 5	 6	 13.859201	 0.044027
2	 1	 6	 1	 13.637201	 0.038805
2	 1	 6	 2	 17.467801	 0.011630
2	 1	 6	 3	 15.444401	 1.500780
2	 1	 6	 4	 11.846701	 0.069201
2	 1	 6	 5	 11.328371	 0.074272
2	 1	 6	 6	 19.153001	 0.197277
2	 1	 7	 1	 11.038551	 0.167166
2	 1	 7	 2	 14.484401	 0.138212
2	 1	 7	 3	 13.257101	 0.166562
2	 1	 7	 4	 12.491501	 0.063647
2	 1	 7	 5	 12.283601	 0.222250
2	 1	 7	 6	 16.043701	 0.193318
2	 2	 1	 1	 17.265526	 0.059361
2	 2	 1	 2	 17.631226	 0.022215
2	 2	 1	 3	 16.645326	 0.020466
2	 2	 1	 4	 17.017926	 0.023015
2	 2	 1	 5	 16.998626	 0.022152
2	 2	 1	 6	 16.067626	 0.020084
2	 2	 2	 1	 20.044426	 0.020193
2	 2	 2	 2	 19.202226	 0.019491
2	 2	 2	 3	 18.228026	 0.018349
2	 2	 2	 4	 19.384126	 0.019191
2	 2	 2	 5	 15.092626	 0.017772
2	 2	 2	 6	 16.612226	 0.018452
2	 2	 3	 1	 13.135026	 0.019974
2	 2	 3	 2	 15.802826	 0.018855
2	 2	 3	 3	 13.107326	 0.020326
2	 2	 3	 4	 12.385726	 0.028657
2	 2	 3	 5	 12.809226	 0.020935
2	 2	 3	 6	 13.103826	 0.024500
2	 2	 4	 1	 16.020826	 0.024723
2	 2	 4	 2	 15.467126	 0.034955
2	 2	 4	 3	 16.730226	 0.027284
2	 2	 4	 4	 15.113326	 0.027858
2	 2	 4	 5	 18.203026	 0.032488
2	 2	 4	 6	 16.034426	 0.035482
2	 2	 5	 1	 11.936086	 0.030040
2	 2	 5	 2	 12.898526	 0.037303
2	 2	 5	 3	 12.881526	 0.034991
2	 2	 5	 4	 13.765926	 0.047008
2	 2	 5	 5	 12.795826	 0.046390
2	 2	 5	 6	 15.307726	 0.052736
2	 2	 6	 1	 15.102026	 0.054326
2	 2	 6	 2	 16.474426	 0.059018
2	 2	 6	 3	 14.384426	 0.060289
2	 2	 6	 4	 12.950426	 0.077988
2	 2	 6	 5	 15.317026	 0.083733
2	 2	 6	 6	 15.787326	 0.164073
2	 2	 7	 1	 14.077726	 0.146483
2	 2	 7	 2	 14.802526	 0.690234
2	 2	 7	 3	 17.506326	 0.313706
2	 2	 7	 4	 14.489526	 0.211912
2	 2	 7	 5	 15.064926	 0.257461
2	 2	 7	 6	 15.340126	 0.249777
2	 3	 1	 1	 29.420233	 2.363320
2	 3	 1	 2	 23.322833	 0.082556
2	 3	 1	 3	 22.470633	 0.045471
2	 3	 1	 4	 16.658933	 0.030521
2	 3	 1	 5	 16.464533	 0.029133
2	 3	 1	 6	 16.405633	 0.028629
2	 3	 2	 1	 17.887933	 0.024457
2	 3	 2	 2	 17.620033	 0.024969
2	 3	 2	 3	 17.058833	 0.026830
2	 3	 2	 4	 17.684133	 0.025870
2	 3	 2	 5	 18.329133	 0.027461
2	 3	 2	 6	 17.446533	 0.027239
2	 3	 3	 1	 16.637233	 0.028820
2	 3	 3	 2	 18.207233	 0.034596
2	 3	 3	 3	 17.816833	 0.029145
2	 3	 3	 4	 16.705833	 0.040635
2	 3	 3	 5	 16.439133	 0.041370
2	 3	 3	 6	 16.992433	 0.043994
2	 3	 4	 1	 18.905733	 0.036497
2	 3	 4	 2	 20.005333	 0.042341
2	 3	 4	 3	 17.726533	 0.048665
2	 3	 4	 4	 19.372333	 0.058847
2	 3	 4	 5	 19.301533	 0.047306
2	 3	 4	 6	 19.042433	 0.053359
2	 3	 5	 1	 17.863433	 0.056943
2	 3	 5	 2	 17.436233	 0.060848
2	 3	 5	 3	 18.420533	 0.074810
2	 3	 5	 4	 19.390733	 0.072571
2	 3	 5	 5	 18.336133	 0.105252
2	 3	 5	 6	 19.338133	 0.113773
2	 3	 6	 1	 18.373533	 0.109636
2	 3	 6	 2	 20.575133	 0.123075
2	 3	 6	 3	 17.321833	 0.073256
2	 3	 6	 4	 18.726033	 0.220489
2	 3	 6	 5	 18.758933	 0.230312
2	 3	 6	 6	 15.875033	 0.496099
2	 3	 7	 1	 15.253933	 0.522438
2	 3	 7	 2	 19.333533	 0.214053
2	 3	 7	 3	 14.531233	 0.798274
2	 3	 7	 4	 15.971633	 1.355320
2	 3	 7	 5	 19.974533	 9.533030
2	 3	 7	 6	 18.405333	 2.710580
2	 4	 1	 1	 34.463503	 6.497670
2	 4	 1	 2	 19.650103	 0.162418
2	 4	 1	 3	 19.083403	 0.062235
2	 4	 1	 4	 20.722703	 0.058303
2	 4	 1	 5	 18.597703	 0.035261
2	 4	 1	 6	 19.372603	 0.030044
2	 4	 2	 1	 17.747403	 0.029193
2	 4	 2	 2	 18.323703	 0.025379
2	 4	 2	 3	 18.800503	 0.029171
2	 4	 2	 4	 19.626303	 0.031265
2	 4	 2	 5	 19.033303	 0.030119
2	 4	 2	 6	 19.358903	 0.036485
2	 4	 3	 1	 18.369003	 0.034965
2	 4	 3	 2	 17.941903	 0.034855
2	 4	 3	 3	 19.125503	 0.036144
2	 4	 3	 4	 18.090303	 0.038900
2	 4	 3	 5	 18.432903	 0.045998
2	 4	 3	 6	 19.023503	 0.040019
2	 4	 4	 1	 17.368603	 0.043461
2	 4	 4	 2	 17.061803	 0.051908
2	 4	 4	 3	 18.120003	 0.057549
2	 4	 4	 4	 17.678103	 0.071496
2	 4	 4	 5	 18.624403	 0.058792
2	 4	 4	 6	 18.136003	 0.060749
2	 4	 5	 1	 17.705203	 0.067306
2	 4	 5	 2	 17.422503	 0.085841
2	 4	 5	 3	 15.033403	 1.042820
2	 4	 5	 4	 17.533203	 0.087666
2	 4	 5	 5	 17.587603	 0.147676
2	 4	 5	 6	 18.853103	 0.121574
2	 4	 6	 1	 19.357303	 0.207210
2	 4	 6	 2	 18.447303	 0.425495
2	 4	 6	 3	 17.641503	 0.433299
2	 4	 6	 4	 24.525003	 2.101000
2	 4	 6	 5	 19.199303	 0.298066
2	 4	 6	 6	 18.587003	 0.222373
2	 4	 7	 1	 24.574003	 2.804000
2	 4	 7	 2	 16.081703	 0.767783
2	 4	 7	 3	 15.117703	 0.981205
2	 4	 7	 4	 14.326403	 1.266970
2	 4	 7	 5	 15.669103	 1.997930
2	 4	 7	 6	 26.496003	 21.482100
2	 5	 1	 1	 16.876436	 1.543640
2	 5	 1	 2	 29.922136	 0.023863
2	 5	 1	 3	 29.196736	 0.051452
2	 5	 1	 4	 28.523536	 0.042090
2	 5	 1	 5	 31.048236	 0.010591
2	 5	 1	 6	 30.029536	 0.012624
2	 5	 2	 1	 29.973536	 0.008872
2	 5	 2	 2	 31.058436	 0.008067
2	 5	 2	 3	 31.096036	 0.009328
2	 5	 2	 4	 31.127436	 0.010527
2	 5	 2	 5	 33.162636	 0.031651
2	 5	 2	 6	 32.993336	 0.031355
2	 5	 3	 1	 33.922636	 0.033113
2	 5	 3	 2	 32.176936	 0.034956
2	 5	 3	 3	 33.910636	 0.041395
2	 5	 3	 4	 32.707336	 0.043544
2	 5	 3	 5	 33.392936	 0.052403
2	 5	 3	 6	 34.512436	 0.058558
2	 5	 4	 1	 33.776636	 0.064793
2	 5	 4	 2	 31.782936	 0.058858
2	 5	 4	 3	 31.170036	 0.070524
2	 5	 4	 4	 29.461236	 0.088530
2	 5	 4	 5	 32.122636	 0.085882
2	 5	 4	 6	 31.604736	 0.099895
2	 5	 5	 1	 30.459236	 0.117673
2	 5	 5	 2	 28.400536	 0.064352
2	 5	 5	 3	 29.202536	 0.194959
2	 5	 5	 4	 24.119536	 0.334476
2	 5	 5	 5	 33.998536	 0.444922
2	 5	 5	 6	 18.976536	 0.439217
2	 5	 6	 1	 18.260236	 0.599622
2	 5	 6	 2	 17.884136	 0.569938
2	 5	 6	 3	 19.379036	 0.734133
2	 5	 6	 4	 21.968536	 16.433000
2	 5	 6	 5	 20.383036	 0.965394
2	 5	 6	 6	 17.909036	 0.836154
2	 5	 7	 1	 32.660436	 4.388000
2	 5	 7	 2	 16.552336	 1.639410
2	 5	 7	 3	 17.676536	 3.114220
2	 5	 7	 4	 18.909636	 2.673060
2	 5	 7	 5	 26.746736	 283.133000
2	 5	 7	 6	 32.660436	 4.388000
2	 6	 1	 1	 24.504705	 0.059037
2	 6	 1	 2	 25.559405	 0.069831
2	 6	 1	 3	 23.502005	 0.022267
2	 6	 1	 4	 23.533805	 0.020534
2	 6	 1	 5	 26.005905	 0.035232
2	 6	 1	 6	 24.405905	 0.033370
2	 6	 2	 1	 24.765505	 0.026153
2	 6	 2	 2	 24.948005	 0.028717
2	 6	 2	 3	 26.169205	 0.030220
2	 6	 2	 4	 23.863205	 0.018887
2	 6	 2	 5	 25.994605	 0.028619
2	 6	 2	 6	 34.393405	 0.037107
2	 6	 3	 1	 27.535005	 0.037445
2	 6	 3	 2	 29.512405	 0.015590
2	 6	 3	 3	 29.397205	 0.010397
2	 6	 3	 4	 26.440505	 0.045196
2	 6	 3	 5	 26.702305	 0.048575
2	 6	 3	 6	 29.234005	 0.056641
2	 6	 4	 1	 27.479305	 0.064625
2	 6	 4	 2	 25.534105	 0.070255
2	 6	 4	 3	 25.474505	 0.077202
2	 6	 4	 4	 26.663905	 0.090032
2	 6	 4	 5	 26.833005	 0.094492
2	 6	 4	 6	 26.178505	 0.106498
2	 6	 5	 1	 25.967705	 0.110345
2	 6	 5	 2	 25.842205	 0.140253
2	 6	 5	 3	 23.694205	 0.176311
2	 6	 5	 4	 25.183905	 0.217793
2	 6	 5	 5	 15.031505	 0.327768
2	 6	 5	 6	 13.783505	 0.498838
2	 6	 6	 1	 12.683605	 0.668412
2	 6	 6	 2	 13.074205	 0.453162
2	 6	 6	 3	 31.573205	 0.743358
2	 6	 6	 4	 30.909605	 0.166102
2	 6	 6	 5	 14.776805	 0.601690
2	 6	 6	 6	 27.534105	 0.109236
2	 6	 7	 1	 10.700945	 1.393920
2	 6	 7	 2	 27.606605	 0.206273
2	 6	 7	 3	 16.347405	 2.617740
2	 6	 7	 4	 22.048605	 1.712620
2	 6	 7	 5	 44.019305	 1.549530
2	 6	 7	 6	 27.089605	 4.021000
3	 1	 1	 1	 40.189503	 0.035350
3	 1	 1	 2	 41.520303	 0.021457
3	 1	 1	 3	 40.726703	 0.016929
3	 1	 1	 4	 40.178903	 0.019155
3	 1	 1	 5	 39.250203	 0.017251
3	 1	 1	 6	 39.772903	 0.017657
3	 1	 2	 1	 41.291003	 0.017173
3	 1	 2	 2	 42.913703	 0.016635
3	 1	 2	 3	 41.027903	 0.016384
3	 1	 2	 4	 44.522903	 0.017782
3	 1	 2	 5	 41.526803	 0.015888
3	 1	 2	 6	 40.818703	 0.016449
3	 1	 3	 1	 40.683603	 0.017606
3	 1	 3	 2	 40.527303	 0.020275
3	 1	 3	 3	 40.500803	 0.020584
3	 1	 3	 4	 40.628303	 0.022613
3	 1	 3	 5	 41.384903	 0.022130
3	 1	 3	 6	 41.244503	 0.023472
3	 1	 4	 1	 43.263003	 0.021331
3	 1	 4	 2	 42.688303	 0.022265
3	 1	 4	 3	 38.764103	 0.020725
3	 1	 4	 4	 41.296203	 0.024004
3	 1	 4	 5	 42.144903	 0.015033
3	 1	 4	 6	 42.881203	 0.026000
3	 1	 5	 1	 40.978703	 0.031795
3	 1	 5	 2	 40.019503	 0.032096
3	 1	 5	 3	 39.259103	 0.031103
3	 1	 5	 4	 43.080703	 0.995119
3	 1	 5	 5	 41.003003	 0.037932
3	 1	 5	 6	 44.089503	 0.636391
3	 1	 6	 1	 41.186803	 0.035104
3	 1	 6	 2	 41.049703	 0.049618
3	 1	 6	 3	 40.860103	 0.051136
3	 1	 6	 4	 41.904103	 0.067271
3	 1	 6	 5	 40.007903	 0.085434
3	 1	 6	 6	 43.235303	 0.087696
3	 1	 7	 1	 43.116803	 0.122635
3	 1	 7	 2	 41.992203	 0.085349
3	 1	 7	 3	 44.666403	 0.111262
3	 1	 7	 4	 43.550803	 0.122981
3	 1	 7	 5	 43.337003	 0.161231
3	 1	 7	 6	 42.615503	 0.176222
3	 2	 1	 1	 43.798330	 0.068317
3	 2	 1	 2	 46.569730	 0.023882
3	 2	 1	 3	 44.682130	 0.018825
3	 2	 1	 4	 43.909330	 0.019885
3	 2	 1	 5	 44.171430	 0.019504
3	 2	 1	 6	 45.686030	 0.020603
3	 2	 2	 1	 44.808230	 0.018593
3	 2	 2	 2	 46.483330	 0.018940
3	 2	 2	 3	 43.319630	 0.017658
3	 2	 2	 4	 44.647930	 0.019261
3	 2	 2	 5	 44.087730	 0.018861
3	 2	 2	 6	 45.033830	 0.019611
3	 2	 3	 1	 43.321630	 0.020998
3	 2	 3	 2	 44.614730	 0.021943
3	 2	 3	 3	 42.843330	 0.021336
3	 2	 3	 4	 44.574530	 0.022235
3	 2	 3	 5	 44.080530	 0.022184
3	 2	 3	 6	 44.192530	 0.025228
3	 2	 4	 1	 41.424030	 0.023445
3	 2	 4	 2	 43.498730	 0.025797
3	 2	 4	 3	 40.889230	 0.027141
3	 2	 4	 4	 43.825830	 0.027870
3	 2	 4	 5	 40.216630	 0.028400
3	 2	 4	 6	 41.866030	 0.044750
3	 2	 5	 1	 42.802530	 0.033330
3	 2	 5	 2	 44.719630	 0.038069
3	 2	 5	 3	 39.622830	 0.036420
3	 2	 5	 4	 43.753630	 0.036951
3	 2	 5	 5	 41.526130	 0.038728
3	 2	 5	 6	 42.894230	 0.047135
3	 2	 6	 1	 42.025830	 0.057869
3	 2	 6	 2	 42.550530	 0.051937
3	 2	 6	 3	 42.715330	 0.060501
3	 2	 6	 4	 42.297530	 0.752093
3	 2	 6	 5	 42.619530	 0.019735
3	 2	 6	 6	 43.315030	 0.091867
3	 2	 7	 1	 43.349730	 0.103410
3	 2	 7	 2	 44.978030	 0.164161
3	 2	 7	 3	 43.139830	 0.199742
3	 2	 7	 4	 45.227030	 0.155239
3	 2	 7	 5	 43.423430	 0.261522
3	 2	 7	 6	 44.968030	 0.243205
3	 3	 1	 1	 47.098491	 2.420030
3	 3	 1	 2	 41.848491	 0.094106
3	 3	 1	 3	 40.679491	 0.048930
3	 3	 1	 4	 41.641791	 0.036665
3	 3	 1	 5	 42.356891	 0.015853
3	 3	 1	 6	 44.164691	 0.030400
3	 3	 2	 1	 45.724591	 0.028143
3	 3	 2	 2	 44.962891	 0.034534
3	 3	 2	 3	 45.088191	 0.029409
3	 3	 2	 4	 45.469891	 0.024944
3	 3	 2	 5	 47.154191	 0.030254
3	 3	 2	 6	 46.820491	 0.032913
3	 3	 3	 1	 46.093191	 0.038121
3	 3	 3	 2	 44.801091	 0.038312
3	 3	 3	 3	 44.663891	 0.036704
3	 3	 3	 4	 46.665791	 0.043054
3	 3	 3	 5	 46.746591	 0.042401
3	 3	 3	 6	 46.380391	 0.041728
3	 3	 4	 1	 45.645291	 0.038921
3	 3	 4	 2	 47.123191	 0.046401
3	 3	 4	 3	 47.755491	 0.044331
3	 3	 4	 4	 45.882591	 0.071735
3	 3	 4	 5	 42.645091	 0.055354
3	 3	 4	 6	 41.949191	 0.064235
3	 3	 5	 1	 41.537591	 0.063282
3	 3	 5	 2	 42.743791	 0.066939
3	 3	 5	 3	 43.392191	 0.068461
3	 3	 5	 4	 44.926691	 0.098605
3	 3	 5	 5	 45.653291	 0.120991
3	 3	 5	 6	 46.836291	 0.113597
3	 3	 6	 1	 44.307091	 0.113426
3	 3	 6	 2	 42.895091	 0.134270
3	 3	 6	 3	 39.887291	 0.359420
3	 3	 6	 4	 42.287791	 0.084506
3	 3	 6	 5	 43.116291	 0.120021
3	 3	 6	 6	 42.707091	 0.404038
3	 3	 7	 1	 41.867191	 0.433051
3	 3	 7	 2	 42.408691	 0.512733
3	 3	 7	 3	 39.726191	 0.693647
3	 3	 7	 4	 40.611291	 1.415060
3	 3	 7	 5	 40.480891	 1.746690
3	 3	 7	 6	 43.703691	 18.623600
3	 4	 1	 1	 53.300839	 5.662000
3	 4	 1	 2	 41.757039	 0.137028
3	 4	 1	 3	 42.635839	 0.051981
3	 4	 1	 4	 42.737139	 0.038008
3	 4	 1	 5	 42.871539	 0.032020
3	 4	 1	 6	 43.026839	 0.030056
3	 4	 2	 1	 41.719139	 0.028098
3	 4	 2	 2	 42.418739	 0.027021
3	 4	 2	 3	 43.661739	 0.029684
3	 4	 2	 4	 45.137339	 0.033033
3	 4	 2	 5	 45.081439	 0.033310
3	 4	 2	 6	 45.413339	 0.034354
3	 4	 3	 1	 42.692039	 0.033271
3	 4	 3	 2	 45.491939	 0.042952
3	 4	 3	 3	 45.446439	 0.040541
3	 4	 3	 4	 42.588539	 0.039088
3	 4	 3	 5	 43.021739	 0.045562
3	 4	 3	 6	 42.902739	 0.042488
3	 4	 4	 1	 49.221739	 0.050191
3	 4	 4	 2	 47.671239	 0.051752
3	 4	 4	 3	 47.462539	 0.053794
3	 4	 4	 4	 44.451239	 0.078959
3	 4	 4	 5	 48.201339	 0.055884
3	 4	 4	 6	 48.573539	 0.058509
3	 4	 5	 1	 44.822839	 0.077337
3	 4	 5	 2	 44.802539	 0.092681
3	 4	 5	 3	 44.998239	 0.117903
3	 4	 5	 4	 43.555239	 0.098387
3	 4	 5	 5	 48.131139	 0.165727
3	 4	 5	 6	 44.756139	 0.275834
3	 4	 6	 1	 48.890239	 0.113423
3	 4	 6	 2	 55.847439	 0.234493
3	 4	 6	 3	 50.243439	 0.195384
3	 4	 6	 4	 51.110839	 3.640000
3	 4	 6	 5	 46.532039	 0.470036
3	 4	 6	 6	 55.060639	 1.725010
3	 4	 7	 1	 45.924839	 0.544026
3	 4	 7	 2	 47.109039	 0.670948
3	 4	 7	 3	 39.878739	 0.987559
3	 4	 7	 4	 40.807139	 1.363280
3	 4	 7	 5	 41.540239	 1.866040
3	 4	 7	 6	 46.307839	 2.295420
3	 5	 1	 1	 52.755724	 7.210680
3	 5	 1	 2	 75.691424	 1.073440
3	 5	 1	 3	 72.907624	 0.033158
3	 5	 1	 4	 71.808624	 0.031451
3	 5	 1	 5	 73.001824	 0.039983
3	 5	 1	 6	 73.690224	 0.027802
3	 5	 2	 1	 71.750224	 0.016100
3	 5	 2	 2	 71.649624	 0.013210
3	 5	 2	 3	 75.466224	 0.397265
3	 5	 2	 4	 72.935024	 0.015577
3	 5	 2	 5	 72.855724	 0.024229
3	 5	 2	 6	 73.548424	 0.030409
3	 5	 3	 1	 73.875124	 0.032694
3	 5	 3	 2	 72.804024	 0.035953
3	 5	 3	 3	 72.575424	 0.039707
3	 5	 3	 4	 72.414424	 0.044188
3	 5	 3	 5	 74.275424	 0.051299
3	 5	 3	 6	 74.827924	 0.060803
3	 5	 4	 1	 72.998424	 0.060278
3	 5	 4	 2	 74.509124	 0.071752
3	 5	 4	 3	 73.811824	 0.075912
3	 5	 4	 4	 72.081724	 0.084847
3	 5	 4	 5	 74.251224	 0.097682
3	 5	 4	 6	 74.278224	 0.117641
3	 5	 5	 1	 64.673024	 0.126529
3	 5	 5	 2	 57.764224	 0.130261
3	 5	 5	 3	 63.914224	 0.153306
3	 5	 5	 4	 58.262424	 0.246662
3	 5	 5	 5	 55.514324	 0.127715
3	 5	 5	 6	 60.743224	 0.280597
3	 5	 6	 1	 65.102424	 0.418876
3	 5	 6	 2	 64.915424	 0.519751
3	 5	 6	 3	 58.081124	 0.290654
3	 5	 6	 4	 55.396524	 0.266287
3	 5	 6	 5	 54.616224	 0.375893
3	 5	 6	 6	 57.538724	 0.958898
3	 5	 7	 1	 47.417324	 1.783270
3	 5	 7	 2	 58.141524	 0.316749
3	 5	 7	 3	 51.375324	 1.733850
3	 5	 7	 4	 50.340724	 2.537120
3	 5	 7	 5	 62.332624	 12.885000
3	 5	 7	 6	 62.332624	 12.885000
3	 6	 1	 1	 63.614000	 1.489290
3	 6	 1	 2	 66.994400	 0.147504
3	 6	 1	 3	 67.225800	 0.091759
3	 6	 1	 4	 64.507000	 0.090348
3	 6	 1	 5	 67.670400	 0.057863
3	 6	 1	 6	 67.984500	 0.053363
3	 6	 2	 1	 67.089800	 0.037508
3	 6	 2	 2	 66.410900	 0.034511
3	 6	 2	 3	 66.161000	 0.031441
3	 6	 2	 4	 67.339300	 0.031158
3	 6	 2	 5	 68.200600	 0.035227
3	 6	 2	 6	 67.046300	 0.036060
3	 6	 3	 1	 59.108700	 0.132880
3	 6	 3	 2	 66.821400	 0.039634
3	 6	 3	 3	 65.926500	 0.043465
3	 6	 3	 4	 65.937600	 0.050577
3	 6	 3	 5	 66.236900	 0.053583
3	 6	 3	 6	 66.282100	 0.063186
3	 6	 4	 1	 67.106200	 0.072258
3	 6	 4	 2	 66.667200	 0.075034
3	 6	 4	 3	 69.413300	 0.163580
3	 6	 4	 4	 66.648500	 0.095695
3	 6	 4	 5	 70.475200	 0.025015
3	 6	 4	 6	 67.973700	 0.102357
3	 6	 5	 1	 57.668300	 0.149538
3	 6	 5	 2	 50.736200	 0.077574
3	 6	 5	 3	 51.482200	 0.074723
3	 6	 5	 4	 53.272300	 0.175832
3	 6	 5	 5	 56.888900	 0.218473
3	 6	 5	 6	 51.753900	 0.108319
3	 6	 6	 1	 45.727700	 0.401522
3	 6	 6	 2	 45.812700	 0.538859
3	 6	 6	 3	 47.269200	 0.589510
3	 6	 6	 4	 45.750600	 0.695749
3	 6	 6	 5	 46.734600	 0.968472
3	 6	 6	 6	 46.079500	 1.251850
3	 6	 7	 1	 43.832500	 1.271970
3	 6	 7	 2	 40.922900	 1.321450
3	 6	 7	 3	 47.938800	 1.980430
3	 6	 7	 4	 50.633600	 1.638570
3	 6	 7	 5	 59.179100	 2.188620
3	 6	 7	 6	 57.645800	 10.619000
4	 1	 1	 1	 6.752884	 0.038349
4	 1	 1	 2	 7.542444	 0.019535
4	 1	 1	 3	 7.352364	 0.016713
4	 1	 1	 4	 6.048294	 0.016157
4	 1	 1	 5	 6.974084	 0.017730
4	 1	 1	 6	 6.376414	 0.017821
4	 1	 2	 1	 6.445114	 0.016182
4	 1	 2	 2	 6.809704	 0.017036
4	 1	 2	 3	 7.002654	 0.015824
4	 1	 2	 4	 5.869254	 0.015303
4	 1	 2	 5	 6.425184	 0.016562
4	 1	 2	 6	 7.941194	 0.017104
4	 1	 3	 1	 5.885704	 0.016289
4	 1	 3	 2	 7.120314	 0.019223
4	 1	 3	 3	 6.850234	 0.017657
4	 1	 3	 4	 6.479674	 0.019321
4	 1	 3	 5	 7.765754	 0.019778
4	 1	 3	 6	 7.330754	 0.020231
4	 1	 4	 1	 7.789014	 0.023782
4	 1	 4	 2	 8.475494	 0.025223
4	 1	 4	 3	 6.631844	 0.023571
4	 1	 4	 4	 7.562614	 0.026677
4	 1	 4	 5	 6.880244	 0.026582
4	 1	 4	 6	 8.649114	 0.030718
4	 1	 5	 1	 7.519734	 0.028049
4	 1	 5	 2	 7.840694	 0.035673
4	 1	 5	 3	 8.002594	 0.035150
4	 1	 5	 4	 7.964744	 0.035096
4	 1	 5	 5	 6.778894	 0.038061
4	 1	 5	 6	 7.659164	 0.043280
4	 1	 6	 1	 6.661724	 0.042446
4	 1	 6	 2	 7.769764	 0.048054
4	 1	 6	 3	 6.619174	 0.045877
4	 1	 6	 4	 7.817054	 0.056753
4	 1	 6	 5	 7.126404	 0.068145
4	 1	 6	 6	 7.504744	 0.095196
4	 1	 7	 1	 6.429804	 0.096403
4	 1	 7	 2	 6.615004	 0.103486
4	 1	 7	 3	 7.465764	 0.143487
4	 1	 7	 4	 7.704294	 0.147717
4	 1	 7	 5	 7.278194	 0.135373
4	 1	 7	 6	 7.393684	 0.238131
4	 2	 1	 1	 33.564713	 0.055125
4	 2	 1	 2	 35.174113	 0.024537
4	 2	 1	 3	 33.495513	 0.023520
4	 2	 1	 4	 33.202613	 0.017508
4	 2	 1	 5	 33.749013	 0.017531
4	 2	 1	 6	 34.215213	 0.016833
4	 2	 2	 1	 33.680113	 0.026237
4	 2	 2	 2	 48.297413	 0.021775
4	 2	 2	 3	 32.850213	 0.013511
4	 2	 2	 4	 34.009113	 0.018383
4	 2	 2	 5	 33.260013	 0.017995
4	 2	 2	 6	 34.432313	 0.019672
4	 2	 3	 1	 33.902613	 0.019654
4	 2	 3	 2	 33.616113	 0.019605
4	 2	 3	 3	 31.777913	 0.022009
4	 2	 3	 4	 32.055513	 0.023291
4	 2	 3	 5	 34.859413	 0.022967
4	 2	 3	 6	 33.090813	 0.022351
4	 2	 4	 1	 34.410813	 0.025231
4	 2	 4	 2	 33.780613	 0.026455
4	 2	 4	 3	 33.439713	 0.023184
4	 2	 4	 4	 33.815713	 0.028059
4	 2	 4	 5	 33.961513	 0.031700
4	 2	 4	 6	 34.335813	 0.033485
4	 2	 5	 1	 34.546213	 0.032116
4	 2	 5	 2	 35.718413	 0.037295
4	 2	 5	 3	 35.365213	 0.040340
4	 2	 5	 4	 32.287713	 0.039473
4	 2	 5	 5	 32.280713	 0.045230
4	 2	 5	 6	 33.189713	 0.041575
4	 2	 6	 1	 33.036013	 0.056125
4	 2	 6	 2	 32.104113	 0.069368
4	 2	 6	 3	 32.699513	 0.058416
4	 2	 6	 4	 31.594713	 0.080263
4	 2	 6	 5	 32.101713	 0.087137
4	 2	 6	 6	 31.627113	 0.115461
4	 2	 7	 1	 31.515113	 0.095080
4	 2	 7	 2	 32.555213	 0.123501
4	 2	 7	 3	 29.466113	 0.103276
4	 2	 7	 4	 50.950113	 0.182859
4	 2	 7	 5	 31.649913	 0.155404
4	 2	 7	 6	 30.896813	 0.167025
4	 3	 1	 1	 18.204902	 2.016820
4	 3	 1	 2	 16.463102	 0.076953
4	 3	 1	 3	 16.331702	 0.038579
4	 3	 1	 4	 17.155902	 0.033759
4	 3	 1	 5	 16.705002	 0.039058
4	 3	 1	 6	 16.600702	 0.033707
4	 3	 2	 1	 13.371702	 0.029328
4	 3	 2	 2	 12.764902	 0.025850
4	 3	 2	 3	 14.416102	 0.035256
4	 3	 2	 4	 13.868802	 0.029512
4	 3	 2	 5	 15.926702	 0.030604
4	 3	 2	 6	 15.452702	 0.034116
4	 3	 3	 1	 13.535802	 0.031420
4	 3	 3	 2	 14.248802	 0.031023
4	 3	 3	 3	 13.624702	 0.007588
4	 3	 3	 4	 14.026102	 0.035532
4	 3	 3	 5	 14.567902	 0.037782
4	 3	 3	 6	 14.444202	 0.040649
4	 3	 4	 1	 14.903202	 0.039379
4	 3	 4	 2	 15.380102	 0.043261
4	 3	 4	 3	 15.534102	 0.047128
4	 3	 4	 4	 14.640202	 0.047953
4	 3	 4	 5	 15.738402	 0.054995
4	 3	 4	 6	 15.162702	 0.051119
4	 3	 5	 1	 14.482702	 0.051869
4	 3	 5	 2	 13.502002	 0.052877
4	 3	 5	 3	 14.150202	 0.071267
4	 3	 5	 4	 13.625002	 0.100590
4	 3	 5	 5	 14.980902	 0.093587
4	 3	 5	 6	 14.809102	 0.184808
4	 3	 6	 1	 17.746302	 0.046742
4	 3	 6	 2	 15.199002	 0.184177
4	 3	 6	 3	 14.537502	 0.169107
4	 3	 6	 4	 13.980402	 0.301173
4	 3	 6	 5	 15.244302	 0.185635
4	 3	 6	 6	 13.629302	 0.039586
4	 3	 7	 1	 15.647702	 0.241189
4	 3	 7	 2	 13.602002	 0.351662
4	 3	 7	 3	 11.587332	 0.698024
4	 3	 7	 4	 18.811202	 0.580228
4	 3	 7	 5	 9.152002	 1.837770
4	 3	 7	 6	 16.564002	 1.859180
4	 4	 1	 1	 15.136983	 5.969970
4	 4	 1	 2	 15.140983	 0.181820
4	 4	 1	 3	 15.563083	 0.054319
4	 4	 1	 4	 14.391883	 0.043296
4	 4	 1	 5	 16.124883	 0.035712
4	 4	 1	 6	 15.571883	 0.032700
4	 4	 2	 1	 15.355483	 0.029515
4	 4	 2	 2	 14.872683	 0.029191
4	 4	 2	 3	 14.656583	 0.028561
4	 4	 2	 4	 14.306683	 0.032235
4	 4	 2	 5	 14.384683	 0.030785
4	 4	 2	 6	 14.856983	 0.032244
4	 4	 3	 1	 15.164783	 0.034155
4	 4	 3	 2	 14.216383	 0.037416
4	 4	 3	 3	 14.196183	 0.039044
4	 4	 3	 4	 14.282583	 0.038499
4	 4	 3	 5	 14.116283	 0.041124
4	 4	 3	 6	 14.359383	 0.042302
4	 4	 4	 1	 14.434183	 0.051988
4	 4	 4	 2	 14.123283	 0.054196
4	 4	 4	 3	 13.867583	 0.048084
4	 4	 4	 4	 13.422983	 0.051665
4	 4	 4	 5	 14.728183	 0.057991
4	 4	 4	 6	 13.678483	 0.048183
4	 4	 5	 1	 14.968683	 0.069931
4	 4	 5	 2	 16.152583	 0.355773
4	 4	 5	 3	 13.740483	 0.080506
4	 4	 5	 4	 14.755783	 0.079632
4	 4	 5	 5	 14.509383	 0.166685
4	 4	 5	 6	 13.232383	 0.210516
4	 4	 6	 1	 13.648783	 0.273437
4	 4	 6	 2	 17.565183	 0.166126
4	 4	 6	 3	 14.218883	 0.232682
4	 4	 6	 4	 15.549583	 0.214010
4	 4	 6	 5	 12.290183	 0.464972
4	 4	 6	 6	 12.185383	 0.485188
4	 4	 7	 1	 11.780783	 0.669568
4	 4	 7	 2	 12.040183	 0.831715
4	 4	 7	 3	 9.965823	 1.094060
4	 4	 7	 4	 18.365883	 3.539000
4	 4	 7	 5	 9.208263	 1.744610
4	 4	 7	 6	 7.964573	 4.105340
4	 5	 1	 1	 55.503213	 2.477000
4	 5	 1	 2	 51.479713	 0.181315
4	 5	 1	 3	 52.335713	 0.064645
4	 5	 1	 4	 51.302013	 0.049128
4	 5	 1	 5	 53.720313	 0.010727
4	 5	 1	 6	 52.451413	 0.085670
4	 5	 2	 1	 52.877213	 0.023119
4	 5	 2	 2	 53.649213	 0.020826
4	 5	 2	 3	 52.663313	 0.009891
4	 5	 2	 4	 53.914913	 0.013711
4	 5	 2	 5	 55.705813	 0.027097
4	 5	 2	 6	 55.352813	 0.027293
4	 5	 3	 1	 56.556713	 0.033428
4	 5	 3	 2	 55.123113	 0.035024
4	 5	 3	 3	 55.814113	 0.040137
4	 5	 3	 4	 55.372013	 0.044730
4	 5	 3	 5	 55.877113	 0.049304
4	 5	 3	 6	 56.745013	 0.059940
4	 5	 4	 1	 56.670713	 0.058358
4	 5	 4	 2	 56.644013	 0.061538
4	 5	 4	 3	 54.843713	 0.070849
4	 5	 4	 4	 55.928513	 0.241652
4	 5	 4	 5	 54.025813	 0.096717
4	 5	 4	 6	 55.012413	 0.098165
4	 5	 5	 1	 53.824313	 0.110143
4	 5	 5	 2	 52.215713	 0.117821
4	 5	 5	 3	 50.342613	 0.148894
4	 5	 5	 4	 50.370613	 0.117262
4	 5	 5	 5	 43.457113	 0.344351
4	 5	 5	 6	 49.144913	 0.169101
4	 5	 6	 1	 34.881613	 2.021220
4	 5	 6	 2	 55.382113	 0.509110
4	 5	 6	 3	 45.564113	 0.633388
4	 5	 6	 4	 53.666213	 1.141880
4	 5	 6	 5	 56.570213	 8.957000
4	 5	 6	 6	 55.411613	 1.454030
4	 5	 7	 1	 39.821013	 0.966351
4	 5	 7	 2	 65.932113	 1.039480
4	 5	 7	 3	 39.247313	 0.587365
4	 5	 7	 4	 44.421413	 1.792610
4	 5	 7	 5	 55.899213	 10.186000
4	 5	 7	 6	 55.899213	 10.186000
4	 6	 1	 1	 34.217257	 1.928830
4	 6	 1	 2	 47.572157	 0.129365
4	 6	 1	 3	 47.073957	 0.020590
4	 6	 1	 4	 48.185257	 0.013812
4	 6	 1	 5	 47.056157	 0.012093
4	 6	 1	 6	 48.267957	 0.015193
4	 6	 2	 1	 49.489957	 0.030218
4	 6	 2	 2	 49.032157	 0.027965
4	 6	 2	 3	 49.466657	 0.028416
4	 6	 2	 4	 54.260957	 0.011003
4	 6	 2	 5	 51.381557	 0.029210
4	 6	 2	 6	 51.171357	 0.033886
4	 6	 3	 1	 54.686157	 0.035698
4	 6	 3	 2	 54.363757	 0.036656
4	 6	 3	 3	 54.661057	 0.023995
4	 6	 3	 4	 49.331057	 0.042656
4	 6	 3	 5	 49.465057	 0.048968
4	 6	 3	 6	 48.512457	 0.054739
4	 6	 4	 1	 50.778057	 0.064618
4	 6	 4	 2	 50.095657	 0.069898
4	 6	 4	 3	 50.276557	 0.084016
4	 6	 4	 4	 51.084557	 1.414210
4	 6	 4	 5	 53.046857	 0.016821
4	 6	 4	 6	 57.128157	 0.465687
4	 6	 5	 1	 51.293857	 0.135259
4	 6	 5	 2	 49.884457	 0.136484
4	 6	 5	 3	 52.871957	 0.257945
4	 6	 5	 4	 53.020857	 0.210779
4	 6	 5	 5	 52.111557	 0.232266
4	 6	 5	 6	 53.917157	 0.230227
4	 6	 6	 1	 35.959457	 5.245230
4	 6	 6	 2	 40.471857	 0.795254
4	 6	 6	 3	 40.594257	 0.616966
4	 6	 6	 4	 47.758257	 0.890432
4	 6	 6	 5	 56.640957	 7.619000
4	 6	 6	 6	 45.129757	 0.910470
4	 6	 7	 1	 49.660957	 9.627000
4	 6	 7	 2	 42.071757	 1.347730
4	 6	 7	 3	 44.577957	 1.357660
4	 6	 7	 4	 53.847957	 7.357000
4	 6	 7	 5	 62.156757	 2.141150
4	 6	 7	 6	 60.025657	 0.724527
5	 1	 1	 1	 41.230271	 0.047207
5	 1	 1	 2	 30.917371	 0.022585
5	 1	 1	 3	 29.481671	 0.020261
5	 1	 1	 4	 24.163071	 0.018046
5	 1	 1	 5	 23.495171	 0.016969
5	 1	 1	 6	 24.354371	 0.018017
5	 1	 2	 1	 27.993271	 0.016078
5	 1	 2	 2	 25.866971	 0.004159
5	 1	 2	 3	 26.493171	 0.014477
5	 1	 2	 4	 27.236671	 0.016665
5	 1	 2	 5	 26.529571	 0.024389
5	 1	 2	 6	 25.030171	 0.005548
5	 1	 3	 1	 27.217271	 0.017536
5	 1	 3	 2	 26.942171	 0.018562
5	 1	 3	 3	 27.441371	 0.018626
5	 1	 3	 4	 26.112571	 0.018930
5	 1	 3	 5	 26.606871	 0.018406
5	 1	 3	 6	 26.811171	 0.022631
5	 1	 4	 1	 26.813271	 0.021336
5	 1	 4	 2	 27.933071	 0.023241
5	 1	 4	 3	 26.629071	 0.022188
5	 1	 4	 4	 27.181071	 0.023936
5	 1	 4	 5	 28.523871	 0.025598
5	 1	 4	 6	 27.561471	 0.026956
5	 1	 5	 1	 28.449371	 0.027146
5	 1	 5	 2	 28.734771	 0.031971
5	 1	 5	 3	 28.112671	 0.034534
5	 1	 5	 4	 26.691471	 0.039245
5	 1	 5	 5	 29.039471	 0.034206
5	 1	 5	 6	 31.697971	 0.045171
5	 1	 6	 1	 27.754471	 0.048181
5	 1	 6	 2	 27.525971	 0.048734
5	 1	 6	 3	 28.300071	 0.051399
5	 1	 6	 4	 27.629671	 0.077764
5	 1	 6	 5	 26.765971	 0.079438
5	 1	 6	 6	 28.198171	 0.095271
5	 1	 7	 1	 27.920471	 0.106169
5	 1	 7	 2	 27.711171	 0.120479
5	 1	 7	 3	 27.961871	 0.132971
5	 1	 7	 4	 29.948471	 0.135324
5	 1	 7	 5	 29.971371	 0.059412
5	 1	 7	 6	 31.156771	 0.230490
5	 2	 1	 1	 4.030592	 0.066404
5	 2	 1	 2	 4.363602	 0.022922
5	 2	 1	 3	 2.359065	 0.018931
5	 2	 1	 4	 3.552892	 0.021719
5	 2	 1	 5	 4.358862	 0.019757
5	 2	 1	 6	 3.443152	 0.017845
5	 2	 2	 1	 2.313714	 0.016756
5	 2	 2	 2	 3.825632	 0.017385
5	 2	 2	 3	 3.174002	 0.016708
5	 2	 2	 4	 2.697622	 0.017041
5	 2	 2	 5	 2.857237	 0.016327
5	 2	 2	 6	 2.450267	 0.017799
5	 2	 3	 1	 2.072786	 0.018274
5	 2	 3	 2	 2.865024	 0.020273
5	 2	 3	 3	 1.527797	 0.017915
5	 2	 3	 4	 3.058212	 0.022035
5	 2	 3	 5	 3.083782	 0.020076
5	 2	 3	 6	 2.361037	 0.020894
5	 2	 4	 1	 3.763802	 0.024296
5	 2	 4	 2	 3.361482	 0.024715
5	 2	 4	 3	 3.170062	 0.025241
5	 2	 4	 4	 3.354392	 0.024778
5	 2	 4	 5	 2.439530	 0.027901
5	 2	 4	 6	 3.939762	 0.028471
5	 2	 5	 1	 2.473980	 0.032755
5	 2	 5	 2	 2.656353	 0.032853
5	 2	 5	 3	 1.346206	 0.031133
5	 2	 5	 4	 2.283268	 0.033988
5	 2	 5	 5	 2.386142	 0.040513
5	 2	 5	 6	 2.688632	 0.041164
5	 2	 6	 1	 3.177892	 0.050038
5	 2	 6	 2	 2.858161	 0.055153
5	 2	 6	 3	 1.256209	 0.064355
5	 2	 6	 4	 3.805462	 0.068701
5	 2	 6	 5	 3.244692	 0.068450
5	 2	 6	 6	 2.999521	 0.106078
5	 2	 7	 1	 2.053145	 0.158942
5	 2	 7	 2	 2.532074	 0.235224
5	 2	 7	 3	 2.171147	 0.129498
5	 2	 7	 4	 2.803626	 0.171391
5	 2	 7	 5	 2.041810	 0.127713
5	 2	 7	 6	 3.683942	 0.228274
5	 3	 1	 1	 9.778076	 4.254900
5	 3	 1	 2	 11.973706	 0.109522
5	 3	 1	 3	 10.362356	 0.035381
5	 3	 1	 4	 11.549106	 0.029319
5	 3	 1	 5	 11.578306	 0.027811
5	 3	 1	 6	 11.409216	 0.023795
5	 3	 2	 1	 10.925416	 0.024683
5	 3	 2	 2	 11.368316	 0.023415
5	 3	 2	 3	 11.393866	 0.024468
5	 3	 2	 4	 10.358046	 0.022674
5	 3	 2	 5	 10.972416	 0.026256
5	 3	 2	 6	 10.580726	 0.028655
5	 3	 3	 1	 11.610706	 0.026657
5	 3	 3	 2	 10.597906	 0.029069
5	 3	 3	 3	 9.956126	 0.029169
5	 3	 3	 4	 10.991266	 0.031100
5	 3	 3	 5	 11.191876	 0.031500
5	 3	 3	 6	 11.519316	 0.035145
5	 3	 4	 1	 14.082906	 0.037779
5	 3	 4	 2	 13.544606	 0.041515
5	 3	 4	 3	 13.359006	 0.039774
5	 3	 4	 4	 13.243706	 0.042684
5	 3	 4	 5	 9.970116	 0.038660
5	 3	 4	 6	 10.729156	 0.051052
5	 3	 5	 1	 10.542186	 0.055740
5	 3	 5	 2	 10.747796	 0.056985
5	 3	 5	 3	 10.927956	 0.065482
5	 3	 5	 4	 10.559036	 0.079667
5	 3	 5	 5	 10.697016	 0.076596
5	 3	 5	 6	 10.955816	 0.092572
5	 3	 6	 1	 12.755306	 0.109916
5	 3	 6	 2	 12.151006	 0.125652
5	 3	 6	 3	 9.850906	 0.171597
5	 3	 6	 4	 11.627606	 0.220428
5	 3	 6	 5	 10.526816	 0.127837
5	 3	 6	 6	 11.101446	 0.144791
5	 3	 7	 1	 9.525706	 0.171780
5	 3	 7	 2	 11.970406	 0.455167
5	 3	 7	 3	 9.554156	 0.688711
5	 3	 7	 4	 12.221806	 0.288429
5	 3	 7	 5	 13.459206	 1.111480
5	 3	 7	 6	 8.962226	 3.777730
5	 4	 1	 1	 15.364297	 4.590380
5	 4	 1	 2	 14.312897	 0.428280
5	 4	 1	 3	 10.335127	 0.050407
5	 4	 1	 4	 11.180397	 0.034539
5	 4	 1	 5	 11.808197	 0.032662
5	 4	 1	 6	 10.760067	 0.026378
5	 4	 2	 1	 10.993197	 0.027654
5	 4	 2	 2	 10.586717	 0.025229
5	 4	 2	 3	 10.392277	 0.026043
5	 4	 2	 4	 9.962187	 0.025885
5	 4	 2	 5	 11.234697	 0.028191
5	 4	 2	 6	 12.181997	 2.125850
5	 4	 3	 1	 11.002597	 0.031081
5	 4	 3	 2	 11.572597	 0.032930
5	 4	 3	 3	 10.678817	 0.035962
5	 4	 3	 4	 10.568487	 0.035075
5	 4	 3	 5	 10.585097	 0.038374
5	 4	 3	 6	 10.998397	 0.043358
5	 4	 4	 1	 12.297197	 0.049715
5	 4	 4	 2	 11.377997	 0.048307
5	 4	 4	 3	 10.577867	 0.050522
5	 4	 4	 4	 10.937377	 0.044946
5	 4	 4	 5	 12.321097	 0.051190
5	 4	 4	 6	 11.261397	 0.058800
5	 4	 5	 1	 11.410197	 0.057336
5	 4	 5	 2	 12.409297	 0.084945
5	 4	 5	 3	 10.096637	 0.082710
5	 4	 5	 4	 11.822397	 0.091093
5	 4	 5	 5	 14.333897	 0.328400
5	 4	 5	 6	 12.919297	 0.130779
5	 4	 6	 1	 13.284097	 0.367969
5	 4	 6	 2	 12.849597	 0.150596
5	 4	 6	 3	 10.171627	 0.202584
5	 4	 6	 4	 10.256557	 0.281460
5	 4	 6	 5	 9.801197	 0.128540
5	 4	 6	 6	 7.473157	 0.493827
5	 4	 7	 1	 10.286167	 2.146940
5	 4	 7	 2	 17.646197	 4.407000
5	 4	 7	 3	 10.597687	 0.910163
5	 4	 7	 4	 5.279487	 1.356980
5	 4	 7	 5	 17.646197	 4.407000
5	 4	 7	 6	 17.646197	 4.407000
5	 5	 1	 1	 35.129713	 3.359150
5	 5	 1	 2	 45.832913	 23.172000
5	 5	 1	 3	 51.244113	 0.050625
5	 5	 1	 4	 51.273013	 0.045183
5	 5	 1	 5	 50.493013	 0.035349
5	 5	 1	 6	 50.229513	 0.032934
5	 5	 2	 1	 53.822913	 0.014233
5	 5	 2	 2	 53.852513	 0.011176
5	 5	 2	 3	 54.966013	 0.009650
5	 5	 2	 4	 51.329113	 0.027284
5	 5	 2	 5	 52.243413	 0.029603
5	 5	 2	 6	 53.213813	 0.032365
5	 5	 3	 1	 52.171813	 0.034933
5	 5	 3	 2	 51.934113	 0.035655
5	 5	 3	 3	 52.623713	 0.041428
5	 5	 3	 4	 50.095513	 0.040901
5	 5	 3	 5	 54.080613	 0.048712
5	 5	 3	 6	 52.022113	 0.058222
5	 5	 4	 1	 50.593813	 0.059242
5	 5	 4	 2	 51.060913	 0.062409
5	 5	 4	 3	 51.045413	 0.070578
5	 5	 4	 4	 48.856513	 0.068545
5	 5	 4	 5	 50.684713	 0.088016
5	 5	 4	 6	 49.227413	 0.088589
5	 5	 5	 1	 48.811113	 0.112701
5	 5	 5	 2	 51.979713	 0.202752
5	 5	 5	 3	 47.780813	 0.149840
5	 5	 5	 4	 49.318513	 0.170121
5	 5	 5	 5	 49.701113	 0.242077
5	 5	 5	 6	 50.589413	 0.482212
5	 5	 6	 1	 38.535213	 0.465497
5	 5	 6	 2	 47.610613	 0.346050
5	 5	 6	 3	 49.616413	 5.697000
5	 5	 6	 4	 47.286913	 0.449941
5	 5	 6	 5	 51.523413	 15.424000
5	 5	 6	 6	 51.523413	 15.424000
5	 5	 7	 1	 39.623613	 0.892900
5	 5	 7	 2	 51.523413	 15.424000
5	 5	 7	 3	 47.246013	 0.881924
5	 5	 7	 4	 52.053113	 12.138100
5	 5	 7	 5	 43.142913	 3.377560
5	 5	 7	 6	 57.369113	 11.686400
5	 6	 1	 1	 42.164176	 0.417408
5	 6	 1	 2	 45.144476	 0.094424
5	 6	 1	 3	 45.839376	 0.062554
5	 6	 1	 4	 45.234876	 0.054656
5	 6	 1	 5	 46.589176	 0.044206
5	 6	 1	 6	 44.753476	 0.037146
5	 6	 2	 1	 50.183376	 0.031030
5	 6	 2	 2	 47.919076	 0.025148
5	 6	 2	 3	 47.816476	 0.018562
5	 6	 2	 4	 49.865876	 0.024725
5	 6	 2	 5	 50.269776	 0.029467
5	 6	 2	 6	 50.494576	 0.029231
5	 6	 3	 1	 49.332376	 0.030198
5	 6	 3	 2	 49.920876	 0.036026
5	 6	 3	 3	 48.770176	 0.010124
5	 6	 3	 4	 47.893476	 0.075406
5	 6	 3	 5	 48.179476	 0.048646
5	 6	 3	 6	 47.941876	 0.051851
5	 6	 4	 1	 46.950876	 0.077243
5	 6	 4	 2	 47.752276	 0.066982
5	 6	 4	 3	 47.613776	 0.015199
5	 6	 4	 4	 56.553676	 3.394540
5	 6	 4	 5	 51.890076	 0.080715
5	 6	 4	 6	 50.233776	 0.112174
5	 6	 5	 1	 47.802876	 0.149887
5	 6	 5	 2	 47.449876	 0.128262
5	 6	 5	 3	 49.094376	 0.143778
5	 6	 5	 4	 50.644976	 0.186837
5	 6	 5	 5	 52.299276	 0.260926
5	 6	 5	 6	 50.682976	 0.283286
5	 6	 6	 1	 48.536076	 0.244639
5	 6	 6	 2	 48.231376	 0.144855
5	 6	 6	 3	 50.420076	 0.123673
5	 6	 6	 4	 48.687076	 0.647374
5	 6	 6	 5	 49.268776	 6.187000
5	 6	 6	 6	 36.685076	 0.910148
5	 6	 7	 1	 49.378276	 1.801600
5	 6	 7	 2	 53.012776	 8.904000
5	 6	 7	 3	 38.628976	 1.052270
5	 6	 7	 4	 42.586076	 1.688950
5	 6	 7	 5	 51.531976	 1.536170
5	 6	 7	 6	 80.430876	 176.966000
6	 1	 1	 1	 6.009576	 0.034791
6	 1	 1	 2	 6.265216	 0.019298
6	 1	 1	 3	 4.842456	 0.015945
6	 1	 1	 4	 9.544396	 0.019634
6	 1	 1	 5	 10.501156	 0.019790
6	 1	 1	 6	 11.162366	 0.019815
6	 1	 2	 1	 8.760266	 0.018294
6	 1	 2	 2	 8.594506	 0.017413
6	 1	 2	 3	 8.856616	 0.017245
6	 1	 2	 4	 8.878846	 0.017927
6	 1	 2	 5	 9.435896	 0.015437
6	 1	 2	 6	 8.839816	 0.020391
6	 1	 3	 1	 8.342306	 0.018037
6	 1	 3	 2	 8.591456	 0.018996
6	 1	 3	 3	 8.043906	 0.022516
6	 1	 3	 4	 7.033106	 0.021581
6	 1	 3	 5	 8.480456	 0.020765
6	 1	 3	 6	 6.976206	 0.021217
6	 1	 4	 1	 10.030106	 0.025257
6	 1	 4	 2	 9.637686	 0.025423
6	 1	 4	 3	 9.702666	 0.023024
6	 1	 4	 4	 10.875146	 0.032124
6	 1	 4	 5	 9.841696	 0.025889
6	 1	 4	 6	 11.059446	 0.030729
6	 1	 5	 1	 5.473996	 0.028715
6	 1	 5	 2	 7.652096	 0.030018
6	 1	 5	 3	 4.429786	 0.028739
6	 1	 5	 4	 9.835906	 0.041320
6	 1	 5	 5	 9.800886	 0.040583
6	 1	 5	 6	 10.384316	 0.043048
6	 1	 6	 1	 7.144926	 0.053854
6	 1	 6	 2	 7.456146	 0.058718
6	 1	 6	 3	 6.624676	 0.059449
6	 1	 6	 4	 5.211756	 0.062354
6	 1	 6	 5	 5.026266	 0.081195
6	 1	 6	 6	 6.018256	 0.092542
6	 1	 7	 1	 7.270086	 0.108113
6	 1	 7	 2	 9.604536	 0.141363
6	 1	 7	 3	 7.446886	 0.120706
6	 1	 7	 4	 8.398326	 0.130825
6	 1	 7	 5	 7.987476	 0.095615
6	 1	 7	 6	 8.626526	 0.047324
6	 2	 1	 1	 12.539218	 0.079804
6	 2	 1	 2	 11.393038	 0.026848
6	 2	 1	 3	 8.880798	 0.019732
6	 2	 1	 4	 10.479778	 0.019143
6	 2	 1	 5	 8.905408	 0.021253
6	 2	 1	 6	 8.411628	 0.019153
6	 2	 2	 1	 7.720708	 0.018587
6	 2	 2	 2	 8.183908	 0.018177
6	 2	 2	 3	 6.623158	 0.018581
6	 2	 2	 4	 8.045808	 0.017492
6	 2	 2	 5	 9.196838	 0.019081
6	 2	 2	 6	 9.389148	 0.020081
6	 2	 3	 1	 7.953028	 0.019018
6	 2	 3	 2	 8.938458	 0.021618
6	 2	 3	 3	 7.464288	 0.020809
6	 2	 3	 4	 7.978778	 0.021671
6	 2	 3	 5	 7.595198	 0.022965
6	 2	 3	 6	 6.517788	 0.023995
6	 2	 4	 1	 9.622478	 0.023737
6	 2	 4	 2	 9.205818	 0.033436
6	 2	 4	 3	 9.674518	 0.034136
6	 2	 4	 4	 7.011978	 0.025464
6	 2	 4	 5	 6.784728	 0.027850
6	 2	 4	 6	 7.246738	 0.030708
6	 2	 5	 1	 7.720758	 0.031176
6	 2	 5	 2	 12.104608	 0.037662
6	 2	 5	 3	 10.042128	 0.039949
6	 2	 5	 4	 5.748488	 0.074995
6	 2	 5	 5	 7.798798	 0.042344
6	 2	 5	 6	 7.886558	 0.051302
6	 2	 6	 1	 5.789088	 0.045962
6	 2	 6	 2	 6.108428	 0.062503
6	 2	 6	 3	 6.283438	 0.051247
6	 2	 6	 4	 11.029568	 0.090012
6	 2	 6	 5	 10.586858	 0.102377
6	 2	 6	 6	 10.874908	 0.115892
6	 2	 7	 1	 9.666168	 0.098149
6	 2	 7	 2	 10.813158	 0.143137
6	 2	 7	 3	 8.858158	 0.192677
6	 2	 7	 4	 3.410378	 0.147430
6	 2	 7	 5	 6.033148	 0.179757
6	 2	 7	 6	 5.102668	 0.222671
6	 3	 1	 1	 -26.007528	 2.345780
6	 3	 1	 2	 -25.933828	 0.082366
6	 3	 1	 3	 -27.623028	 1.421300
6	 3	 1	 4	 -27.001028	 0.033538
6	 3	 1	 5	 -27.366528	 0.030564
6	 3	 1	 6	 -27.688828	 0.017684
6	 3	 2	 1	 -26.376828	 0.024512
6	 3	 2	 2	 -26.169228	 0.025581
6	 3	 2	 3	 -28.406928	 0.036365
6	 3	 2	 4	 -27.936528	 0.027271
6	 3	 2	 5	 -26.409728	 0.028299
6	 3	 2	 6	 -27.774028	 0.027810
6	 3	 3	 1	 -27.520628	 0.014068
6	 3	 3	 2	 -26.941528	 0.030488
6	 3	 3	 3	 -28.437628	 0.031119
6	 3	 3	 4	 -28.166728	 0.031369
6	 3	 3	 5	 -26.503928	 0.033271
6	 3	 3	 6	 -26.035028	 0.037764
6	 3	 4	 1	 -27.668128	 0.034042
6	 3	 4	 2	 -26.898428	 0.037851
6	 3	 4	 3	 -27.610528	 0.042669
6	 3	 4	 4	 -27.562128	 0.042085
6	 3	 4	 5	 -26.579328	 0.046865
6	 3	 4	 6	 -26.317628	 0.051965
6	 3	 5	 1	 -26.533628	 0.053014
6	 3	 5	 2	 -25.011728	 0.060807
6	 3	 5	 3	 -24.558328	 0.080628
6	 3	 5	 4	 -27.409228	 0.078875
6	 3	 5	 5	 -25.682528	 0.091227
6	 3	 5	 6	 -24.664928	 0.082762
6	 3	 6	 1	 -25.109228	 0.105007
6	 3	 6	 2	 -24.539928	 0.127494
6	 3	 6	 3	 -25.578328	 0.158763
6	 3	 6	 4	 -27.093628	 0.151601
6	 3	 6	 5	 -25.644328	 0.233418
6	 3	 6	 6	 -24.863828	 0.174288
6	 3	 7	 1	 -24.587428	 1.869000
6	 3	 7	 2	 -25.488728	 9.906900
6	 3	 7	 3	 -28.835628	 0.749895
6	 3	 7	 4	 -28.347328	 0.892460
6	 3	 7	 5	 -29.080328	 1.479960
6	 3	 7	 6	 -35.833828	 2.732220
6	 4	 1	 1	 -14.538356	 1.202000
6	 4	 1	 2	 -26.403656	 0.147039
6	 4	 1	 3	 -26.888156	 0.055938
6	 4	 1	 4	 -26.378356	 0.031462
6	 4	 1	 5	 -26.151356	 0.030099
6	 4	 1	 6	 -25.689056	 0.022260
6	 4	 2	 1	 -26.465256	 0.026540
6	 4	 2	 2	 -26.764056	 0.026488
6	 4	 2	 3	 -26.957756	 0.025467
6	 4	 2	 4	 -27.060056	 0.034846
6	 4	 2	 5	 -27.378656	 0.027870
6	 4	 2	 6	 -27.288956	 0.029965
6	 4	 3	 1	 -25.492556	 0.029933
6	 4	 3	 2	 -27.412156	 0.031263
6	 4	 3	 3	 -27.544456	 0.033697
6	 4	 3	 4	 -26.850356	 0.036599
6	 4	 3	 5	 -26.216256	 0.039379
6	 4	 3	 6	 -25.815156	 0.036805
6	 4	 4	 1	 -26.795056	 0.043317
6	 4	 4	 2	 -26.711956	 0.047085
6	 4	 4	 3	 -26.392256	 0.056759
6	 4	 4	 4	 -26.538356	 0.076477
6	 4	 4	 5	 -25.840156	 0.063203
6	 4	 4	 6	 -26.516856	 0.066026
6	 4	 5	 1	 -25.729856	 0.065763
6	 4	 5	 2	 -26.033556	 0.063933
6	 4	 5	 3	 -26.435056	 0.077140
6	 4	 5	 4	 -26.104756	 0.092803
6	 4	 5	 5	 -26.716056	 0.100714
6	 4	 5	 6	 -26.867456	 0.090337
6	 4	 6	 1	 -26.228656	 0.129292
6	 4	 6	 2	 -27.597956	 0.062829
6	 4	 6	 3	 -26.537356	 0.080026
6	 4	 6	 4	 -27.553956	 0.385480
6	 4	 6	 5	 -28.975656	 0.391772
6	 4	 6	 6	 -29.276756	 0.422999
6	 4	 7	 1	 -27.280156	 0.106700
6	 4	 7	 2	 -30.354756	 0.653589
6	 4	 7	 3	 -32.580456	 0.810159
6	 4	 7	 4	 -31.526556	 1.583650
6	 4	 7	 5	 -32.903756	 1.784530
6	 4	 7	 6	 -33.611156	 2.707830
6	 5	 1	 1	 12.913373	 2.964480
6	 5	 1	 2	 25.571373	 0.211970
6	 5	 1	 3	 23.665373	 0.099897
6	 5	 1	 4	 27.240173	 0.058529
6	 5	 1	 5	 29.077073	 0.046662
6	 5	 1	 6	 28.265173	 0.036977
6	 5	 2	 1	 24.907373	 0.013248
6	 5	 2	 2	 27.895373	 0.060359
6	 5	 2	 3	 23.828173	 0.011507
6	 5	 2	 4	 30.003973	 0.035060
6	 5	 2	 5	 29.817373	 0.013088
6	 5	 2	 6	 27.518373	 0.032647
6	 5	 3	 1	 26.712573	 0.033142
6	 5	 3	 2	 25.663273	 0.037002
6	 5	 3	 3	 25.295073	 0.042181
6	 5	 3	 4	 25.484873	 0.045811
6	 5	 3	 5	 27.169273	 0.054399
6	 5	 3	 6	 28.088373	 0.062693
6	 5	 4	 1	 29.684973	 0.067746
6	 5	 4	 2	 32.115973	 0.061982
6	 5	 4	 3	 31.380073	 0.074099
6	 5	 4	 4	 26.263673	 0.082702
6	 5	 4	 5	 25.249173	 0.093083
6	 5	 4	 6	 28.458373	 0.117948
6	 5	 5	 1	 26.052473	 0.104557
6	 5	 5	 2	 27.650373	 0.107201
6	 5	 5	 3	 24.397773	 0.190753
6	 5	 5	 4	 22.746073	 0.427252
6	 5	 5	 5	 25.539373	 0.502583
6	 5	 5	 6	 25.710673	 0.320080
6	 5	 6	 1	 21.176573	 0.371811
6	 5	 6	 2	 16.421273	 0.470465
6	 5	 6	 3	 12.990873	 0.575848
6	 5	 6	 4	 25.539873	 4.279000
6	 5	 6	 5	 21.823773	 1.250090
6	 5	 6	 6	 22.148973	 0.217657
6	 5	 7	 1	 24.744873	 6.854000
6	 5	 7	 2	 19.102373	 0.802511
6	 5	 7	 3	 24.744873	 6.854000
6	 5	 7	 4	 16.947273	 1.783080
6	 5	 7	 5	 15.677873	 2.687400
6	 5	 7	 6	 32.705273	 5.761190
6	 6	 1	 1	 15.158595	 1.264610
6	 6	 1	 2	 25.630695	 1.191000
6	 6	 1	 3	 19.095795	 0.127236
6	 6	 1	 4	 20.902395	 0.068081
6	 6	 1	 5	 20.587095	 0.052622
6	 6	 1	 6	 20.899395	 0.042894
6	 6	 2	 1	 20.093195	 0.033758
6	 6	 2	 2	 19.479395	 0.034200
6	 6	 2	 3	 18.807595	 0.029898
6	 6	 2	 4	 19.859795	 2.602030
6	 6	 2	 5	 17.926295	 0.027898
6	 6	 2	 6	 18.477795	 0.031292
6	 6	 3	 1	 22.046095	 0.048344
6	 6	 3	 2	 20.751895	 0.050385
6	 6	 3	 3	 20.792795	 0.049772
6	 6	 3	 4	 14.825895	 0.070487
6	 6	 3	 5	 19.279295	 0.056437
6	 6	 3	 6	 19.288495	 0.061063
6	 6	 4	 1	 20.479295	 0.078784
6	 6	 4	 2	 19.572495	 0.079782
6	 6	 4	 3	 21.076295	 0.085134
6	 6	 4	 4	 20.513595	 2.171060
6	 6	 4	 5	 21.727595	 0.110031
6	 6	 4	 6	 20.424795	 0.128821
6	 6	 5	 1	 23.474295	 0.128411
6	 6	 5	 2	 23.467595	 0.134130
6	 6	 5	 3	 25.015295	 0.174956
6	 6	 5	 4	 22.171595	 0.211571
6	 6	 5	 5	 25.842995	 0.197305
6	 6	 5	 6	 11.377095	 0.477421
6	 6	 6	 1	 22.108295	 0.145203
6	 6	 6	 2	 7.513165	 0.468026
6	 6	 6	 3	 8.103425	 0.517495
6	 6	 6	 4	 9.819935	 0.623637
6	 6	 6	 5	 13.978995	 0.105891
6	 6	 6	 6	 23.788295	 0.600396
6	 6	 7	 1	 19.893095	 3.289930
6	 6	 7	 2	 12.430795	 0.876249
6	 6	 7	 3	 30.698695	 22.491300
6	 6	 7	 4	 23.056695	 3.904000
6	 6	 7	 5	 28.749795	 2.298580
6	 6	 7	 6	 42.735795	 16.587400
