#& Sector Superlayer Slot Cable T0Correction T0Error
1	 1	 1	 1	 2.678206	 1.632481
1	 1	 1	 2	 3.175115	 0.991222
1	 1	 1	 3	 1.811501	 1.022424
1	 1	 1	 4	 0.194637	 1.155478
1	 1	 1	 5	 1.824647	 0.980614
1	 1	 1	 6	 1.252450	 1.126253
1	 1	 2	 1	 0.954285	 1.084191
1	 1	 2	 2	 2.329979	 0.941307
1	 1	 2	 3	 2.749384	 1.023597
1	 1	 2	 4	 3.635086	 0.893460
1	 1	 2	 5	 3.795564	 0.959298
1	 1	 2	 6	 1.993289	 1.190995
1	 1	 3	 1	 2.613340	 1.067081
1	 1	 3	 2	 4.559744	 1.688582
1	 1	 3	 3	 2.274237	 1.118404
1	 1	 3	 4	 1.757794	 1.168603
1	 1	 3	 5	 2.708682	 1.087418
1	 1	 3	 6	 5.294826	 1.586979
1	 1	 4	 1	 1.054008	 1.464688
1	 1	 4	 2	 3.699397	 1.084389
1	 1	 4	 3	 -2.007525	 0.841153
1	 1	 4	 4	 0.940337	 1.430702
1	 1	 4	 5	 2.188774	 1.409566
1	 1	 4	 6	 4.467052	 0.028295
1	 1	 5	 1	 3.042419	 1.353224
1	 1	 5	 2	 1.405619	 1.550065
1	 1	 5	 3	 4.689622	 0.033236
1	 1	 5	 4	 1.614525	 1.463023
1	 1	 5	 5	 1.261864	 1.394762
1	 1	 5	 6	 4.556244	 2.823801
1	 1	 6	 1	 -0.864651	 4.817821
1	 1	 6	 2	 5.243525	 3.200603
1	 1	 6	 3	 3.779203	 3.044165
1	 1	 6	 4	 4.276069	 3.249338
1	 1	 6	 5	 -1.173423	 6.697925
1	 1	 6	 6	 2.928187	 3.019946
1	 1	 7	 1	 -6.766821	 9.122972
1	 1	 7	 2	 3.242015	 3.546014
1	 1	 7	 3	 2.067387	 4.069514
1	 1	 7	 4	 2.620406	 7.131228
1	 1	 7	 5	 -15.383758	 22.466987
1	 1	 7	 6	 3.907702	 0.220162
1	 2	 1	 1	 -20.753728	 6.311004
1	 2	 1	 2	 -17.786365	 2.058688
1	 2	 1	 3	 -19.837537	 2.630387
1	 2	 1	 4	 -17.659847	 1.776248
1	 2	 1	 5	 -18.299863	 1.970879
1	 2	 1	 6	 -19.549764	 2.423945
1	 2	 2	 1	 -21.260768	 2.877179
1	 2	 2	 2	 -18.173783	 2.019509
1	 2	 2	 3	 -20.474595	 0.016662
1	 2	 2	 4	 -22.220702	 2.075662
1	 2	 2	 5	 -21.092516	 3.026098
1	 2	 2	 6	 -23.641866	 4.004641
1	 2	 3	 1	 -20.898762	 2.907765
1	 2	 3	 2	 -20.518980	 2.981168
1	 2	 3	 3	 -20.035892	 2.715191
1	 2	 3	 4	 -19.393195	 0.021081
1	 2	 3	 5	 -19.424839	 2.550063
1	 2	 3	 6	 -18.944295	 0.026564
1	 2	 4	 1	 -22.700122	 2.449048
1	 2	 4	 2	 -19.477595	 0.024665
1	 2	 4	 3	 -20.401295	 0.023390
1	 2	 4	 4	 -22.189951	 2.583813
1	 2	 4	 5	 -21.479444	 2.233355
1	 2	 4	 6	 -21.472804	 4.263638
1	 2	 5	 1	 -21.359723	 3.434366
1	 2	 5	 2	 -20.507412	 4.139737
1	 2	 5	 3	 -22.853536	 3.270843
1	 2	 5	 4	 -22.972821	 3.655482
1	 2	 5	 5	 -19.312102	 3.978062
1	 2	 5	 6	 -18.378042	 3.692417
1	 2	 6	 1	 -25.260395	 8.972827
1	 2	 6	 2	 -23.198070	 6.026959
1	 2	 6	 3	 -22.481470	 9.147651
1	 2	 6	 4	 -18.447061	 5.563022
1	 2	 6	 5	 -21.436847	 5.271459
1	 2	 6	 6	 -20.907527	 6.601173
1	 2	 7	 1	 -22.435794	 6.679594
1	 2	 7	 2	 -39.380032	 14.572529
1	 2	 7	 3	 -20.078495	 0.142191
1	 2	 7	 4	 -20.439293	 7.636982
1	 2	 7	 5	 -19.808695	 0.176544
1	 2	 7	 6	 -22.107095	 0.152579
1	 3	 1	 1	 -14.668383	 3.818290
1	 3	 1	 2	 -13.456883	 0.073424
1	 3	 1	 3	 -16.018783	 0.032217
1	 3	 1	 4	 -16.001183	 0.029691
1	 3	 1	 5	 -15.676683	 0.027174
1	 3	 1	 6	 -15.009883	 0.027887
1	 3	 2	 1	 -16.242083	 0.028137
1	 3	 2	 2	 -16.998153	 1.689336
1	 3	 2	 3	 -17.383331	 1.716346
1	 3	 2	 4	 -15.958615	 1.407679
1	 3	 2	 5	 -14.672883	 0.027208
1	 3	 2	 6	 -14.899283	 0.028262
1	 3	 3	 1	 -17.268931	 1.672503
1	 3	 3	 2	 -15.350583	 0.043382
1	 3	 3	 3	 -15.346183	 0.033937
1	 3	 3	 4	 -18.086236	 1.937089
1	 3	 3	 5	 -15.225183	 0.032697
1	 3	 3	 6	 -14.152983	 0.035054
1	 3	 4	 1	 -17.409541	 1.892598
1	 3	 4	 2	 -14.890883	 0.040526
1	 3	 4	 3	 -17.413747	 2.025548
1	 3	 4	 4	 -16.617688	 1.939524
1	 3	 4	 5	 -13.778483	 0.052486
1	 3	 4	 6	 -17.272579	 2.371358
1	 3	 5	 1	 -13.696683	 0.062650
1	 3	 5	 2	 -17.595333	 2.781162
1	 3	 5	 3	 -17.822399	 3.019800
1	 3	 5	 4	 -14.248983	 0.077177
1	 3	 5	 5	 -13.342383	 0.124744
1	 3	 5	 6	 -13.862183	 0.123062
1	 3	 6	 1	 -17.922257	 5.838689
1	 3	 6	 2	 -15.484483	 0.111099
1	 3	 6	 3	 -26.798191	 15.825143
1	 3	 6	 4	 -15.225983	 0.131280
1	 3	 6	 5	 -14.625983	 0.558248
1	 3	 6	 6	 -15.426327	 7.149924
1	 3	 7	 1	 -50.052202	 41.407282
1	 3	 7	 2	 -14.436483	 0.317304
1	 3	 7	 3	 -18.914283	 0.710913
1	 3	 7	 4	 -20.120383	 0.994972
1	 3	 7	 5	 -18.709283	 1.749730
1	 3	 7	 6	 -21.687983	 3.606850
1	 4	 1	 1	 -24.223239	 14.528700
1	 4	 1	 2	 -17.336339	 0.162276
1	 4	 1	 3	 -15.880139	 0.051202
1	 4	 1	 4	 -16.723939	 0.036478
1	 4	 1	 5	 -15.973539	 0.026415
1	 4	 1	 6	 -15.785639	 0.028198
1	 4	 2	 1	 -17.074139	 0.025591
1	 4	 2	 2	 -16.245139	 0.026129
1	 4	 2	 3	 -16.547339	 0.026461
1	 4	 2	 4	 -17.123239	 0.026922
1	 4	 2	 5	 -16.611839	 0.028957
1	 4	 2	 6	 -16.949139	 0.031303
1	 4	 3	 1	 -16.130539	 0.031482
1	 4	 3	 2	 -19.013182	 1.700510
1	 4	 3	 3	 -19.412075	 1.818257
1	 4	 3	 4	 -16.680639	 0.036175
1	 4	 3	 5	 -16.194139	 0.036323
1	 4	 3	 6	 -15.866339	 0.040724
1	 4	 4	 1	 -16.573939	 0.039475
1	 4	 4	 2	 -16.378839	 0.040450
1	 4	 4	 3	 -16.862839	 0.046094
1	 4	 4	 4	 -17.797039	 0.044147
1	 4	 4	 5	 -16.121739	 0.049521
1	 4	 4	 6	 -19.072582	 2.312388
1	 4	 5	 1	 -17.305339	 0.059031
1	 4	 5	 2	 -18.988776	 2.586432
1	 4	 5	 3	 -16.721739	 0.072034
1	 4	 5	 4	 -17.013739	 0.087903
1	 4	 5	 5	 -16.574839	 0.108222
1	 4	 5	 6	 -16.041839	 0.124205
1	 4	 6	 1	 -27.151245	 11.977620
1	 4	 6	 2	 -18.216739	 0.116043
1	 4	 6	 3	 -16.902839	 0.166741
1	 4	 6	 4	 -18.969739	 0.328302
1	 4	 6	 5	 -18.496139	 0.375588
1	 4	 6	 6	 -18.409739	 0.125591
1	 4	 7	 1	 -28.705263	 18.613823
1	 4	 7	 2	 -22.538622	 21.755305
1	 4	 7	 3	 -19.691839	 0.902941
1	 4	 7	 4	 -16.588228	 67.283948
1	 4	 7	 5	 -8.813839	 99.887500
1	 4	 7	 6	 -20.970939	 2.748620
1	 5	 1	 1	 26.527816	 6.503479
1	 5	 1	 2	 29.501792	 0.037361
1	 5	 1	 3	 30.606192	 0.017739
1	 5	 1	 4	 29.465792	 0.012902
1	 5	 1	 5	 29.646992	 0.019533
1	 5	 1	 6	 30.761192	 0.018420
1	 5	 2	 1	 29.630992	 0.016346
1	 5	 2	 2	 32.217792	 0.023073
1	 5	 2	 3	 31.366992	 0.018948
1	 5	 2	 4	 29.573392	 0.010864
1	 5	 2	 5	 29.904292	 0.016378
1	 5	 2	 6	 31.565892	 0.030024
1	 5	 3	 1	 30.997392	 0.030526
1	 5	 3	 2	 32.932992	 0.034463
1	 5	 3	 3	 32.674392	 0.037219
1	 5	 3	 4	 31.671792	 0.040539
1	 5	 3	 5	 31.091292	 0.046823
1	 5	 3	 6	 32.981892	 0.054228
1	 5	 4	 1	 27.327853	 4.148079
1	 5	 4	 2	 30.250392	 0.062136
1	 5	 4	 3	 31.250192	 0.074309
1	 5	 4	 4	 28.029167	 4.074144
1	 5	 4	 5	 27.945398	 4.448099
1	 5	 4	 6	 28.410908	 4.529677
1	 5	 5	 1	 25.084108	 5.613515
1	 5	 5	 2	 26.867091	 5.156796
1	 5	 5	 3	 30.493992	 0.238216
1	 5	 5	 4	 27.169640	 5.697394
1	 5	 5	 5	 27.796227	 5.867968
1	 5	 5	 6	 29.903492	 0.212095
1	 5	 6	 1	 20.380488	 9.322327
1	 5	 6	 2	 23.252554	 9.694185
1	 5	 6	 3	 26.122617	 10.564377
1	 5	 6	 4	 23.856992	 0.713254
1	 5	 6	 5	 26.230312	 23.160207
1	 5	 6	 6	 22.963592	 2.615300
1	 5	 7	 1	 43.675192	 52.194600
1	 5	 7	 2	 23.129392	 1.433250
1	 5	 7	 3	 24.715601	 15.629394
1	 5	 7	 4	 35.603992	 7.634000
1	 5	 7	 5	 42.298092	 0.866746
1	 5	 7	 6	 45.831792	 13.204500
1	 6	 1	 1	 21.418805	 1.330310
1	 6	 1	 2	 23.820105	 0.102320
1	 6	 1	 3	 23.563105	 0.036913
1	 6	 1	 4	 25.127405	 0.036847
1	 6	 1	 5	 25.574915	 4.418539
1	 6	 1	 6	 23.570005	 0.023278
1	 6	 2	 1	 24.572305	 0.018491
1	 6	 2	 2	 24.503505	 0.012555
1	 6	 2	 3	 23.517005	 0.019343
1	 6	 2	 4	 23.403305	 0.012207
1	 6	 2	 5	 24.124205	 0.022217
1	 6	 2	 6	 23.466705	 0.014547
1	 6	 3	 1	 25.026205	 0.020414
1	 6	 3	 2	 25.360105	 0.036581
1	 6	 3	 3	 25.295305	 0.041609
1	 6	 3	 4	 25.227405	 0.045265
1	 6	 3	 5	 24.566205	 0.047699
1	 6	 3	 6	 23.647805	 0.056636
1	 6	 4	 1	 25.192805	 0.063720
1	 6	 4	 2	 25.192405	 0.073669
1	 6	 4	 3	 25.461905	 0.074448
1	 6	 4	 4	 25.811405	 0.084452
1	 6	 4	 5	 28.628405	 0.084651
1	 6	 4	 6	 25.058105	 0.109905
1	 6	 5	 1	 27.396622	 4.688048
1	 6	 5	 2	 25.808599	 5.362774
1	 6	 5	 3	 26.847266	 5.469407
1	 6	 5	 4	 18.552225	 7.374808
1	 6	 5	 5	 21.948438	 6.964616
1	 6	 5	 6	 23.530625	 6.400889
1	 6	 6	 1	 23.184557	 5.645901
1	 6	 6	 2	 19.504905	 0.424999
1	 6	 6	 3	 19.348310	 12.009035
1	 6	 6	 4	 20.848305	 0.566717
1	 6	 6	 5	 22.038805	 0.829000
1	 6	 6	 6	 27.275705	 2.250170
1	 6	 7	 1	 25.807822	 15.098868
1	 6	 7	 2	 29.769205	 5.225000
1	 6	 7	 3	 38.286905	 17.593800
1	 6	 7	 4	 24.823905	 1.876520
1	 6	 7	 5	 26.312297	 41.907517
1	 6	 7	 6	 29.769205	 5.225000
2	 1	 1	 1	 15.336492	 5.618070
2	 1	 1	 2	 6.946252	 6.207229
2	 1	 1	 3	 11.416566	 4.275026
2	 1	 1	 4	 10.708142	 2.511139
2	 1	 1	 5	 13.613978	 0.033377
2	 1	 1	 6	 8.373592	 3.037482
2	 1	 2	 1	 11.031871	 3.038911
2	 1	 2	 2	 11.144771	 3.827524
2	 1	 2	 3	 10.855786	 2.257381
2	 1	 2	 4	 15.480467	 2.352238
2	 1	 2	 5	 16.081622	 2.212756
2	 1	 2	 6	 16.356348	 4.950236
2	 1	 3	 1	 12.680829	 2.904798
2	 1	 3	 2	 7.999687	 3.706720
2	 1	 3	 3	 11.223755	 2.433535
2	 1	 3	 4	 14.797026	 3.600362
2	 1	 3	 5	 12.551358	 2.291919
2	 1	 3	 6	 11.701727	 3.184701
2	 1	 4	 1	 11.270017	 2.378293
2	 1	 4	 2	 12.920350	 3.010676
2	 1	 4	 3	 12.513326	 3.113932
2	 1	 4	 4	 12.942638	 2.185671
2	 1	 4	 5	 12.522028	 2.406225
2	 1	 4	 6	 12.144680	 2.550148
2	 1	 5	 1	 12.040883	 3.470855
2	 1	 5	 2	 7.439039	 3.096016
2	 1	 5	 3	 13.725511	 3.373615
2	 1	 5	 4	 15.038578	 0.035329
2	 1	 5	 5	 15.055778	 0.038114
2	 1	 5	 6	 11.895220	 3.715331
2	 1	 6	 1	 14.370018	 4.080310
2	 1	 6	 2	 12.735035	 11.196573
2	 1	 6	 3	 15.992078	 1.500780
2	 1	 6	 4	 13.263289	 6.285671
2	 1	 6	 5	 12.818845	 6.814430
2	 1	 6	 6	 19.700678	 0.197277
2	 1	 7	 1	 12.991394	 10.439427
2	 1	 7	 2	 13.475224	 11.258325
2	 1	 7	 3	 6.766014	 8.633450
2	 1	 7	 4	 13.039178	 0.063647
2	 1	 7	 5	 12.831278	 0.222250
2	 1	 7	 6	 16.591378	 0.193318
2	 2	 1	 1	 17.499521	 6.030285
2	 2	 1	 2	 18.326494	 0.022215
2	 2	 1	 3	 16.214833	 3.252131
2	 2	 1	 4	 15.827281	 2.404589
2	 2	 1	 5	 16.428269	 4.169901
2	 2	 1	 6	 17.100402	 2.883833
2	 2	 2	 1	 19.751235	 3.568060
2	 2	 2	 2	 18.329683	 4.307429
2	 2	 2	 3	 18.109077	 3.939853
2	 2	 2	 4	 16.899317	 4.597133
2	 2	 2	 5	 14.424980	 3.534080
2	 2	 2	 6	 15.630867	 3.511395
2	 2	 3	 1	 13.334889	 1.933771
2	 2	 3	 2	 15.814128	 3.239767
2	 2	 3	 3	 13.317800	 2.045590
2	 2	 3	 4	 12.289279	 3.053049
2	 2	 3	 5	 13.670914	 1.986138
2	 2	 3	 6	 12.406937	 2.155440
2	 2	 4	 1	 16.716094	 0.024723
2	 2	 4	 2	 15.914720	 2.668114
2	 2	 4	 3	 16.347461	 3.791726
2	 2	 4	 4	 15.808594	 0.027858
2	 2	 4	 5	 15.762949	 6.009648
2	 2	 4	 6	 17.243461	 3.923379
2	 2	 5	 1	 11.351543	 4.077565
2	 2	 5	 2	 11.522655	 4.060020
2	 2	 5	 3	 9.249495	 3.870753
2	 2	 5	 4	 6.797252	 6.163968
2	 2	 5	 5	 7.506670	 3.764530
2	 2	 5	 6	 10.522857	 4.932887
2	 2	 6	 1	 14.747461	 6.218107
2	 2	 6	 2	 15.585898	 5.542824
2	 2	 6	 3	 14.747461	 7.916255
2	 2	 6	 4	 9.329570	 4.525875
2	 2	 6	 5	 13.189175	 5.132318
2	 2	 6	 6	 14.338391	 8.710308
2	 2	 7	 1	 11.115131	 8.140598
2	 2	 7	 2	 15.497794	 0.690234
2	 2	 7	 3	 18.201594	 0.313706
2	 2	 7	 4	 15.184794	 0.211912
2	 2	 7	 5	 10.774335	 14.205170
2	 2	 7	 6	 16.035394	 0.249777
2	 3	 1	 1	 29.887831	 2.363320
2	 3	 1	 2	 21.768836	 5.406873
2	 3	 1	 3	 22.938231	 0.045471
2	 3	 1	 4	 17.126531	 0.030521
2	 3	 1	 5	 16.932131	 0.029133
2	 3	 1	 6	 16.316588	 2.390188
2	 3	 2	 1	 18.355531	 0.024457
2	 3	 2	 2	 18.087631	 0.024969
2	 3	 2	 3	 17.053244	 2.385056
2	 3	 2	 4	 18.151731	 0.025870
2	 3	 2	 5	 18.796731	 0.027461
2	 3	 2	 6	 16.919086	 2.291529
2	 3	 3	 1	 15.536847	 2.678314
2	 3	 3	 2	 14.943752	 2.741120
2	 3	 3	 3	 18.284431	 0.029145
2	 3	 3	 4	 17.173431	 0.040635
2	 3	 3	 5	 16.906731	 0.041370
2	 3	 3	 6	 17.763762	 3.096493
2	 3	 4	 1	 16.265599	 2.685225
2	 3	 4	 2	 20.472931	 0.042341
2	 3	 4	 3	 14.905763	 3.424920
2	 3	 4	 4	 19.839931	 0.058847
2	 3	 4	 5	 19.769131	 0.047306
2	 3	 4	 6	 19.510031	 0.053359
2	 3	 5	 1	 18.331031	 0.056943
2	 3	 5	 2	 17.903831	 0.060848
2	 3	 5	 3	 14.009682	 4.824360
2	 3	 5	 4	 19.858331	 0.072571
2	 3	 5	 5	 15.956016	 5.084584
2	 3	 5	 6	 19.805731	 0.113773
2	 3	 6	 1	 21.593557	 6.930176
2	 3	 6	 2	 21.042731	 0.123075
2	 3	 6	 3	 17.789431	 0.073256
2	 3	 6	 4	 22.254045	 10.508187
2	 3	 6	 5	 19.226531	 0.230312
2	 3	 6	 6	 12.924037	 8.574760
2	 3	 7	 1	 9.813450	 17.413219
2	 3	 7	 2	 19.801131	 0.214053
2	 3	 7	 3	 14.998831	 0.798274
2	 3	 7	 4	 16.439231	 1.355320
2	 3	 7	 5	 20.442131	 9.533030
2	 3	 7	 6	 18.872931	 2.710580
2	 4	 1	 1	 33.881237	 6.497670
2	 4	 1	 2	 19.067837	 0.162418
2	 4	 1	 3	 17.807789	 2.955266
2	 4	 1	 4	 20.140437	 0.058303
2	 4	 1	 5	 16.823489	 2.750800
2	 4	 1	 6	 18.790337	 0.030044
2	 4	 2	 1	 16.717480	 2.586435
2	 4	 2	 2	 17.741437	 0.025379
2	 4	 2	 3	 18.218237	 0.029171
2	 4	 2	 4	 15.817375	 2.824520
2	 4	 2	 5	 18.451037	 0.030119
2	 4	 2	 6	 18.776637	 0.036485
2	 4	 3	 1	 17.786737	 0.034965
2	 4	 3	 2	 15.256327	 2.657341
2	 4	 3	 3	 18.543237	 0.036144
2	 4	 3	 4	 14.583754	 2.951452
2	 4	 3	 5	 17.850637	 0.045998
2	 4	 3	 6	 15.803471	 2.888687
2	 4	 4	 1	 16.786337	 0.043461
2	 4	 4	 2	 16.479537	 0.051908
2	 4	 4	 3	 14.288110	 3.371539
2	 4	 4	 4	 13.703444	 3.721566
2	 4	 4	 5	 12.573435	 4.188424
2	 4	 4	 6	 17.553737	 0.060749
2	 4	 5	 1	 17.122937	 0.067306
2	 4	 5	 2	 14.169431	 4.304044
2	 4	 5	 3	 16.044716	 4.167652
2	 4	 5	 4	 12.956736	 5.445836
2	 4	 5	 5	 14.837440	 5.488394
2	 4	 5	 6	 18.270837	 0.121574
2	 4	 6	 1	 14.474101	 7.179994
2	 4	 6	 2	 3.506135	 10.374423
2	 4	 6	 3	 11.668413	 12.134661
2	 4	 6	 4	 23.942737	 2.101000
2	 4	 6	 5	 18.617037	 0.298066
2	 4	 6	 6	 18.004737	 0.222373
2	 4	 7	 1	 23.991737	 2.804000
2	 4	 7	 2	 9.861984	 47.767451
2	 4	 7	 3	 14.535437	 0.981205
2	 4	 7	 4	 13.744137	 1.266970
2	 4	 7	 5	 15.086837	 1.997930
2	 4	 7	 6	 25.913737	 21.482100
2	 5	 1	 1	 14.920142	 1.543640
2	 5	 1	 2	 27.965842	 0.023863
2	 5	 1	 3	 27.240442	 0.051452
2	 5	 1	 4	 26.567242	 0.042090
2	 5	 1	 5	 29.091942	 0.010591
2	 5	 1	 6	 28.073242	 0.012624
2	 5	 2	 1	 28.017242	 0.008872
2	 5	 2	 2	 29.102142	 0.008067
2	 5	 2	 3	 29.139742	 0.009328
2	 5	 2	 4	 26.210650	 4.124439
2	 5	 2	 5	 31.206342	 0.031651
2	 5	 2	 6	 31.037042	 0.031355
2	 5	 3	 1	 31.966342	 0.033113
2	 5	 3	 2	 30.220642	 0.034956
2	 5	 3	 3	 31.954342	 0.041395
2	 5	 3	 4	 30.751042	 0.043544
2	 5	 3	 5	 31.436642	 0.052403
2	 5	 3	 6	 32.556142	 0.058558
2	 5	 4	 1	 31.820342	 0.064793
2	 5	 4	 2	 23.882185	 4.413868
2	 5	 4	 3	 23.757834	 4.752714
2	 5	 4	 4	 27.504942	 0.088530
2	 5	 4	 5	 30.166342	 0.085882
2	 5	 4	 6	 29.648442	 0.099895
2	 5	 5	 1	 25.668807	 5.155847
2	 5	 5	 2	 26.444242	 0.064352
2	 5	 5	 3	 23.211120	 6.107629
2	 5	 5	 4	 22.163242	 0.334476
2	 5	 5	 5	 21.454593	 5.462498
2	 5	 5	 6	 24.280373	 7.831233
2	 5	 6	 1	 25.998159	 6.875773
2	 5	 6	 2	 24.184925	 8.343251
2	 5	 6	 3	 20.895547	 9.686699
2	 5	 6	 4	 20.012242	 16.433000
2	 5	 6	 5	 20.952523	 19.866689
2	 5	 6	 6	 23.061165	 16.554702
2	 5	 7	 1	 25.702944	 15.890460
2	 5	 7	 2	 3.550585	 17.298442
2	 5	 7	 3	 30.570051	 26.062790
2	 5	 7	 4	 16.953342	 2.673060
2	 5	 7	 5	 24.790442	 283.133000
2	 5	 7	 6	 30.704142	 4.388000
2	 6	 1	 1	 23.949933	 0.059037
2	 6	 1	 2	 5.198202	 9.184916
2	 6	 1	 3	 22.947233	 0.022267
2	 6	 1	 4	 22.979033	 0.020534
2	 6	 1	 5	 25.451133	 0.035232
2	 6	 1	 6	 23.851133	 0.033370
2	 6	 2	 1	 24.210733	 0.026153
2	 6	 2	 2	 24.393233	 0.028717
2	 6	 2	 3	 25.614433	 0.030220
2	 6	 2	 4	 23.308433	 0.018887
2	 6	 2	 5	 25.439833	 0.028619
2	 6	 2	 6	 33.838633	 0.037107
2	 6	 3	 1	 26.980233	 0.037445
2	 6	 3	 2	 28.957633	 0.015590
2	 6	 3	 3	 26.491269	 4.201976
2	 6	 3	 4	 25.885733	 0.045196
2	 6	 3	 5	 26.147533	 0.048575
2	 6	 3	 6	 24.574668	 4.567474
2	 6	 4	 1	 26.924533	 0.064625
2	 6	 4	 2	 24.979333	 0.070255
2	 6	 4	 3	 24.919733	 0.077202
2	 6	 4	 4	 24.110660	 4.737789
2	 6	 4	 5	 26.278233	 0.094492
2	 6	 4	 6	 25.623733	 0.106498
2	 6	 5	 1	 18.720446	 3.727618
2	 6	 5	 2	 25.287433	 0.140253
2	 6	 5	 3	 23.139433	 0.176311
2	 6	 5	 4	 15.586550	 7.836374
2	 6	 5	 5	 14.476733	 0.327768
2	 6	 5	 6	 13.228733	 0.498838
2	 6	 6	 1	 3.377694	 7.712919
2	 6	 6	 2	 16.823411	 4.997834
2	 6	 6	 3	 18.200570	 11.593281
2	 6	 6	 4	 15.021516	 8.553214
2	 6	 6	 5	 15.239353	 20.733978
2	 6	 6	 6	 26.979333	 0.109236
2	 6	 7	 1	 23.945213	 16.521083
2	 6	 7	 2	 19.095945	 15.120351
2	 6	 7	 3	 32.204436	 23.604776
2	 6	 7	 4	 21.493833	 1.712620
2	 6	 7	 5	 43.464533	 1.549530
2	 6	 7	 6	 26.534833	 4.021000
3	 1	 1	 1	 40.472606	 6.953943
3	 1	 1	 2	 40.750909	 6.385396
3	 1	 1	 3	 40.303270	 5.764095
3	 1	 1	 4	 40.557741	 5.849829
3	 1	 1	 5	 39.067543	 0.017251
3	 1	 1	 6	 37.991530	 6.823912
3	 1	 2	 1	 40.482566	 5.491963
3	 1	 2	 2	 41.567756	 7.256864
3	 1	 2	 3	 40.845243	 0.016384
3	 1	 2	 4	 40.332995	 9.480392
3	 1	 2	 5	 40.497393	 6.250271
3	 1	 2	 6	 39.622023	 7.273721
3	 1	 3	 1	 37.735533	 7.756119
3	 1	 3	 2	 40.058556	 6.879451
3	 1	 3	 3	 38.746753	 7.449154
3	 1	 3	 4	 37.473103	 5.855460
3	 1	 3	 5	 38.267082	 8.104923
3	 1	 3	 6	 40.102543	 7.035610
3	 1	 4	 1	 39.031026	 6.008111
3	 1	 4	 2	 42.505643	 0.022265
3	 1	 4	 3	 37.147504	 6.606011
3	 1	 4	 4	 40.377123	 5.783787
3	 1	 4	 5	 38.282027	 6.841150
3	 1	 4	 6	 36.750165	 13.947115
3	 1	 5	 1	 40.797234	 7.608056
3	 1	 5	 2	 39.836843	 0.032096
3	 1	 5	 3	 37.767408	 7.592215
3	 1	 5	 4	 39.321820	 10.499130
3	 1	 5	 5	 40.820343	 0.037932
3	 1	 5	 6	 43.906843	 0.636391
3	 1	 6	 1	 37.842634	 10.514038
3	 1	 6	 2	 40.867043	 0.049618
3	 1	 6	 3	 35.707588	 13.781734
3	 1	 6	 4	 44.439385	 14.827969
3	 1	 6	 5	 36.468178	 13.293819
3	 1	 6	 6	 34.769210	 38.388537
3	 1	 7	 1	 41.155175	 24.249876
3	 1	 7	 2	 41.010075	 19.046058
3	 1	 7	 3	 44.483743	 0.111262
3	 1	 7	 4	 43.368143	 0.122981
3	 1	 7	 5	 34.075876	 27.645488
3	 1	 7	 6	 42.432843	 0.176222
3	 2	 1	 1	 42.894644	 12.863512
3	 2	 1	 2	 46.656998	 8.819575
3	 2	 1	 3	 44.697412	 6.673328
3	 2	 1	 4	 43.012145	 7.034364
3	 2	 1	 5	 44.248881	 6.019755
3	 2	 1	 6	 44.908074	 6.574037
3	 2	 2	 1	 44.577904	 0.018593
3	 2	 2	 2	 46.581637	 7.473873
3	 2	 2	 3	 42.178270	 7.919631
3	 2	 2	 4	 44.281127	 6.780303
3	 2	 2	 5	 42.592250	 8.292847
3	 2	 2	 6	 43.426607	 7.878230
3	 2	 3	 1	 41.363373	 6.319325
3	 2	 3	 2	 44.596322	 5.327055
3	 2	 3	 3	 41.180250	 4.862792
3	 2	 3	 4	 44.289590	 7.084177
3	 2	 3	 5	 43.810208	 7.599329
3	 2	 3	 6	 43.206198	 8.823321
3	 2	 4	 1	 40.261102	 5.577223
3	 2	 4	 2	 41.073878	 5.635025
3	 2	 4	 3	 36.721276	 6.021617
3	 2	 4	 4	 43.670526	 8.760832
3	 2	 4	 5	 33.561052	 9.396673
3	 2	 4	 6	 39.914971	 9.852657
3	 2	 5	 1	 37.955798	 6.419361
3	 2	 5	 2	 41.976408	 11.408374
3	 2	 5	 3	 33.768303	 15.600684
3	 2	 5	 4	 41.285340	 14.070703
3	 2	 5	 5	 40.290462	 8.210132
3	 2	 5	 6	 43.211265	 13.169951
3	 2	 6	 1	 38.583746	 10.878562
3	 2	 6	 2	 43.403859	 15.472807
3	 2	 6	 3	 42.485004	 0.060501
3	 2	 6	 4	 42.067204	 0.752093
3	 2	 6	 5	 38.918157	 15.337198
3	 2	 6	 6	 43.084704	 0.091867
3	 2	 7	 1	 43.119404	 0.103410
3	 2	 7	 2	 44.747704	 0.164161
3	 2	 7	 3	 42.909504	 0.199742
3	 2	 7	 4	 20.153856	 78.179412
3	 2	 7	 5	 43.193104	 0.261522
3	 2	 7	 6	 44.737704	 0.243205
3	 3	 1	 1	 45.683178	 2.420030
3	 3	 1	 2	 40.433178	 0.094106
3	 3	 1	 3	 39.264178	 0.048930
3	 3	 1	 4	 40.226478	 0.036665
3	 3	 1	 5	 40.941578	 0.015853
3	 3	 1	 6	 42.749378	 0.030400
3	 3	 2	 1	 42.600793	 5.906328
3	 3	 2	 2	 43.147649	 5.395745
3	 3	 2	 3	 42.364562	 6.317876
3	 3	 2	 4	 44.054578	 0.024944
3	 3	 2	 5	 45.738878	 0.030254
3	 3	 2	 6	 45.405178	 0.032913
3	 3	 3	 1	 44.677878	 0.038121
3	 3	 3	 2	 42.659046	 6.052627
3	 3	 3	 3	 42.805796	 5.643627
3	 3	 3	 4	 40.938376	 6.936414
3	 3	 3	 5	 45.331278	 0.042401
3	 3	 3	 6	 44.965078	 0.041728
3	 3	 4	 1	 43.399953	 5.874692
3	 3	 4	 2	 40.722950	 5.774294
3	 3	 4	 3	 46.340178	 0.044331
3	 3	 4	 4	 44.467278	 0.071735
3	 3	 4	 5	 41.229778	 0.055354
3	 3	 4	 6	 40.533878	 0.064235
3	 3	 5	 1	 36.667485	 8.311093
3	 3	 5	 2	 41.328478	 0.066939
3	 3	 5	 3	 36.246607	 7.052932
3	 3	 5	 4	 40.772408	 11.717902
3	 3	 5	 5	 38.504010	 10.504936
3	 3	 5	 6	 45.420978	 0.113597
3	 3	 6	 1	 43.383167	 14.726023
3	 3	 6	 2	 36.145817	 21.758692
3	 3	 6	 3	 36.675891	 21.496811
3	 3	 6	 4	 8.195011	 64.229933
3	 3	 6	 5	 41.700978	 0.120021
3	 3	 6	 6	 41.071538	 30.336632
3	 3	 7	 1	 27.920421	 27.008532
3	 3	 7	 2	 40.993378	 0.512733
3	 3	 7	 3	 38.310878	 0.693647
3	 3	 7	 4	 39.195978	 1.415060
3	 3	 7	 5	 39.065578	 1.746690
3	 3	 7	 6	 42.288378	 18.623600
3	 4	 1	 1	 52.884623	 5.662000
3	 4	 1	 2	 41.340823	 0.137028
3	 4	 1	 3	 42.219623	 0.051981
3	 4	 1	 4	 42.320923	 0.038008
3	 4	 1	 5	 41.629056	 5.034663
3	 4	 1	 6	 41.721289	 5.168853
3	 4	 2	 1	 41.302923	 0.028098
3	 4	 2	 2	 42.002523	 0.027021
3	 4	 2	 3	 43.245523	 0.029684
3	 4	 2	 4	 44.721123	 0.033033
3	 4	 2	 5	 44.665223	 0.033310
3	 4	 2	 6	 44.997123	 0.034354
3	 4	 3	 1	 42.275823	 0.033271
3	 4	 3	 2	 45.075723	 0.042952
3	 4	 3	 3	 45.030223	 0.040541
3	 4	 3	 4	 42.172323	 0.039088
3	 4	 3	 5	 42.605523	 0.045562
3	 4	 3	 6	 42.486523	 0.042488
3	 4	 4	 1	 48.805523	 0.050191
3	 4	 4	 2	 44.739542	 7.537499
3	 4	 4	 3	 45.029830	 8.108983
3	 4	 4	 4	 44.035023	 0.078959
3	 4	 4	 5	 45.626487	 8.462864
3	 4	 4	 6	 45.346426	 9.167901
3	 4	 5	 1	 41.506917	 7.664372
3	 4	 5	 2	 41.381033	 8.625238
3	 4	 5	 3	 40.936296	 12.818162
3	 4	 5	 4	 43.139023	 0.098387
3	 4	 5	 5	 43.259665	 13.460468
3	 4	 5	 6	 37.614329	 13.743754
3	 4	 6	 1	 48.474023	 0.113423
3	 4	 6	 2	 49.001277	 18.074369
3	 4	 6	 3	 31.325269	 20.426479
3	 4	 6	 4	 28.517072	 21.231451
3	 4	 6	 5	 46.115823	 0.470036
3	 4	 6	 6	 54.644423	 1.725010
3	 4	 7	 1	 50.885500	 45.299768
3	 4	 7	 2	 48.426761	 34.257906
3	 4	 7	 3	 39.462523	 0.987559
3	 4	 7	 4	 40.390923	 1.363280
3	 4	 7	 5	 41.124023	 1.866040
3	 4	 7	 6	 45.891623	 2.295420
3	 5	 1	 1	 52.567256	 7.210680
3	 5	 1	 2	 75.502956	 1.073440
3	 5	 1	 3	 72.719156	 0.033158
3	 5	 1	 4	 71.620156	 0.031451
3	 5	 1	 5	 72.813356	 0.039983
3	 5	 1	 6	 73.501756	 0.027802
3	 5	 2	 1	 71.561756	 0.016100
3	 5	 2	 2	 71.461156	 0.013210
3	 5	 2	 3	 75.277756	 0.397265
3	 5	 2	 4	 72.746556	 0.015577
3	 5	 2	 5	 72.667256	 0.024229
3	 5	 2	 6	 73.359956	 0.030409
3	 5	 3	 1	 73.686656	 0.032694
3	 5	 3	 2	 72.615556	 0.035953
3	 5	 3	 3	 72.386956	 0.039707
3	 5	 3	 4	 72.225956	 0.044188
3	 5	 3	 5	 74.086956	 0.051299
3	 5	 3	 6	 74.639456	 0.060803
3	 5	 4	 1	 72.809956	 0.060278
3	 5	 4	 2	 74.320656	 0.071752
3	 5	 4	 3	 73.623356	 0.075912
3	 5	 4	 4	 66.988678	 10.716806
3	 5	 4	 5	 74.062756	 0.097682
3	 5	 4	 6	 74.089756	 0.117641
3	 5	 5	 1	 58.822363	 10.452878
3	 5	 5	 2	 57.575756	 0.130261
3	 5	 5	 3	 58.899010	 11.114807
3	 5	 5	 4	 52.231352	 9.343714
3	 5	 5	 5	 55.474087	 14.345196
3	 5	 5	 6	 59.105912	 12.443398
3	 5	 6	 1	 64.913956	 0.418876
3	 5	 6	 2	 56.302148	 15.168861
3	 5	 6	 3	 57.892656	 0.290654
3	 5	 6	 4	 55.195660	 18.398032
3	 5	 6	 5	 52.254641	 22.731778
3	 5	 6	 6	 26.317600	 36.799634
3	 5	 7	 1	 59.552603	 33.407783
3	 5	 7	 2	 51.374786	 45.185786
3	 5	 7	 3	 61.193781	 33.042051
3	 5	 7	 4	 50.152256	 2.537120
3	 5	 7	 5	 -1.158938	 78.396637
3	 5	 7	 6	 62.144156	 12.885000
3	 6	 1	 1	 64.952626	 1.489290
3	 6	 1	 2	 63.796037	 13.428626
3	 6	 1	 3	 65.890102	 11.569475
3	 6	 1	 4	 65.845626	 0.090348
3	 6	 1	 5	 69.009026	 0.057863
3	 6	 1	 6	 55.921991	 21.037930
3	 6	 2	 1	 68.428426	 0.037508
3	 6	 2	 2	 67.749526	 0.034511
3	 6	 2	 3	 67.499626	 0.031441
3	 6	 2	 4	 66.775919	 10.476976
3	 6	 2	 5	 69.539226	 0.035227
3	 6	 2	 6	 68.384926	 0.036060
3	 6	 3	 1	 60.447326	 0.132880
3	 6	 3	 2	 65.480124	 10.270346
3	 6	 3	 3	 67.265126	 0.043465
3	 6	 3	 4	 63.932871	 10.835082
3	 6	 3	 5	 67.575526	 0.053583
3	 6	 3	 6	 67.620726	 0.063186
3	 6	 4	 1	 66.915708	 9.438309
3	 6	 4	 2	 65.354752	 10.429563
3	 6	 4	 3	 64.248772	 11.487827
3	 6	 4	 4	 65.360784	 10.507832
3	 6	 4	 5	 64.551606	 12.480051
3	 6	 4	 6	 69.312326	 0.102357
3	 6	 5	 1	 59.006926	 0.149538
3	 6	 5	 2	 50.398063	 14.313574
3	 6	 5	 3	 52.820826	 0.074723
3	 6	 5	 4	 46.662782	 16.588665
3	 6	 5	 5	 55.981750	 12.854019
3	 6	 5	 6	 56.804281	 13.425072
3	 6	 6	 1	 57.973556	 13.061598
3	 6	 6	 2	 47.151326	 0.538859
3	 6	 6	 3	 54.138063	 22.545550
3	 6	 6	 4	 52.094322	 24.747128
3	 6	 6	 5	 51.620185	 28.902176
3	 6	 6	 6	 49.921027	 23.982231
3	 6	 7	 1	 54.603201	 31.149154
3	 6	 7	 2	 38.903763	 45.023693
3	 6	 7	 3	 20.633058	 79.502616
3	 6	 7	 4	 61.544507	 45.205076
3	 6	 7	 5	 55.964937	 44.593824
3	 6	 7	 6	 58.984426	 10.619000
4	 1	 1	 1	 5.357614	 2.740176
4	 1	 1	 2	 8.223904	 0.019535
4	 1	 1	 3	 5.074298	 2.417862
4	 1	 1	 4	 6.362698	 1.358508
4	 1	 1	 5	 6.310886	 1.326661
4	 1	 1	 6	 7.057874	 0.017821
4	 1	 2	 1	 7.624302	 1.187982
4	 1	 2	 2	 6.521779	 1.060684
4	 1	 2	 3	 7.684114	 0.015824
4	 1	 2	 4	 5.303608	 1.628257
4	 1	 2	 5	 7.490878	 1.361861
4	 1	 2	 6	 8.011856	 2.051325
4	 1	 3	 1	 5.528608	 1.619489
4	 1	 3	 2	 7.801774	 0.019223
4	 1	 3	 3	 6.975698	 1.419718
4	 1	 3	 4	 6.822897	 1.468282
4	 1	 3	 5	 8.447214	 0.019778
4	 1	 3	 6	 6.420027	 1.587232
4	 1	 4	 1	 2.203323	 3.465903
4	 1	 4	 2	 8.998943	 2.259883
4	 1	 4	 3	 4.750493	 1.604071
4	 1	 4	 4	 8.225646	 2.563590
4	 1	 4	 5	 4.538337	 3.379677
4	 1	 4	 6	 3.499742	 2.864550
4	 1	 5	 1	 5.420427	 1.722519
4	 1	 5	 2	 5.747250	 2.637590
4	 1	 5	 3	 5.895735	 4.035041
4	 1	 5	 4	 8.646204	 0.035096
4	 1	 5	 5	 7.460354	 0.038061
4	 1	 5	 6	 2.830914	 2.479023
4	 1	 6	 1	 4.890718	 3.193057
4	 1	 6	 2	 8.451224	 0.048054
4	 1	 6	 3	 5.395995	 3.630040
4	 1	 6	 4	 5.889448	 6.400699
4	 1	 6	 5	 3.982781	 7.717367
4	 1	 6	 6	 1.338337	 10.666778
4	 1	 7	 1	 1.022794	 6.412145
4	 1	 7	 2	 4.850972	 4.607096
4	 1	 7	 3	 -23.461663	 53.918827
4	 1	 7	 4	 -5.629265	 4.106683
4	 1	 7	 5	 7.959654	 0.135373
4	 1	 7	 6	 8.075144	 0.238131
4	 2	 1	 1	 34.126364	 0.055125
4	 2	 1	 2	 35.735764	 0.024537
4	 2	 1	 3	 34.057164	 0.023520
4	 2	 1	 4	 34.476051	 5.147457
4	 2	 1	 5	 34.088643	 5.220369
4	 2	 1	 6	 34.431162	 4.907300
4	 2	 2	 1	 33.187550	 5.381581
4	 2	 2	 2	 47.265460	 5.598298
4	 2	 2	 3	 32.661676	 5.865256
4	 2	 2	 4	 32.571309	 4.355676
4	 2	 2	 5	 32.949415	 7.740799
4	 2	 2	 6	 31.685348	 5.160963
4	 2	 3	 1	 34.083790	 5.675232
4	 2	 3	 2	 33.860664	 5.560281
4	 2	 3	 3	 33.071344	 5.707528
4	 2	 3	 4	 29.884986	 4.245779
4	 2	 3	 5	 32.381022	 4.994390
4	 2	 3	 6	 33.585664	 5.942263
4	 2	 4	 1	 32.705912	 4.870231
4	 2	 4	 2	 33.887664	 4.584767
4	 2	 4	 3	 32.998306	 6.976130
4	 2	 4	 4	 33.274825	 6.789561
4	 2	 4	 5	 33.682044	 6.567150
4	 2	 4	 6	 32.580679	 5.976415
4	 2	 5	 1	 35.643998	 8.351067
4	 2	 5	 2	 34.656961	 10.284271
4	 2	 5	 3	 34.797028	 11.403977
4	 2	 5	 4	 32.849364	 0.039473
4	 2	 5	 5	 31.123883	 11.581328
4	 2	 5	 6	 28.493998	 15.384892
4	 2	 6	 1	 33.597664	 0.056125
4	 2	 6	 2	 33.661293	 10.978347
4	 2	 6	 3	 23.211458	 28.933038
4	 2	 6	 4	 32.177331	 14.914869
4	 2	 6	 5	 29.942095	 11.014211
4	 2	 6	 6	 32.188764	 0.115461
4	 2	 7	 1	 32.076764	 0.095080
4	 2	 7	 2	 32.073525	 15.565577
4	 2	 7	 3	 30.027764	 0.103276
4	 2	 7	 4	 42.266357	 31.525620
4	 2	 7	 5	 32.211564	 0.155404
4	 2	 7	 6	 31.458464	 0.167025
4	 3	 1	 1	 17.218297	 2.016820
4	 3	 1	 2	 15.476497	 0.076953
4	 3	 1	 3	 15.345097	 0.038579
4	 3	 1	 4	 16.169297	 0.033759
4	 3	 1	 5	 16.169338	 2.525431
4	 3	 1	 6	 15.614097	 0.033707
4	 3	 2	 1	 12.385097	 0.029328
4	 3	 2	 2	 11.778297	 0.025850
4	 3	 2	 3	 13.429497	 0.035256
4	 3	 2	 4	 12.882197	 0.029512
4	 3	 2	 5	 14.940097	 0.030604
4	 3	 2	 6	 12.671866	 3.063498
4	 3	 3	 1	 12.549197	 0.031420
4	 3	 3	 2	 13.262197	 0.031023
4	 3	 3	 3	 11.281577	 1.825328
4	 3	 3	 4	 13.039497	 0.035532
4	 3	 3	 5	 13.581297	 0.037782
4	 3	 3	 6	 13.457597	 0.040649
4	 3	 4	 1	 13.916597	 0.039379
4	 3	 4	 2	 14.393497	 0.043261
4	 3	 4	 3	 14.547497	 0.047128
4	 3	 4	 4	 13.653597	 0.047953
4	 3	 4	 5	 14.751797	 0.054995
4	 3	 4	 6	 6.144666	 5.310034
4	 3	 5	 1	 13.496097	 0.051869
4	 3	 5	 2	 9.292644	 3.508025
4	 3	 5	 3	 13.163597	 0.071267
4	 3	 5	 4	 12.638397	 0.100590
4	 3	 5	 5	 13.994297	 0.093587
4	 3	 5	 6	 13.822497	 0.184808
4	 3	 6	 1	 16.759697	 0.046742
4	 3	 6	 2	 14.212397	 0.184177
4	 3	 6	 3	 12.750168	 10.033459
4	 3	 6	 4	 -21.739834	 15.389497
4	 3	 6	 5	 16.631883	 15.001725
4	 3	 6	 6	 3.816195	 18.927413
4	 3	 7	 1	 14.661097	 0.241189
4	 3	 7	 2	 12.615397	 0.351662
4	 3	 7	 3	 10.600727	 0.698024
4	 3	 7	 4	 17.824597	 0.580228
4	 3	 7	 5	 8.165397	 1.837770
4	 3	 7	 6	 15.577397	 1.859180
4	 4	 1	 1	 13.787476	 5.969970
4	 4	 1	 2	 13.791476	 0.181820
4	 4	 1	 3	 14.213576	 0.054319
4	 4	 1	 4	 13.042376	 0.043296
4	 4	 1	 5	 14.775376	 0.035712
4	 4	 1	 6	 9.229484	 3.782884
4	 4	 2	 1	 14.005976	 0.029515
4	 4	 2	 2	 13.523176	 0.029191
4	 4	 2	 3	 13.307076	 0.028561
4	 4	 2	 4	 12.957176	 0.032235
4	 4	 2	 5	 13.035176	 0.030785
4	 4	 2	 6	 13.507476	 0.032244
4	 4	 3	 1	 13.815276	 0.034155
4	 4	 3	 2	 12.866876	 0.037416
4	 4	 3	 3	 12.846676	 0.039044
4	 4	 3	 4	 12.933076	 0.038499
4	 4	 3	 5	 12.766776	 0.041124
4	 4	 3	 6	 13.009876	 0.042302
4	 4	 4	 1	 13.084676	 0.051988
4	 4	 4	 2	 4.578723	 4.956028
4	 4	 4	 3	 12.518076	 0.048084
4	 4	 4	 4	 12.073476	 0.051665
4	 4	 4	 5	 13.378676	 0.057991
4	 4	 4	 6	 10.291906	 4.383832
4	 4	 5	 1	 12.125282	 4.443762
4	 4	 5	 2	 8.062464	 5.596440
4	 4	 5	 3	 12.390976	 0.080506
4	 4	 5	 4	 9.583073	 6.509931
4	 4	 5	 5	 10.075516	 7.038047
4	 4	 5	 6	 7.957851	 6.104164
4	 4	 6	 1	 10.957606	 6.188184
4	 4	 6	 2	 12.319969	 7.931092
4	 4	 6	 3	 12.869376	 0.232682
4	 4	 6	 4	 -8.046518	 24.436506
4	 4	 6	 5	 11.098414	 12.624540
4	 4	 6	 6	 10.835876	 0.485188
4	 4	 7	 1	 10.431276	 0.669568
4	 4	 7	 2	 10.690676	 0.831715
4	 4	 7	 3	 8.616316	 1.094060
4	 4	 7	 4	 17.016376	 3.539000
4	 4	 7	 5	 7.858756	 1.744610
4	 4	 7	 6	 6.615066	 4.105340
4	 5	 1	 1	 55.458459	 2.477000
4	 5	 1	 2	 51.434959	 0.181315
4	 5	 1	 3	 52.290959	 0.064645
4	 5	 1	 4	 51.257259	 0.049128
4	 5	 1	 5	 53.675559	 0.010727
4	 5	 1	 6	 52.406659	 0.085670
4	 5	 2	 1	 52.832459	 0.023119
4	 5	 2	 2	 53.604459	 0.020826
4	 5	 2	 3	 52.618559	 0.009891
4	 5	 2	 4	 53.870159	 0.013711
4	 5	 2	 5	 55.661059	 0.027097
4	 5	 2	 6	 55.308059	 0.027293
4	 5	 3	 1	 56.511959	 0.033428
4	 5	 3	 2	 55.078359	 0.035024
4	 5	 3	 3	 55.769359	 0.040137
4	 5	 3	 4	 55.327259	 0.044730
4	 5	 3	 5	 55.832359	 0.049304
4	 5	 3	 6	 56.700259	 0.059940
4	 5	 4	 1	 56.625959	 0.058358
4	 5	 4	 2	 56.599259	 0.061538
4	 5	 4	 3	 54.798959	 0.070849
4	 5	 4	 4	 52.418715	 6.770126
4	 5	 4	 5	 51.400017	 7.407597
4	 5	 4	 6	 50.773459	 8.356846
4	 5	 5	 1	 43.852541	 12.208658
4	 5	 5	 2	 52.170959	 0.117821
4	 5	 5	 3	 45.026386	 12.301320
4	 5	 5	 4	 48.283568	 10.710223
4	 5	 5	 5	 50.172031	 9.910724
4	 5	 5	 6	 47.581651	 13.289898
4	 5	 6	 1	 43.598829	 22.674278
4	 5	 6	 2	 47.970499	 15.499817
4	 5	 6	 3	 49.990363	 15.880165
4	 5	 6	 4	 53.621459	 1.141880
4	 5	 6	 5	 52.815256	 31.174476
4	 5	 6	 6	 43.070699	 40.130322
4	 5	 7	 1	 39.776259	 0.966351
4	 5	 7	 2	 65.887359	 1.039480
4	 5	 7	 3	 51.076730	 27.194780
4	 5	 7	 4	 44.376659	 1.792610
4	 5	 7	 5	 55.854459	 10.186000
4	 5	 7	 6	 55.854459	 10.186000
4	 6	 1	 1	 33.769101	 1.928830
4	 6	 1	 2	 47.124001	 0.129365
4	 6	 1	 3	 46.625801	 0.020590
4	 6	 1	 4	 47.737101	 0.013812
4	 6	 1	 5	 46.608001	 0.012093
4	 6	 1	 6	 47.819801	 0.015193
4	 6	 2	 1	 49.041801	 0.030218
4	 6	 2	 2	 48.584001	 0.027965
4	 6	 2	 3	 49.018501	 0.028416
4	 6	 2	 4	 51.959827	 7.162807
4	 6	 2	 5	 50.933401	 0.029210
4	 6	 2	 6	 50.723201	 0.033886
4	 6	 3	 1	 54.238001	 0.035698
4	 6	 3	 2	 52.309930	 6.441491
4	 6	 3	 3	 50.525345	 7.138769
4	 6	 3	 4	 48.882901	 0.042656
4	 6	 3	 5	 49.016901	 0.048968
4	 6	 3	 6	 48.064301	 0.054739
4	 6	 4	 1	 50.329901	 0.064618
4	 6	 4	 2	 49.647501	 0.069898
4	 6	 4	 3	 49.828401	 0.084016
4	 6	 4	 4	 50.636401	 1.414210
4	 6	 4	 5	 52.598701	 0.016821
4	 6	 4	 6	 56.680001	 0.465687
4	 6	 5	 1	 50.845701	 0.135259
4	 6	 5	 2	 49.214755	 9.542179
4	 6	 5	 3	 48.765386	 9.602869
4	 6	 5	 4	 34.697429	 16.676176
4	 6	 5	 5	 49.337431	 9.950806
4	 6	 5	 6	 41.943448	 15.190662
4	 6	 6	 1	 40.371652	 12.129618
4	 6	 6	 2	 45.519855	 17.232781
4	 6	 6	 3	 44.450096	 20.877556
4	 6	 6	 4	 47.310101	 0.890432
4	 6	 6	 5	 56.192801	 7.619000
4	 6	 6	 6	 44.269356	 40.899300
4	 6	 7	 1	 41.234322	 17.447951
4	 6	 7	 2	 45.560775	 22.223312
4	 6	 7	 3	 44.129801	 1.357660
4	 6	 7	 4	 39.921386	 38.449302
4	 6	 7	 5	 61.708601	 2.141150
4	 6	 7	 6	 59.577501	 0.724527
5	 1	 1	 1	 39.488810	 12.396740
5	 1	 1	 2	 32.185498	 6.457753
5	 1	 1	 3	 27.720511	 5.759519
5	 1	 1	 4	 23.882777	 3.333032
5	 1	 1	 5	 23.403087	 3.399791
5	 1	 1	 6	 24.584577	 0.018017
5	 1	 2	 1	 27.245181	 3.711277
5	 1	 2	 2	 24.311658	 4.760839
5	 1	 2	 3	 24.947934	 4.777980
5	 1	 2	 4	 27.024781	 4.036341
5	 1	 2	 5	 23.676961	 5.435355
5	 1	 2	 6	 25.196747	 4.619655
5	 1	 3	 1	 25.662217	 4.654307
5	 1	 3	 2	 25.724273	 5.115100
5	 1	 3	 3	 27.671577	 0.018626
5	 1	 3	 4	 26.277566	 4.586188
5	 1	 3	 5	 26.837077	 0.018406
5	 1	 3	 6	 24.147291	 4.107318
5	 1	 4	 1	 25.779299	 5.290796
5	 1	 4	 2	 26.419728	 5.252208
5	 1	 4	 3	 23.009951	 6.880419
5	 1	 4	 4	 26.604696	 5.216355
5	 1	 4	 5	 25.952952	 4.165467
5	 1	 4	 6	 27.462223	 5.323959
5	 1	 5	 1	 25.202211	 4.877074
5	 1	 5	 2	 25.153504	 7.682832
5	 1	 5	 3	 26.149077	 7.164352
5	 1	 5	 4	 26.357077	 7.117350
5	 1	 5	 5	 26.185671	 5.965913
5	 1	 5	 6	 28.899299	 10.197739
5	 1	 6	 1	 19.572315	 17.140787
5	 1	 6	 2	 24.730149	 7.920062
5	 1	 6	 3	 29.788370	 10.981629
5	 1	 6	 4	 27.281891	 11.317942
5	 1	 6	 5	 26.806460	 16.234581
5	 1	 6	 6	 26.934855	 12.863528
5	 1	 7	 1	 28.150677	 0.106169
5	 1	 7	 2	 26.251904	 21.375279
5	 1	 7	 3	 21.927448	 30.363745
5	 1	 7	 4	 30.178677	 0.135324
5	 1	 7	 5	 30.201577	 0.059412
5	 1	 7	 6	 31.386977	 0.230490
5	 2	 1	 1	 -16.844865	 19.540686
5	 2	 1	 2	 0.319504	 2.038392
5	 2	 1	 3	 3.066535	 0.018931
5	 2	 1	 4	 1.519168	 1.026834
5	 2	 1	 5	 3.714659	 1.684197
5	 2	 1	 6	 3.811074	 0.920391
5	 2	 2	 1	 4.401074	 0.788990
5	 2	 2	 2	 4.122893	 0.888707
5	 2	 2	 3	 2.274791	 1.084485
5	 2	 2	 4	 3.474204	 0.999554
5	 2	 2	 5	 0.984526	 1.270793
5	 2	 2	 6	 3.519117	 1.025761
5	 2	 3	 1	 -1.560267	 1.706693
5	 2	 3	 2	 3.572494	 0.020273
5	 2	 3	 3	 -1.101886	 1.662439
5	 2	 3	 4	 3.084892	 1.083774
5	 2	 3	 5	 2.683466	 1.167320
5	 2	 3	 6	 2.486929	 0.979418
5	 2	 4	 1	 1.728384	 1.345343
5	 2	 4	 2	 2.481451	 1.329391
5	 2	 4	 3	 3.877532	 0.025241
5	 2	 4	 4	 2.582950	 1.342351
5	 2	 4	 5	 2.760244	 1.368842
5	 2	 4	 6	 3.832613	 1.254644
5	 2	 5	 1	 2.641640	 1.523938
5	 2	 5	 2	 1.485867	 1.427074
5	 2	 5	 3	 3.353923	 1.488112
5	 2	 5	 4	 3.493089	 1.568103
5	 2	 5	 5	 3.332913	 1.712393
5	 2	 5	 6	 1.888469	 3.381192
5	 2	 6	 1	 3.146533	 2.018434
5	 2	 6	 2	 2.697214	 1.874785
5	 2	 6	 3	 1.963679	 0.064355
5	 2	 6	 4	 4.512932	 0.068701
5	 2	 6	 5	 -1.167672	 4.837780
5	 2	 6	 6	 3.706991	 0.106078
5	 2	 7	 1	 -1.506019	 2.414838
5	 2	 7	 2	 0.588469	 4.360521
5	 2	 7	 3	 2.878617	 0.129498
5	 2	 7	 4	 3.511096	 0.171391
5	 2	 7	 5	 -1390.423321	 8256.006287
5	 2	 7	 6	 4.391412	 0.228274
5	 3	 1	 1	 9.736428	 4.254900
5	 3	 1	 2	 11.932058	 0.109522
5	 3	 1	 3	 10.320708	 0.035381
5	 3	 1	 4	 11.507458	 0.029319
5	 3	 1	 5	 11.536658	 0.027811
5	 3	 1	 6	 11.367568	 0.023795
5	 3	 2	 1	 10.883768	 0.024683
5	 3	 2	 2	 11.326668	 0.023415
5	 3	 2	 3	 11.352218	 0.024468
5	 3	 2	 4	 10.316398	 0.022674
5	 3	 2	 5	 10.930768	 0.026256
5	 3	 2	 6	 5.647938	 2.411998
5	 3	 3	 1	 11.569058	 0.026657
5	 3	 3	 2	 8.249978	 2.139077
5	 3	 3	 3	 9.914478	 0.029169
5	 3	 3	 4	 10.949618	 0.031100
5	 3	 3	 5	 11.150228	 0.031500
5	 3	 3	 6	 11.477668	 0.035145
5	 3	 4	 1	 10.879368	 2.040407
5	 3	 4	 2	 11.911545	 1.885321
5	 3	 4	 3	 10.634444	 2.397274
5	 3	 4	 4	 10.255781	 2.326300
5	 3	 4	 5	 9.928468	 0.038660
5	 3	 4	 6	 7.314710	 3.141988
5	 3	 5	 1	 10.500538	 0.055740
5	 3	 5	 2	 2.214326	 4.528600
5	 3	 5	 3	 10.886308	 0.065482
5	 3	 5	 4	 10.517388	 0.079667
5	 3	 5	 5	 12.035072	 3.109797
5	 3	 5	 6	 10.914168	 0.092572
5	 3	 6	 1	 9.611423	 5.369307
5	 3	 6	 2	 12.109358	 0.125652
5	 3	 6	 3	 7.825459	 7.401671
5	 3	 6	 4	 11.585958	 0.220428
5	 3	 6	 5	 -21.770281	 47.737244
5	 3	 6	 6	 9.416742	 7.103395
5	 3	 7	 1	 -12.414262	 26.353898
5	 3	 7	 2	 11.928758	 0.455167
5	 3	 7	 3	 9.512508	 0.688711
5	 3	 7	 4	 12.180158	 0.288429
5	 3	 7	 5	 13.417558	 1.111480
5	 3	 7	 6	 8.920578	 3.777730
5	 4	 1	 1	 15.610775	 4.590380
5	 4	 1	 2	 14.559375	 0.428280
5	 4	 1	 3	 10.581605	 0.050407
5	 4	 1	 4	 11.426875	 0.034539
5	 4	 1	 5	 12.054675	 0.032662
5	 4	 1	 6	 11.006545	 0.026378
5	 4	 2	 1	 11.239675	 0.027654
5	 4	 2	 2	 10.833195	 0.025229
5	 4	 2	 3	 10.638755	 0.026043
5	 4	 2	 4	 10.208665	 0.025885
5	 4	 2	 5	 9.643787	 1.980784
5	 4	 2	 6	 11.798349	 1.670325
5	 4	 3	 1	 11.249075	 0.031081
5	 4	 3	 2	 7.679328	 2.137123
5	 4	 3	 3	 10.925295	 0.035962
5	 4	 3	 4	 10.814965	 0.035075
5	 4	 3	 5	 10.831575	 0.038374
5	 4	 3	 6	 11.244875	 0.043358
5	 4	 4	 1	 10.109761	 1.920697
5	 4	 4	 2	 11.624475	 0.048307
5	 4	 4	 3	 5.317058	 2.757487
5	 4	 4	 4	 11.183855	 0.044946
5	 4	 4	 5	 9.703471	 2.490608
5	 4	 4	 6	 11.507875	 0.058800
5	 4	 5	 1	 6.472931	 3.370104
5	 4	 5	 2	 7.649244	 3.461866
5	 4	 5	 3	 11.891469	 2.968232
5	 4	 5	 4	 12.068875	 0.091093
5	 4	 5	 5	 14.580375	 0.328400
5	 4	 5	 6	 9.353657	 4.608267
5	 4	 6	 1	 6.535416	 4.097312
5	 4	 6	 2	 8.446197	 6.063010
5	 4	 6	 3	 8.115229	 7.979533
5	 4	 6	 4	 10.503035	 0.281460
5	 4	 6	 5	 3.675827	 13.163738
5	 4	 6	 6	 1.139499	 14.856597
5	 4	 7	 1	 10.532645	 2.146940
5	 4	 7	 2	 -670.743214	 3098.040026
5	 4	 7	 3	 10.844165	 0.910163
5	 4	 7	 4	 5.525965	 1.356980
5	 4	 7	 5	 17.892675	 4.407000
5	 4	 7	 6	 17.892675	 4.407000
5	 5	 1	 1	 34.894995	 3.359150
5	 5	 1	 2	 45.598195	 23.172000
5	 5	 1	 3	 51.009395	 0.050625
5	 5	 1	 4	 51.038295	 0.045183
5	 5	 1	 5	 50.258295	 0.035349
5	 5	 1	 6	 49.994795	 0.032934
5	 5	 2	 1	 53.588195	 0.014233
5	 5	 2	 2	 53.617795	 0.011176
5	 5	 2	 3	 54.731295	 0.009650
5	 5	 2	 4	 51.094395	 0.027284
5	 5	 2	 5	 52.008695	 0.029603
5	 5	 2	 6	 52.979095	 0.032365
5	 5	 3	 1	 51.937095	 0.034933
5	 5	 3	 2	 51.699395	 0.035655
5	 5	 3	 3	 52.388995	 0.041428
5	 5	 3	 4	 49.860795	 0.040901
5	 5	 3	 5	 53.037692	 6.164204
5	 5	 3	 6	 51.787395	 0.058222
5	 5	 4	 1	 50.359095	 0.059242
5	 5	 4	 2	 50.826195	 0.062409
5	 5	 4	 3	 50.810695	 0.070578
5	 5	 4	 4	 48.621795	 0.068545
5	 5	 4	 5	 50.449995	 0.088016
5	 5	 4	 6	 48.992695	 0.088589
5	 5	 5	 1	 48.576395	 0.112701
5	 5	 5	 2	 41.767588	 8.159019
5	 5	 5	 3	 47.546095	 0.149840
5	 5	 5	 4	 49.083795	 0.170121
5	 5	 5	 5	 49.466395	 0.242077
5	 5	 5	 6	 42.567604	 10.261203
5	 5	 6	 1	 38.300495	 0.465497
5	 5	 6	 2	 41.169410	 10.442412
5	 5	 6	 3	 39.779866	 16.579894
5	 5	 6	 4	 47.052195	 0.449941
5	 5	 6	 5	 6.639270	 60.928936
5	 5	 6	 6	 35.685890	 17.473882
5	 5	 7	 1	 13.974553	 61.305628
5	 5	 7	 2	 51.288695	 15.424000
5	 5	 7	 3	 29.924871	 57.334799
5	 5	 7	 4	 51.818395	 12.138100
5	 5	 7	 5	 42.908195	 3.377560
5	 5	 7	 6	 57.134395	 11.686400
5	 6	 1	 1	 42.089154	 0.417408
5	 6	 1	 2	 44.115653	 6.897706
5	 6	 1	 3	 -4.077648	 26.973103
5	 6	 1	 4	 24.899622	 17.623013
5	 6	 1	 5	 46.514154	 0.044206
5	 6	 1	 6	 44.678454	 0.037146
5	 6	 2	 1	 50.108354	 0.031030
5	 6	 2	 2	 47.844054	 0.025148
5	 6	 2	 3	 47.741454	 0.018562
5	 6	 2	 4	 49.790854	 0.024725
5	 6	 2	 5	 50.194754	 0.029467
5	 6	 2	 6	 50.419554	 0.029231
5	 6	 3	 1	 49.257354	 0.030198
5	 6	 3	 2	 49.845854	 0.036026
5	 6	 3	 3	 48.695154	 0.010124
5	 6	 3	 4	 47.818454	 0.075406
5	 6	 3	 5	 48.104454	 0.048646
5	 6	 3	 6	 47.866854	 0.051851
5	 6	 4	 1	 46.875854	 0.077243
5	 6	 4	 2	 47.677254	 0.066982
5	 6	 4	 3	 47.538754	 0.015199
5	 6	 4	 4	 56.478654	 3.394540
5	 6	 4	 5	 51.815054	 0.080715
5	 6	 4	 6	 42.720238	 11.467607
5	 6	 5	 1	 47.727854	 0.149887
5	 6	 5	 2	 40.466363	 8.548719
5	 6	 5	 3	 43.577946	 7.683591
5	 6	 5	 4	 50.569954	 0.186837
5	 6	 5	 5	 52.224254	 0.260926
5	 6	 5	 6	 47.041753	 12.284269
5	 6	 6	 1	 43.605302	 10.109239
5	 6	 6	 2	 39.031492	 14.537040
5	 6	 6	 3	 34.540655	 19.691036
5	 6	 6	 4	 41.563160	 16.665006
5	 6	 6	 5	 43.014703	 15.948566
5	 6	 6	 6	 36.610054	 0.910148
5	 6	 7	 1	 40.067265	 25.499596
5	 6	 7	 2	 52.937754	 8.904000
5	 6	 7	 3	 20.300281	 20.358254
5	 6	 7	 4	 42.511054	 1.688950
5	 6	 7	 5	 12.662203	 19.855785
5	 6	 7	 6	 80.355854	 176.966000
6	 1	 1	 1	 5.753044	 0.034791
6	 1	 1	 2	 6.008684	 0.019298
6	 1	 1	 3	 4.119154	 1.556203
6	 1	 1	 4	 9.633704	 1.575213
6	 1	 1	 5	 7.586880	 2.009604
6	 1	 1	 6	 9.602791	 1.657957
6	 1	 2	 1	 5.607725	 2.229832
6	 1	 2	 2	 8.387358	 1.868723
6	 1	 2	 3	 8.667841	 1.803051
6	 1	 2	 4	 6.400993	 2.376502
6	 1	 2	 5	 7.260717	 2.217642
6	 1	 2	 6	 6.073094	 2.553216
6	 1	 3	 1	 6.041578	 2.411011
6	 1	 3	 2	 8.447235	 2.194193
6	 1	 3	 3	 7.595956	 2.240329
6	 1	 3	 4	 6.776574	 0.021581
6	 1	 3	 5	 8.346653	 2.301197
6	 1	 3	 6	 5.320438	 1.748374
6	 1	 4	 1	 7.647677	 2.480800
6	 1	 4	 2	 6.878981	 2.734288
6	 1	 4	 3	 8.407388	 2.429058
6	 1	 4	 4	 10.618614	 0.032124
6	 1	 4	 5	 7.631661	 2.893013
6	 1	 4	 6	 8.529070	 1.994786
6	 1	 5	 1	 2.135013	 2.738012
6	 1	 5	 2	 7.395564	 0.030018
6	 1	 5	 3	 -0.470301	 3.303363
6	 1	 5	 4	 7.498023	 2.761716
6	 1	 5	 5	 9.744609	 3.134097
6	 1	 5	 6	 6.464021	 4.802325
6	 1	 6	 1	 1.914416	 4.386564
6	 1	 6	 2	 3.594510	 3.070677
6	 1	 6	 3	 2.954947	 4.228232
6	 1	 6	 4	 4.387889	 3.073280
6	 1	 6	 5	 4.769734	 0.081195
6	 1	 6	 6	 5.761724	 0.092542
6	 1	 7	 1	 6.772419	 6.012458
6	 1	 7	 2	 9.348004	 0.141363
6	 1	 7	 3	 7.190354	 0.120706
6	 1	 7	 4	 -20.769112	 22.070099
6	 1	 7	 5	 7.730944	 0.095615
6	 1	 7	 6	 8.369994	 0.047324
6	 2	 1	 1	 9.732534	 12.401951
6	 2	 1	 2	 10.162401	 2.604032
6	 2	 1	 3	 8.865320	 0.019732
6	 2	 1	 4	 11.443996	 2.736635
6	 2	 1	 5	 5.285823	 2.625230
6	 2	 1	 6	 7.597584	 2.279972
6	 2	 2	 1	 5.550653	 2.410650
6	 2	 2	 2	 6.061526	 1.159745
6	 2	 2	 3	 6.210424	 1.515983
6	 2	 2	 4	 6.226473	 2.488346
6	 2	 2	 5	 8.291109	 2.207152
6	 2	 2	 6	 9.775122	 1.941335
6	 2	 3	 1	 6.548603	 1.178967
6	 2	 3	 2	 9.284292	 2.051720
6	 2	 3	 3	 5.961521	 1.713813
6	 2	 3	 4	 6.554923	 2.669094
6	 2	 3	 5	 6.468378	 1.321711
6	 2	 3	 6	 6.502310	 0.023995
6	 2	 4	 1	 9.656593	 2.194740
6	 2	 4	 2	 8.467425	 2.611185
6	 2	 4	 3	 7.718519	 2.018105
6	 2	 4	 4	 4.289007	 2.219271
6	 2	 4	 5	 5.820653	 1.969888
6	 2	 4	 6	 7.231260	 0.030708
6	 2	 5	 1	 4.361067	 1.949202
6	 2	 5	 2	 4.005369	 4.443984
6	 2	 5	 3	 9.240331	 3.225908
6	 2	 5	 4	 5.359806	 4.255678
6	 2	 5	 5	 3.786448	 2.481561
6	 2	 5	 6	 5.545521	 3.195220
6	 2	 6	 1	 5.773610	 0.045962
6	 2	 6	 2	 4.080652	 2.845528
6	 2	 6	 3	 4.059806	 4.151048
6	 2	 6	 4	 -9.730612	 14.548054
6	 2	 6	 5	 10.571380	 0.102377
6	 2	 6	 6	 12.059806	 8.278971
6	 2	 7	 1	 9.769610	 9.520858
6	 2	 7	 2	 9.842244	 6.288405
6	 2	 7	 3	 -2.902177	 17.716863
6	 2	 7	 4	 3.394900	 0.147430
6	 2	 7	 5	 6.017670	 0.179757
6	 2	 7	 6	 5.087190	 0.222671
6	 3	 1	 1	 -26.516982	 2.345780
6	 3	 1	 2	 -26.443282	 0.082366
6	 3	 1	 3	 -28.132482	 1.421300
6	 3	 1	 4	 -27.510482	 0.033538
6	 3	 1	 5	 -27.875982	 0.030564
6	 3	 1	 6	 -28.198282	 0.017684
6	 3	 2	 1	 -28.177468	 2.795023
6	 3	 2	 2	 -26.678682	 0.025581
6	 3	 2	 3	 -28.916382	 0.036365
6	 3	 2	 4	 -28.445982	 0.027271
6	 3	 2	 5	 -27.598750	 2.660489
6	 3	 2	 6	 -29.880054	 3.368964
6	 3	 3	 1	 -28.030082	 0.014068
6	 3	 3	 2	 -27.450982	 0.030488
6	 3	 3	 3	 -28.947082	 0.031119
6	 3	 3	 4	 -30.154535	 3.464756
6	 3	 3	 5	 -27.013382	 0.033271
6	 3	 3	 6	 -28.792626	 3.135026
6	 3	 4	 1	 -28.177582	 0.034042
6	 3	 4	 2	 -31.581880	 4.437375
6	 3	 4	 3	 -29.642666	 3.706134
6	 3	 4	 4	 -28.071582	 0.042085
6	 3	 4	 5	 -27.088782	 0.046865
6	 3	 4	 6	 -31.801018	 5.481855
6	 3	 5	 1	 -27.555978	 3.708171
6	 3	 5	 2	 -25.521182	 0.060807
6	 3	 5	 3	 -27.954455	 4.542716
6	 3	 5	 4	 -28.486228	 4.951330
6	 3	 5	 5	 -28.068922	 5.468699
6	 3	 5	 6	 -29.226061	 5.043045
6	 3	 6	 1	 -25.618682	 0.105007
6	 3	 6	 2	 -25.049382	 0.127494
6	 3	 6	 3	 -26.087782	 0.158763
6	 3	 6	 4	 -27.603082	 0.151601
6	 3	 6	 5	 -26.153782	 0.233418
6	 3	 6	 6	 -25.373282	 0.174288
6	 3	 7	 1	 -25.096882	 1.869000
6	 3	 7	 2	 -25.998182	 9.906900
6	 3	 7	 3	 -29.345082	 0.749895
6	 3	 7	 4	 -28.856782	 0.892460
6	 3	 7	 5	 -29.589782	 1.479960
6	 3	 7	 6	 -36.343282	 2.732220
6	 4	 1	 1	 -15.547750	 1.202000
6	 4	 1	 2	 -27.413050	 0.147039
6	 4	 1	 3	 -27.897550	 0.055938
6	 4	 1	 4	 -27.387750	 0.031462
6	 4	 1	 5	 -27.160750	 0.030099
6	 4	 1	 6	 -26.698450	 0.022260
6	 4	 2	 1	 -27.474650	 0.026540
6	 4	 2	 2	 -27.773450	 0.026488
6	 4	 2	 3	 -27.967150	 0.025467
6	 4	 2	 4	 -28.069450	 0.034846
6	 4	 2	 5	 -28.388050	 0.027870
6	 4	 2	 6	 -28.298350	 0.029965
6	 4	 3	 1	 -26.501950	 0.029933
6	 4	 3	 2	 -28.421550	 0.031263
6	 4	 3	 3	 -28.553850	 0.033697
6	 4	 3	 4	 -27.859750	 0.036599
6	 4	 3	 5	 -27.225650	 0.039379
6	 4	 3	 6	 -26.824550	 0.036805
6	 4	 4	 1	 -27.804450	 0.043317
6	 4	 4	 2	 -27.721350	 0.047085
6	 4	 4	 3	 -27.401650	 0.056759
6	 4	 4	 4	 -30.570011	 4.053440
6	 4	 4	 5	 -32.167999	 4.939948
6	 4	 4	 6	 -27.526250	 0.066026
6	 4	 5	 1	 -26.739250	 0.065763
6	 4	 5	 2	 -27.042950	 0.063933
6	 4	 5	 3	 -35.732979	 8.634022
6	 4	 5	 4	 -28.211487	 5.609261
6	 4	 5	 5	 -27.725450	 0.100714
6	 4	 5	 6	 -27.876850	 0.090337
6	 4	 6	 1	 -35.220129	 12.489990
6	 4	 6	 2	 -28.607350	 0.062829
6	 4	 6	 3	 -27.546750	 0.080026
6	 4	 6	 4	 -28.187668	 8.624721
6	 4	 6	 5	 -32.052561	 10.598130
6	 4	 6	 6	 -24.008572	 10.406936
6	 4	 7	 1	 -28.289550	 0.106700
6	 4	 7	 2	 -31.364150	 0.653589
6	 4	 7	 3	 -48.957138	 34.777988
6	 4	 7	 4	 -32.535950	 1.583650
6	 4	 7	 5	 -33.913150	 1.784530
6	 4	 7	 6	 -34.620550	 2.707830
6	 5	 1	 1	 11.064316	 2.964480
6	 5	 1	 2	 23.722316	 0.211970
6	 5	 1	 3	 21.816316	 0.099897
6	 5	 1	 4	 25.391116	 0.058529
6	 5	 1	 5	 27.228016	 0.046662
6	 5	 1	 6	 26.416116	 0.036977
6	 5	 2	 1	 23.058316	 0.013248
6	 5	 2	 2	 26.046316	 0.060359
6	 5	 2	 3	 21.979116	 0.011507
6	 5	 2	 4	 28.154916	 0.035060
6	 5	 2	 5	 27.968316	 0.013088
6	 5	 2	 6	 25.669316	 0.032647
6	 5	 3	 1	 24.863516	 0.033142
6	 5	 3	 2	 23.814216	 0.037002
6	 5	 3	 3	 23.446016	 0.042181
6	 5	 3	 4	 23.635816	 0.045811
6	 5	 3	 5	 25.320216	 0.054399
6	 5	 3	 6	 26.239316	 0.062693
6	 5	 4	 1	 27.835916	 0.067746
6	 5	 4	 2	 26.101165	 4.307447
6	 5	 4	 3	 29.531016	 0.074099
6	 5	 4	 4	 24.414616	 0.082702
6	 5	 4	 5	 23.400116	 0.093083
6	 5	 4	 6	 26.609316	 0.117948
6	 5	 5	 1	 24.203416	 0.104557
6	 5	 5	 2	 22.387526	 5.605443
6	 5	 5	 3	 22.548716	 0.190753
6	 5	 5	 4	 20.897016	 0.427252
6	 5	 5	 5	 17.155562	 5.084207
6	 5	 5	 6	 23.861616	 0.320080
6	 5	 6	 1	 2.860030	 14.338652
6	 5	 6	 2	 21.192767	 9.313249
6	 5	 6	 3	 11.141816	 0.575848
6	 5	 6	 4	 16.799922	 15.914273
6	 5	 6	 5	 19.974716	 1.250090
6	 5	 6	 6	 10.546747	 12.685732
6	 5	 7	 1	 24.268528	 15.245824
6	 5	 7	 2	 18.676981	 14.961090
6	 5	 7	 3	 2.742824	 22.000941
6	 5	 7	 4	 25.817428	 29.799991
6	 5	 7	 5	 13.828816	 2.687400
6	 5	 7	 6	 30.856216	 5.761190
6	 6	 1	 1	 15.231091	 1.264610
6	 6	 1	 2	 0.768581	 7.129360
6	 6	 1	 3	 12.461958	 5.910342
6	 6	 1	 4	 20.974891	 0.068081
6	 6	 1	 5	 20.659591	 0.052622
6	 6	 1	 6	 20.971891	 0.042894
6	 6	 2	 1	 20.165691	 0.033758
6	 6	 2	 2	 19.373941	 3.348028
6	 6	 2	 3	 18.880091	 0.029898
6	 6	 2	 4	 19.932291	 2.602030
6	 6	 2	 5	 17.998791	 0.027898
6	 6	 2	 6	 18.550291	 0.031292
6	 6	 3	 1	 22.118591	 0.048344
6	 6	 3	 2	 20.824391	 0.050385
6	 6	 3	 3	 17.611258	 3.490807
6	 6	 3	 4	 14.898391	 0.070487
6	 6	 3	 5	 17.480807	 3.447466
6	 6	 3	 6	 17.329835	 3.479481
6	 6	 4	 1	 19.053434	 3.180376
6	 6	 4	 2	 18.735171	 3.252103
6	 6	 4	 3	 21.148791	 0.085134
6	 6	 4	 4	 17.985517	 3.385189
6	 6	 4	 5	 21.800091	 0.110031
6	 6	 4	 6	 18.280397	 3.775059
6	 6	 5	 1	 23.546791	 0.128411
6	 6	 5	 2	 23.540091	 0.134130
6	 6	 5	 3	 25.087791	 0.174956
6	 6	 5	 4	 22.244091	 0.211571
6	 6	 5	 5	 25.915491	 0.197305
6	 6	 5	 6	 11.449591	 0.477421
6	 6	 6	 1	 13.970850	 5.230654
6	 6	 6	 2	 11.779235	 8.800496
6	 6	 6	 3	 15.111542	 6.022353
6	 6	 6	 4	 9.892431	 0.623637
6	 6	 6	 5	 14.051491	 0.105891
6	 6	 6	 6	 23.860791	 0.600396
6	 6	 7	 1	 8.536729	 27.079460
6	 6	 7	 2	 6.385097	 14.493527
6	 6	 7	 3	 15.229099	 13.246675
6	 6	 7	 4	 26.524351	 21.435626
6	 6	 7	 5	 28.822291	 2.298580
6	 6	 7	 6	 42.808291	 16.587400
