#& Sector Superlayer Slot Cable T0Correction T0Error
1	 1	 1	 1	 1.444577	 0.026925
1	 1	 1	 2	 3.253591	 0.836818
1	 1	 1	 3	 1.468344	 0.913772
1	 1	 1	 4	 0.464198	 0.962258
1	 1	 1	 5	 1.900262	 0.848597
1	 1	 1	 6	 2.081741	 0.868659
1	 1	 2	 1	 2.357056	 0.004691
1	 1	 2	 2	 1.001032	 0.968514
1	 1	 2	 3	 2.277270	 0.907264
1	 1	 2	 4	 2.645702	 0.870475
1	 1	 2	 5	 3.377778	 0.838415
1	 1	 2	 6	 3.660055	 0.830821
1	 1	 3	 1	 1.611776	 0.988648
1	 1	 3	 2	 4.031746	 1.540606
1	 1	 3	 3	 2.501387	 0.989472
1	 1	 3	 4	 1.004149	 1.063932
1	 1	 3	 5	 2.666667	 0.960930
1	 1	 3	 6	 2.961714	 0.937630
1	 1	 4	 1	 2.564838	 1.028784
1	 1	 4	 2	 2.561391	 1.125492
1	 1	 4	 3	 1.293820	 0.035467
1	 1	 4	 4	 0.515556	 1.272555
1	 1	 4	 5	 2.443509	 1.156162
1	 1	 4	 6	 2.187500	 2.251684
1	 1	 5	 1	 4.993390	 0.027855
1	 1	 5	 2	 2.854295	 0.031542
1	 1	 5	 3	 2.016040	 1.433125
1	 1	 5	 4	 1.475862	 2.771214
1	 1	 5	 5	 4.400000	 2.444664
1	 1	 5	 6	 2.620529	 1.393622
1	 1	 6	 1	 3.679279	 2.817846
1	 1	 6	 2	 3.298361	 3.215462
1	 1	 6	 3	 4.980590	 0.065940
1	 1	 6	 4	 2.325926	 3.911652
1	 1	 6	 5	 0.454510	 2.819852
1	 1	 6	 6	 5.211480	 0.100727
1	 1	 7	 1	 5.208602	 4.217433
1	 1	 7	 2	 0.092705	 6.267413
1	 1	 7	 3	 1.196465	 3.504007
1	 1	 7	 4	 -0.348577	 11.138894
1	 1	 7	 5	 2.880215	 0.131229
1	 1	 7	 6	 4.019220	 0.220162
1	 2	 1	 1	 -18.389055	 4.386601
1	 2	 1	 2	 -18.181333	 1.934519
1	 2	 1	 3	 -19.717303	 2.297433
1	 2	 1	 4	 -18.589927	 1.842221
1	 2	 1	 5	 -20.482197	 2.314007
1	 2	 1	 6	 -17.990713	 1.630748
1	 2	 2	 1	 -19.050147	 1.892369
1	 2	 2	 2	 -18.666955	 1.910811
1	 2	 2	 3	 -20.994596	 2.532420
1	 2	 2	 4	 -20.150400	 0.016433
1	 2	 2	 5	 -18.204163	 1.758415
1	 2	 2	 6	 -21.466667	 2.913619
1	 2	 3	 1	 -23.455924	 3.502434
1	 2	 3	 2	 -19.644110	 2.259044
1	 2	 3	 3	 -19.478700	 0.020154
1	 2	 3	 4	 -19.661850	 2.220112
1	 2	 3	 5	 -19.782456	 2.427138
1	 2	 3	 6	 -20.961270	 2.843383
1	 2	 4	 1	 -22.054146	 3.283252
1	 2	 4	 2	 -21.015576	 2.581448
1	 2	 4	 3	 -19.973500	 0.023390
1	 2	 4	 4	 -23.261340	 2.555120
1	 2	 4	 5	 -18.764780	 2.310854
1	 2	 4	 6	 -21.928609	 3.981567
1	 2	 5	 1	 -22.435979	 4.044919
1	 2	 5	 2	 -19.076000	 0.038390
1	 2	 5	 3	 -18.619820	 2.729332
1	 2	 5	 4	 -21.744218	 4.504372
1	 2	 5	 5	 -19.809929	 3.963090
1	 2	 5	 6	 -20.143210	 4.163531
1	 2	 6	 1	 -18.977778	 3.909565
1	 2	 6	 2	 -24.458537	 8.242072
1	 2	 6	 3	 -20.868982	 3.424558
1	 2	 6	 4	 -22.832949	 5.353273
1	 2	 6	 5	 -24.286207	 6.241779
1	 2	 6	 6	 -18.241624	 3.941357
1	 2	 7	 1	 -21.142857	 8.075594
1	 2	 7	 2	 -21.839144	 5.471574
1	 2	 7	 3	 -18.666667	 7.338428
1	 2	 7	 4	 -24.421752	 10.073903
1	 2	 7	 5	 -29.313964	 9.457041
1	 2	 7	 6	 -21.679300	 0.152579
1	 3	 1	 1	 -13.660600	 3.818290
1	 3	 1	 2	 -12.449100	 0.073424
1	 3	 1	 3	 -15.011000	 0.032217
1	 3	 1	 4	 -14.993400	 0.029691
1	 3	 1	 5	 -14.668900	 0.027174
1	 3	 1	 6	 -18.700273	 2.274187
1	 3	 2	 1	 -15.234300	 0.028137
1	 3	 2	 2	 -15.247328	 1.554921
1	 3	 2	 3	 -16.232045	 1.766960
1	 3	 2	 4	 -14.418200	 0.024747
1	 3	 2	 5	 -16.111108	 1.725175
1	 3	 2	 6	 -13.891500	 0.028262
1	 3	 3	 1	 -19.845459	 2.510173
1	 3	 3	 2	 -20.305267	 2.664839
1	 3	 3	 3	 -17.225848	 1.915018
1	 3	 3	 4	 -20.049805	 2.738552
1	 3	 3	 5	 -18.323701	 2.276698
1	 3	 3	 6	 -13.145200	 0.035054
1	 3	 4	 1	 -13.856400	 0.038213
1	 3	 4	 2	 -13.883100	 0.040526
1	 3	 4	 3	 -19.131658	 2.928160
1	 3	 4	 4	 -18.358192	 2.674275
1	 3	 4	 5	 -15.057539	 1.962748
1	 3	 4	 6	 -15.812622	 2.248005
1	 3	 5	 1	 -12.518959	 1.584946
1	 3	 5	 2	 -16.871523	 2.851335
1	 3	 5	 3	 -13.802203	 2.123933
1	 3	 5	 4	 -13.991415	 2.393758
1	 3	 5	 5	 -12.352478	 2.865445
1	 3	 5	 6	 -13.362712	 2.706179
1	 3	 6	 1	 -13.113581	 4.322206
1	 3	 6	 2	 -13.400049	 2.897950
1	 3	 6	 3	 -20.171540	 3.425564
1	 3	 6	 4	 -22.240755	 5.842512
1	 3	 6	 5	 -8.110402	 2.831368
1	 3	 6	 6	 -10.304240	 4.583771
1	 3	 7	 1	 -14.247169	 6.130835
1	 3	 7	 2	 -13.325780	 10.307982
1	 3	 7	 3	 -17.906500	 0.710913
1	 3	 7	 4	 -19.112600	 0.994972
1	 3	 7	 5	 -17.701500	 1.749730
1	 3	 7	 6	 -20.680200	 3.606850
1	 4	 1	 1	 -46.878167	 56.095903
1	 4	 1	 2	 -16.712800	 0.162276
1	 4	 1	 3	 -15.256600	 0.051202
1	 4	 1	 4	 -16.100400	 0.036478
1	 4	 1	 5	 -15.350000	 0.026415
1	 4	 1	 6	 -15.162100	 0.028198
1	 4	 2	 1	 -19.302064	 2.148969
1	 4	 2	 2	 -15.621600	 0.026129
1	 4	 2	 3	 -19.951517	 2.284584
1	 4	 2	 4	 -20.976647	 2.423028
1	 4	 2	 5	 -18.178890	 1.831674
1	 4	 2	 6	 -16.369524	 1.549624
1	 4	 3	 1	 -17.654392	 1.722970
1	 4	 3	 2	 -20.008971	 2.239900
1	 4	 3	 3	 -22.538226	 2.776530
1	 4	 3	 4	 -20.474286	 2.352128
1	 4	 3	 5	 -25.152164	 2.614992
1	 4	 3	 6	 -18.212031	 1.940849
1	 4	 4	 1	 -19.253826	 2.174378
1	 4	 4	 2	 -18.948371	 2.297077
1	 4	 4	 3	 -22.700741	 2.358085
1	 4	 4	 4	 -27.814925	 5.046547
1	 4	 4	 5	 -19.774164	 2.773429
1	 4	 4	 6	 -20.544226	 2.126528
1	 4	 5	 1	 -25.444237	 4.742096
1	 4	 5	 2	 -21.178836	 3.359555
1	 4	 5	 3	 -20.684016	 3.762848
1	 4	 5	 4	 -18.475112	 3.236475
1	 4	 5	 5	 -18.092985	 3.321714
1	 4	 5	 6	 -22.477617	 4.016368
1	 4	 6	 1	 -18.530542	 3.480891
1	 4	 6	 2	 -17.454338	 3.997561
1	 4	 6	 3	 -16.279300	 0.166741
1	 4	 6	 4	 -31.463495	 18.164996
1	 4	 6	 5	 -19.437503	 5.267994
1	 4	 6	 6	 -34.924592	 29.651925
1	 4	 7	 1	 -25.258731	 9.094260
1	 4	 7	 2	 -17.469100	 0.683434
1	 4	 7	 3	 -44.906895	 38.050138
1	 4	 7	 4	 -22.579700	 1.971960
1	 4	 7	 5	 -8.190300	 99.887500
1	 4	 7	 6	 -20.347400	 2.748620
1	 5	 1	 1	 8.801960	 5.943560
1	 5	 1	 2	 30.548300	 0.037361
1	 5	 1	 3	 23.810595	 7.461518
1	 5	 1	 4	 20.053368	 7.820752
1	 5	 1	 5	 26.675009	 6.039239
1	 5	 1	 6	 31.807700	 0.018420
1	 5	 2	 1	 30.677500	 0.016346
1	 5	 2	 2	 28.150709	 6.231526
1	 5	 2	 3	 32.413500	 0.018948
1	 5	 2	 4	 28.886194	 5.912340
1	 5	 2	 5	 26.765292	 6.340195
1	 5	 2	 6	 27.309707	 6.363992
1	 5	 3	 1	 32.043900	 0.030526
1	 5	 3	 2	 28.470354	 5.751223
1	 5	 3	 3	 32.188442	 5.135185
1	 5	 3	 4	 24.705454	 6.612364
1	 5	 3	 5	 24.290616	 6.468648
1	 5	 3	 6	 34.028400	 0.054228
1	 5	 4	 1	 25.338573	 4.720571
1	 5	 4	 2	 31.296900	 0.062136
1	 5	 4	 3	 25.357655	 6.686363
1	 5	 4	 4	 25.402010	 6.699752
1	 5	 4	 5	 30.544198	 5.755718
1	 5	 4	 6	 33.240600	 0.113600
1	 5	 5	 1	 25.136873	 7.525754
1	 5	 5	 2	 28.600859	 6.961578
1	 5	 5	 3	 19.606448	 9.373973
1	 5	 5	 4	 23.844333	 8.799572
1	 5	 5	 5	 32.594055	 6.856227
1	 5	 5	 6	 31.215224	 8.092522
1	 5	 6	 1	 26.715643	 10.334885
1	 5	 6	 2	 29.897800	 0.624763
1	 5	 6	 3	 32.487251	 10.735900
1	 5	 6	 4	 24.903500	 0.713254
1	 5	 6	 5	 30.269266	 12.436907
1	 5	 6	 6	 24.444344	 12.980523
1	 5	 7	 1	 23.718625	 18.507795
1	 5	 7	 2	 29.441753	 22.398734
1	 5	 7	 3	 24.999568	 16.752766
1	 5	 7	 4	 36.650500	 7.634000
1	 5	 7	 5	 43.344600	 0.866746
1	 5	 7	 6	 46.878300	 13.204500
1	 6	 1	 1	 21.762807	 4.719744
1	 6	 1	 2	 19.770097	 4.452631
1	 6	 1	 3	 21.941106	 3.936347
1	 6	 1	 4	 26.456600	 0.036847
1	 6	 1	 5	 18.847944	 8.421028
1	 6	 1	 6	 25.961643	 4.075873
1	 6	 2	 1	 22.974172	 4.705305
1	 6	 2	 2	 25.832700	 0.012555
1	 6	 2	 3	 14.921616	 4.937936
1	 6	 2	 4	 18.001713	 6.073856
1	 6	 2	 5	 25.453400	 0.022217
1	 6	 2	 6	 23.436442	 4.835332
1	 6	 3	 1	 26.355400	 0.020414
1	 6	 3	 2	 26.335048	 4.048443
1	 6	 3	 3	 26.624500	 0.041609
1	 6	 3	 4	 26.556600	 0.045265
1	 6	 3	 5	 25.895400	 0.047699
1	 6	 3	 6	 16.937357	 4.034352
1	 6	 4	 1	 20.198373	 3.704901
1	 6	 4	 2	 19.111838	 5.335560
1	 6	 4	 3	 22.792189	 4.887487
1	 6	 4	 4	 22.384924	 5.040126
1	 6	 4	 5	 20.965351	 8.118867
1	 6	 4	 6	 24.909552	 4.907396
1	 6	 5	 1	 27.625872	 7.443983
1	 6	 5	 2	 28.251859	 7.085957
1	 6	 5	 3	 26.726919	 8.174245
1	 6	 5	 4	 22.869612	 4.474122
1	 6	 5	 5	 30.325223	 7.375389
1	 6	 5	 6	 24.612003	 6.113618
1	 6	 6	 1	 30.196201	 8.464743
1	 6	 6	 2	 24.405890	 6.194681
1	 6	 6	 3	 23.911252	 9.817801
1	 6	 6	 4	 27.492273	 13.611928
1	 6	 6	 5	 0.940249	 36.466853
1	 6	 6	 6	 32.867663	 16.004255
1	 6	 7	 1	 25.548708	 14.813970
1	 6	 7	 2	 31.098400	 5.225000
1	 6	 7	 3	 -1.666779	 68.264061
1	 6	 7	 4	 21.038702	 22.136707
1	 6	 7	 5	 -75.517450	 203.524955
1	 6	 7	 6	 31.098400	 5.225000
2	 1	 1	 1	 13.628070	 5.847344
2	 1	 1	 2	 14.653807	 3.289762
2	 1	 1	 3	 14.189000	 0.020454
2	 1	 1	 4	 11.171963	 2.162678
2	 1	 1	 5	 12.791489	 2.722827
2	 1	 1	 6	 12.617977	 1.964996
2	 1	 2	 1	 11.729469	 2.317150
2	 1	 2	 2	 11.101110	 1.810507
2	 1	 2	 3	 13.850500	 0.018263
2	 1	 2	 4	 14.841036	 2.159333
2	 1	 2	 5	 16.300410	 2.612814
2	 1	 2	 6	 15.913411	 2.246850
2	 1	 3	 1	 13.948707	 3.248072
2	 1	 3	 2	 15.024153	 2.908196
2	 1	 3	 3	 12.535367	 1.853345
2	 1	 3	 4	 11.468864	 4.054923
2	 1	 3	 5	 15.240000	 0.023824
2	 1	 3	 6	 12.551973	 1.814302
2	 1	 4	 1	 13.637693	 2.184682
2	 1	 4	 2	 11.043270	 2.154035
2	 1	 4	 3	 10.227901	 2.306082
2	 1	 4	 4	 12.994975	 2.644161
2	 1	 4	 5	 12.099424	 2.131570
2	 1	 4	 6	 10.981304	 2.419530
2	 1	 5	 1	 12.128508	 3.204573
2	 1	 5	 2	 11.664797	 2.505698
2	 1	 5	 3	 10.521383	 2.758512
2	 1	 5	 4	 12.485392	 2.516803
2	 1	 5	 5	 11.320000	 5.596967
2	 1	 5	 6	 15.235842	 4.645472
2	 1	 6	 1	 13.891892	 5.749735
2	 1	 6	 2	 18.191100	 0.011630
2	 1	 6	 3	 12.666667	 5.077090
2	 1	 6	 4	 8.909091	 7.494665
2	 1	 6	 5	 8.365079	 5.043401
2	 1	 6	 6	 19.876300	 0.197277
2	 1	 7	 1	 12.910145	 7.079283
2	 1	 7	 2	 8.554771	 7.129083
2	 1	 7	 3	 -1.895495	 10.812735
2	 1	 7	 4	 8.646649	 14.794859
2	 1	 7	 5	 13.006900	 0.222250
2	 1	 7	 6	 16.767000	 0.193318
2	 2	 1	 1	 17.166061	 5.391734
2	 2	 1	 2	 18.209700	 0.022215
2	 2	 1	 3	 15.877732	 2.959753
2	 2	 1	 4	 16.678261	 2.593946
2	 2	 1	 5	 17.577100	 0.022152
2	 2	 1	 6	 17.011111	 2.458334
2	 2	 2	 1	 19.105036	 3.092251
2	 2	 2	 2	 19.183924	 3.156896
2	 2	 2	 3	 18.487728	 3.276213
2	 2	 2	 4	 18.272892	 3.517036
2	 2	 2	 5	 14.370927	 2.879969
2	 2	 2	 6	 15.731630	 2.799970
2	 2	 3	 1	 12.735999	 1.718780
2	 2	 3	 2	 14.786667	 2.992345
2	 2	 3	 3	 10.522740	 2.044541
2	 2	 3	 4	 12.964200	 0.028657
2	 2	 3	 5	 12.069048	 2.599159
2	 2	 3	 6	 13.682300	 0.024500
2	 2	 4	 1	 14.949754	 3.342940
2	 2	 4	 2	 15.450101	 2.388579
2	 2	 4	 3	 15.644123	 3.344000
2	 2	 4	 4	 11.989192	 1.911969
2	 2	 4	 5	 18.781500	 0.032488
2	 2	 4	 6	 16.612900	 0.035482
2	 2	 5	 1	 10.701655	 3.326423
2	 2	 5	 2	 12.243766	 2.462493
2	 2	 5	 3	 9.878269	 3.060332
2	 2	 5	 4	 10.923418	 3.234663
2	 2	 5	 5	 11.089809	 3.129149
2	 2	 5	 6	 16.357047	 3.504859
2	 2	 6	 1	 13.846465	 6.188928
2	 2	 6	 2	 11.493333	 10.414049
2	 2	 6	 3	 14.960000	 6.175953
2	 2	 6	 4	 8.737614	 5.771414
2	 2	 6	 5	 7.917930	 8.826825
2	 2	 6	 6	 16.770370	 7.617468
2	 2	 7	 1	 14.656200	 0.146483
2	 2	 7	 2	 15.381000	 0.690234
2	 2	 7	 3	 18.084800	 0.313706
2	 2	 7	 4	 15.068000	 0.211912
2	 2	 7	 5	 15.643400	 0.257461
2	 2	 7	 6	 11.152400	 8.881933
2	 3	 1	 1	 30.367500	 2.363320
2	 3	 1	 2	 24.590438	 7.652658
2	 3	 1	 3	 23.417900	 0.045471
2	 3	 1	 4	 15.531959	 2.741628
2	 3	 1	 5	 17.411800	 0.029133
2	 3	 1	 6	 17.352900	 0.028629
2	 3	 2	 1	 17.909186	 3.492717
2	 3	 2	 2	 18.567300	 0.024969
2	 3	 2	 3	 18.006100	 0.026830
2	 3	 2	 4	 16.911111	 3.650156
2	 3	 2	 5	 14.338413	 3.335175
2	 3	 2	 6	 14.157433	 4.290926
2	 3	 3	 1	 17.584500	 0.028820
2	 3	 3	 2	 15.263095	 3.985513
2	 3	 3	 3	 14.088696	 4.096980
2	 3	 3	 4	 17.653100	 0.040635
2	 3	 3	 5	 2.437720	 8.222010
2	 3	 3	 6	 17.939700	 0.043994
2	 3	 4	 1	 19.853000	 0.036497
2	 3	 4	 2	 16.513043	 4.338091
2	 3	 4	 3	 15.295061	 4.610343
2	 3	 4	 4	 19.186957	 3.944118
2	 3	 4	 5	 17.492063	 4.468223
2	 3	 4	 6	 17.372603	 4.759674
2	 3	 5	 1	 14.483951	 5.781145
2	 3	 5	 2	 17.231995	 5.537654
2	 3	 5	 3	 18.721958	 5.094195
2	 3	 5	 4	 14.605935	 5.214520
2	 3	 5	 5	 19.283400	 0.105252
2	 3	 5	 6	 18.015705	 6.566459
2	 3	 6	 1	 18.006607	 6.119078
2	 3	 6	 2	 19.970989	 9.562948
2	 3	 6	 3	 15.800005	 10.315735
2	 3	 6	 4	 23.177839	 13.031560
2	 3	 6	 5	 16.738810	 20.315321
2	 3	 6	 6	 8.422257	 21.456289
2	 3	 7	 1	 13.381060	 15.704171
2	 3	 7	 2	 20.043069	 14.220068
2	 3	 7	 3	 15.478500	 0.798274
2	 3	 7	 4	 16.918900	 1.355320
2	 3	 7	 5	 20.921800	 9.533030
2	 3	 7	 6	 19.352600	 2.710580
2	 4	 1	 1	 34.784500	 6.497670
2	 4	 1	 2	 19.971100	 0.162418
2	 4	 1	 3	 19.404400	 0.062235
2	 4	 1	 4	 18.745414	 4.542338
2	 4	 1	 5	 18.918700	 0.035261
2	 4	 1	 6	 19.693600	 0.030044
2	 4	 2	 1	 15.897045	 4.346280
2	 4	 2	 2	 18.644700	 0.025379
2	 4	 2	 3	 13.766725	 5.113448
2	 4	 2	 4	 17.558986	 4.337468
2	 4	 2	 5	 17.397183	 3.893353
2	 4	 2	 6	 14.890628	 4.626515
2	 4	 3	 1	 8.747387	 5.291026
2	 4	 3	 2	 13.541243	 4.407263
2	 4	 3	 3	 12.330490	 4.690071
2	 4	 3	 4	 14.711953	 4.507945
2	 4	 3	 5	 11.068208	 5.476610
2	 4	 3	 6	 19.344500	 0.040019
2	 4	 4	 1	 15.069983	 4.472074
2	 4	 4	 2	 17.382800	 0.051908
2	 4	 4	 3	 15.913587	 4.903314
2	 4	 4	 4	 13.973498	 5.536665
2	 4	 4	 5	 18.172432	 4.586591
2	 4	 4	 6	 16.280690	 5.143050
2	 4	 5	 1	 18.026200	 0.067306
2	 4	 5	 2	 13.333149	 6.881268
2	 4	 5	 3	 14.037272	 7.004041
2	 4	 5	 4	 7.666436	 6.577325
2	 4	 5	 5	 19.504887	 6.736641
2	 4	 5	 6	 19.174100	 0.121574
2	 4	 6	 1	 14.554007	 7.830921
2	 4	 6	 2	 18.768300	 0.425495
2	 4	 6	 3	 12.067039	 7.588620
2	 4	 6	 4	 19.737464	 9.883268
2	 4	 6	 5	 18.709117	 12.872945
2	 4	 6	 6	 12.030687	 11.497533
2	 4	 7	 1	 13.691982	 21.409547
2	 4	 7	 2	 -2.127827	 34.556729
2	 4	 7	 3	 12.011390	 52.397901
2	 4	 7	 4	 14.647400	 1.266970
2	 4	 7	 5	 15.990100	 1.997930
2	 4	 7	 6	 26.817000	 21.482100
2	 5	 1	 1	 17.835700	 1.543640
2	 5	 1	 2	 30.881400	 0.023863
2	 5	 1	 3	 30.156000	 0.051452
2	 5	 1	 4	 29.482800	 0.042090
2	 5	 1	 5	 32.007500	 0.010591
2	 5	 1	 6	 30.988800	 0.012624
2	 5	 2	 1	 30.932800	 0.008872
2	 5	 2	 2	 24.103352	 7.371158
2	 5	 2	 3	 32.055300	 0.009328
2	 5	 2	 4	 18.591150	 8.179592
2	 5	 2	 5	 27.764804	 6.816053
2	 5	 2	 6	 31.697458	 5.381862
2	 5	 3	 1	 29.727940	 5.467697
2	 5	 3	 2	 33.136200	 0.034956
2	 5	 3	 3	 33.227298	 4.823335
2	 5	 3	 4	 25.388561	 6.507620
2	 5	 3	 5	 34.362400	 4.582918
2	 5	 3	 6	 31.734597	 5.592280
2	 5	 4	 1	 27.722646	 6.385975
2	 5	 4	 2	 21.944289	 7.228421
2	 5	 4	 3	 32.129300	 0.070524
2	 5	 4	 4	 30.420500	 0.088530
2	 5	 4	 5	 24.983037	 7.218343
2	 5	 4	 6	 32.564000	 0.099895
2	 5	 5	 1	 31.418500	 0.117673
2	 5	 5	 2	 30.623126	 7.017289
2	 5	 5	 3	 25.052641	 8.184535
2	 5	 5	 4	 33.493435	 6.548900
2	 5	 5	 5	 32.734439	 7.205774
2	 5	 5	 6	 26.453923	 9.704357
2	 5	 6	 1	 21.557741	 12.546200
2	 5	 6	 2	 23.836923	 12.534761
2	 5	 6	 3	 16.946991	 25.779737
2	 5	 6	 4	 34.036703	 13.097966
2	 5	 6	 5	 21.342300	 0.965394
2	 5	 6	 6	 18.868300	 0.836154
2	 5	 7	 1	 6.273641	 37.950549
2	 5	 7	 2	 27.650978	 17.457118
2	 5	 7	 3	 31.913882	 23.826820
2	 5	 7	 4	 25.244784	 31.854112
2	 5	 7	 5	 2.537233	 53.846833
2	 5	 7	 6	 42.927880	 45.192737
2	 6	 1	 1	 19.744255	 6.872395
2	 6	 1	 2	 19.734589	 4.162164
2	 6	 1	 3	 23.535594	 4.890560
2	 6	 1	 4	 21.439699	 3.999455
2	 6	 1	 5	 14.154489	 8.993656
2	 6	 1	 6	 -12.824410	 12.885711
2	 6	 2	 1	 19.630060	 4.139343
2	 6	 2	 2	 22.574481	 5.993269
2	 6	 2	 3	 12.560153	 10.424894
2	 6	 2	 4	 25.175400	 0.018887
2	 6	 2	 5	 27.306800	 0.028619
2	 6	 2	 6	 30.962022	 8.970336
2	 6	 3	 1	 3.409556	 11.429822
2	 6	 3	 2	 25.010511	 5.040663
2	 6	 3	 3	 30.709400	 0.010397
2	 6	 3	 4	 25.150102	 4.325458
2	 6	 3	 5	 28.014500	 0.048575
2	 6	 3	 6	 30.546200	 0.056641
2	 6	 4	 1	 28.791500	 0.064625
2	 6	 4	 2	 21.161401	 7.864515
2	 6	 4	 3	 24.645157	 4.586329
2	 6	 4	 4	 27.976100	 0.090032
2	 6	 4	 5	 28.145200	 0.094492
2	 6	 4	 6	 20.800088	 4.313911
2	 6	 5	 1	 23.113909	 5.446629
2	 6	 5	 2	 24.909989	 5.220099
2	 6	 5	 3	 19.183701	 5.043316
2	 6	 5	 4	 24.948696	 5.441823
2	 6	 5	 5	 19.035288	 5.251682
2	 6	 5	 6	 19.982804	 5.671006
2	 6	 6	 1	 23.166921	 5.766463
2	 6	 6	 2	 31.438705	 9.141885
2	 6	 6	 3	 18.027166	 7.110236
2	 6	 6	 4	 11.107515	 15.902205
2	 6	 6	 5	 22.008650	 18.852049
2	 6	 6	 6	 28.846300	 0.109236
2	 6	 7	 1	 30.283108	 18.158483
2	 6	 7	 2	 -18.042101	 50.269988
2	 6	 7	 3	 26.911111	 14.875096
2	 6	 7	 4	 23.360800	 1.712620
2	 6	 7	 5	 21.846855	 20.197579
2	 6	 7	 6	 28.401800	 4.021000
3	 1	 1	 1	 40.473500	 0.035350
3	 1	 1	 2	 40.138886	 6.601918
3	 1	 1	 3	 40.909363	 4.899179
3	 1	 1	 4	 39.431385	 5.848008
3	 1	 1	 5	 38.196675	 4.157397
3	 1	 1	 6	 39.682171	 5.332898
3	 1	 2	 1	 40.607874	 4.912910
3	 1	 2	 2	 42.416160	 6.271500
3	 1	 2	 3	 40.466289	 5.281148
3	 1	 2	 4	 42.869773	 6.529437
3	 1	 2	 5	 40.796883	 3.918531
3	 1	 2	 6	 41.102700	 0.016449
3	 1	 3	 1	 39.478788	 5.874716
3	 1	 3	 2	 40.673087	 5.492300
3	 1	 3	 3	 40.041834	 6.077700
3	 1	 3	 4	 40.329977	 5.933398
3	 1	 3	 5	 41.668900	 0.022130
3	 1	 3	 6	 37.977405	 7.607126
3	 1	 4	 1	 40.265963	 4.838396
3	 1	 4	 2	 42.972300	 0.022265
3	 1	 4	 3	 36.554797	 6.527053
3	 1	 4	 4	 41.033880	 6.924109
3	 1	 4	 5	 40.822877	 7.174577
3	 1	 4	 6	 39.833350	 5.675566
3	 1	 5	 1	 36.610644	 10.350021
3	 1	 5	 2	 40.303500	 0.032096
3	 1	 5	 3	 37.967849	 7.054629
3	 1	 5	 4	 37.862365	 11.485011
3	 1	 5	 5	 39.879611	 9.712521
3	 1	 5	 6	 40.844444	 9.446201
3	 1	 6	 1	 39.938739	 12.031356
3	 1	 6	 2	 41.333700	 0.049618
3	 1	 6	 3	 40.479532	 13.583246
3	 1	 6	 4	 42.424490	 16.760003
3	 1	 6	 5	 38.449768	 27.251878
3	 1	 6	 6	 35.249123	 38.491232
3	 1	 7	 1	 42.852321	 14.561497
3	 1	 7	 2	 40.190446	 16.370330
3	 1	 7	 3	 45.851852	 26.440008
3	 1	 7	 4	 -50.396008	 245.929848
3	 1	 7	 5	 43.621000	 0.161231
3	 1	 7	 6	 42.899500	 0.176222
3	 2	 1	 1	 41.427939	 10.174446
3	 2	 1	 2	 45.039158	 8.695460
3	 2	 1	 3	 43.549804	 6.456666
3	 2	 1	 4	 42.462222	 6.309394
3	 2	 1	 5	 39.973788	 7.505552
3	 2	 1	 6	 44.683239	 5.247283
3	 2	 2	 1	 43.793481	 5.730714
3	 2	 2	 2	 44.418600	 8.049126
3	 2	 2	 3	 43.934378	 5.947056
3	 2	 2	 4	 42.542112	 6.964064
3	 2	 2	 5	 42.502478	 6.927299
3	 2	 2	 6	 44.720300	 0.019611
3	 2	 3	 1	 41.621818	 7.520238
3	 2	 3	 2	 42.250292	 5.171746
3	 2	 3	 3	 39.303757	 8.961246
3	 2	 3	 4	 41.633333	 8.069815
3	 2	 3	 5	 42.093240	 5.638532
3	 2	 3	 6	 41.684848	 7.908773
3	 2	 4	 1	 39.314085	 5.121250
3	 2	 4	 2	 41.828268	 8.195019
3	 2	 4	 3	 37.722417	 8.218788
3	 2	 4	 4	 41.267909	 8.974085
3	 2	 4	 5	 39.334729	 7.596302
3	 2	 4	 6	 39.764912	 8.285729
3	 2	 5	 1	 38.102837	 7.184760
3	 2	 5	 2	 44.406100	 0.038069
3	 2	 5	 3	 35.589937	 11.613068
3	 2	 5	 4	 44.549325	 8.948957
3	 2	 5	 5	 38.615873	 11.465297
3	 2	 5	 6	 42.163137	 12.052739
3	 2	 6	 1	 36.121742	 19.078501
3	 2	 6	 2	 42.237000	 0.051937
3	 2	 6	 3	 39.523809	 18.374979
3	 2	 6	 4	 33.466667	 27.945845
3	 2	 6	 5	 42.306000	 0.019735
3	 2	 6	 6	 43.001500	 0.091867
3	 2	 7	 1	 43.036200	 0.103410
3	 2	 7	 2	 43.386667	 22.676429
3	 2	 7	 3	 36.733776	 18.931876
3	 2	 7	 4	 44.913500	 0.155239
3	 2	 7	 5	 43.109900	 0.261522
3	 2	 7	 6	 44.654500	 0.243205
3	 3	 1	 1	 52.136776	 32.643719
3	 3	 1	 2	 40.617816	 12.653992
3	 3	 1	 3	 40.678500	 0.048930
3	 3	 1	 4	 41.680128	 7.467008
3	 3	 1	 5	 41.761638	 6.518722
3	 3	 1	 6	 44.163700	 0.030400
3	 3	 2	 1	 39.843341	 10.152727
3	 3	 2	 2	 42.371807	 8.641427
3	 3	 2	 3	 38.347012	 7.477326
3	 3	 2	 4	 42.525926	 8.842377
3	 3	 2	 5	 42.715618	 6.349815
3	 3	 2	 6	 44.982753	 8.177250
3	 3	 3	 1	 44.505533	 7.506388
3	 3	 3	 2	 43.858997	 7.875905
3	 3	 3	 3	 42.928012	 8.728802
3	 3	 3	 4	 45.584753	 7.680343
3	 3	 3	 5	 43.851179	 8.841631
3	 3	 3	 6	 41.461869	 6.895764
3	 3	 4	 1	 41.048359	 7.255453
3	 3	 4	 2	 43.662531	 6.805614
3	 3	 4	 3	 46.130542	 6.487900
3	 3	 4	 4	 35.227191	 9.086271
3	 3	 4	 5	 37.052909	 6.986103
3	 3	 4	 6	 36.836968	 7.073861
3	 3	 5	 1	 33.507247	 12.410154
3	 3	 5	 2	 37.352527	 8.641240
3	 3	 5	 3	 43.391200	 0.068461
3	 3	 5	 4	 39.866307	 9.236416
3	 3	 5	 5	 45.652300	 0.120991
3	 3	 5	 6	 44.369366	 17.930421
3	 3	 6	 1	 44.306100	 0.113426
3	 3	 6	 2	 42.894100	 0.134270
3	 3	 6	 3	 37.402173	 17.560585
3	 3	 6	 4	 35.581894	 23.356085
3	 3	 6	 5	 45.245951	 42.139431
3	 3	 6	 6	 29.338861	 34.839068
3	 3	 7	 1	 41.866200	 0.433051
3	 3	 7	 2	 42.407700	 0.512733
3	 3	 7	 3	 39.725200	 0.693647
3	 3	 7	 4	 40.610300	 1.415060
3	 3	 7	 5	 40.479900	 1.746690
3	 3	 7	 6	 43.702700	 18.623600
3	 4	 1	 1	 54.088200	 5.662000
3	 4	 1	 2	 42.160266	 9.100309
3	 4	 1	 3	 43.423200	 0.051981
3	 4	 1	 4	 43.524500	 0.038008
3	 4	 1	 5	 43.658900	 0.032020
3	 4	 1	 6	 40.268856	 8.776226
3	 4	 2	 1	 42.506500	 0.028098
3	 4	 2	 2	 34.110504	 10.630145
3	 4	 2	 3	 44.449100	 0.029684
3	 4	 2	 4	 41.380456	 6.293961
3	 4	 2	 5	 42.528131	 5.989783
3	 4	 2	 6	 43.511071	 7.574702
3	 4	 3	 1	 39.695906	 8.107743
3	 4	 3	 2	 37.266771	 12.301492
3	 4	 3	 3	 44.720651	 5.103518
3	 4	 3	 4	 43.375900	 0.039088
3	 4	 3	 5	 38.683437	 9.413004
3	 4	 3	 6	 41.724077	 8.194584
3	 4	 4	 1	 45.658915	 10.300544
3	 4	 4	 2	 41.812191	 11.714407
3	 4	 4	 3	 40.624406	 13.113235
3	 4	 4	 4	 38.204138	 6.393959
3	 4	 4	 5	 41.262093	 6.531628
3	 4	 4	 6	 43.632249	 13.838969
3	 4	 5	 1	 41.089843	 8.410884
3	 4	 5	 2	 45.031787	 7.555355
3	 4	 5	 3	 42.666610	 9.233425
3	 4	 5	 4	 33.272623	 24.044204
3	 4	 5	 5	 41.206254	 20.584969
3	 4	 5	 6	 37.287365	 14.592483
3	 4	 6	 1	 45.631354	 15.788426
3	 4	 6	 2	 54.729364	 14.300098
3	 4	 6	 3	 42.495262	 22.950677
3	 4	 6	 4	 38.322028	 14.711797
3	 4	 6	 5	 48.773672	 39.659956
3	 4	 6	 6	 54.467824	 39.176123
3	 4	 7	 1	 7.611943	 78.837396
3	 4	 7	 2	 47.896400	 0.670948
3	 4	 7	 3	 32.790377	 37.540466
3	 4	 7	 4	 35.627481	 21.113396
3	 4	 7	 5	 42.327600	 1.866040
3	 4	 7	 6	 47.095200	 2.295420
3	 5	 1	 1	 53.707000	 7.210680
3	 5	 1	 2	 67.422672	 14.231347
3	 5	 1	 3	 73.858900	 0.033158
3	 5	 1	 4	 72.759900	 0.031451
3	 5	 1	 5	 73.953100	 0.039983
3	 5	 1	 6	 68.972087	 8.712348
3	 5	 2	 1	 72.701500	 0.016100
3	 5	 2	 2	 68.325229	 12.754334
3	 5	 2	 3	 72.737704	 10.875693
3	 5	 2	 4	 69.768302	 8.785758
3	 5	 2	 5	 64.697585	 10.568088
3	 5	 2	 6	 47.072017	 25.776329
3	 5	 3	 1	 74.826400	 0.032694
3	 5	 3	 2	 73.446092	 10.116104
3	 5	 3	 3	 70.181120	 11.705448
3	 5	 3	 4	 75.292634	 8.965861
3	 5	 3	 5	 72.349176	 10.696031
3	 5	 3	 6	 70.119067	 11.970147
3	 5	 4	 1	 70.449041	 11.515287
3	 5	 4	 2	 67.822356	 13.204983
3	 5	 4	 3	 68.299347	 12.823751
3	 5	 4	 4	 68.048140	 13.131112
3	 5	 4	 5	 69.866645	 12.554227
3	 5	 4	 6	 69.770822	 13.639068
3	 5	 5	 1	 58.833687	 13.417425
3	 5	 5	 2	 64.849806	 12.235297
3	 5	 5	 3	 61.967622	 12.912934
3	 5	 5	 4	 57.597213	 10.601122
3	 5	 5	 5	 54.442106	 9.298774
3	 5	 5	 6	 57.076333	 13.054900
3	 5	 6	 1	 62.708354	 18.687980
3	 5	 6	 2	 63.622015	 19.751196
3	 5	 6	 3	 59.032400	 0.290654
3	 5	 6	 4	 56.347800	 0.266287
3	 5	 6	 5	 66.676245	 28.625537
3	 5	 6	 6	 58.490000	 0.958898
3	 5	 7	 1	 48.504341	 36.165142
3	 5	 7	 2	 58.661117	 37.290729
3	 5	 7	 3	 54.663791	 26.921789
3	 5	 7	 4	 51.292000	 2.537120
3	 5	 7	 5	 55.274347	 71.610870
3	 5	 7	 6	 63.283900	 12.885000
3	 6	 1	 1	 60.857131	 20.254456
3	 6	 1	 2	 69.336167	 10.425518
3	 6	 1	 3	 64.664786	 12.842640
3	 6	 1	 4	 62.438813	 13.590348
3	 6	 1	 5	 65.075398	 11.074678
3	 6	 1	 6	 57.490896	 13.744751
3	 6	 2	 1	 63.250870	 14.960693
3	 6	 2	 2	 69.763800	 0.034511
3	 6	 2	 3	 66.119811	 15.057968
3	 6	 2	 4	 70.683709	 13.043058
3	 6	 2	 5	 62.274346	 11.604223
3	 6	 2	 6	 68.444631	 13.562573
3	 6	 3	 1	 63.729427	 10.591661
3	 6	 3	 2	 70.174300	 0.039634
3	 6	 3	 3	 58.839036	 16.940796
3	 6	 3	 4	 59.103912	 16.317651
3	 6	 3	 5	 66.938899	 13.544085
3	 6	 3	 6	 60.058972	 16.240259
3	 6	 4	 1	 70.459100	 0.072258
3	 6	 4	 2	 70.020100	 0.075034
3	 6	 4	 3	 72.766200	 0.163580
3	 6	 4	 4	 64.908688	 14.763070
3	 6	 4	 5	 61.006411	 11.942389
3	 6	 4	 6	 64.114430	 17.270558
3	 6	 5	 1	 56.065405	 7.886924
3	 6	 5	 2	 51.370167	 12.956694
3	 6	 5	 3	 53.927835	 8.578114
3	 6	 5	 4	 55.692871	 8.463111
3	 6	 5	 5	 50.277710	 10.917690
3	 6	 5	 6	 56.761353	 17.345467
3	 6	 6	 1	 52.411384	 23.229144
3	 6	 6	 2	 56.134832	 12.657173
3	 6	 6	 3	 62.583703	 16.593791
3	 6	 6	 4	 49.103500	 0.695749
3	 6	 6	 5	 59.080648	 20.669647
3	 6	 6	 6	 51.783139	 17.755036
3	 6	 7	 1	 42.463461	 26.792276
3	 6	 7	 2	 44.275800	 1.321450
3	 6	 7	 3	 53.986533	 35.398527
3	 6	 7	 4	 53.986500	 1.638570
3	 6	 7	 5	 33.075134	 22.195919
3	 6	 7	 6	 44.688855	 29.690341
4	 1	 1	 1	 7.228540	 0.038349
4	 1	 1	 2	 8.018100	 0.019535
4	 1	 1	 3	 7.828020	 0.016713
4	 1	 1	 4	 5.919464	 1.101860
4	 1	 1	 5	 6.617214	 1.031575
4	 1	 1	 6	 5.888244	 1.201207
4	 1	 2	 1	 6.171429	 1.137723
4	 1	 2	 2	 6.598607	 1.200070
4	 1	 2	 3	 4.257277	 1.410820
4	 1	 2	 4	 5.927348	 1.213210
4	 1	 2	 5	 6.900840	 0.016562
4	 1	 2	 6	 8.416850	 0.017104
4	 1	 3	 1	 5.184000	 1.369817
4	 1	 3	 2	 6.387879	 1.265848
4	 1	 3	 3	 7.325890	 0.017657
4	 1	 3	 4	 5.419030	 1.069160
4	 1	 3	 5	 6.012075	 1.368091
4	 1	 3	 6	 5.077873	 1.530214
4	 1	 4	 1	 5.636658	 1.173474
4	 1	 4	 2	 5.815385	 2.474102
4	 1	 4	 3	 1.385933	 3.325055
4	 1	 4	 4	 5.411142	 1.301607
4	 1	 4	 5	 5.475381	 2.659217
4	 1	 4	 6	 6.703030	 2.669510
4	 1	 5	 1	 4.014846	 1.622232
4	 1	 5	 2	 6.359229	 2.984993
4	 1	 5	 3	 4.900071	 1.709104
4	 1	 5	 4	 8.440400	 0.035096
4	 1	 5	 5	 2.815218	 2.369150
4	 1	 5	 6	 8.653968	 3.280318
4	 1	 6	 1	 6.696498	 1.882554
4	 1	 6	 2	 8.245420	 0.048054
4	 1	 6	 3	 7.094830	 0.045877
4	 1	 6	 4	 6.224628	 2.530027
4	 1	 6	 5	 7.602060	 0.068145
4	 1	 6	 6	 7.980400	 0.095196
4	 1	 7	 1	 -14.637300	 9.887209
4	 1	 7	 2	 7.403223	 5.622440
4	 1	 7	 3	 6.579710	 4.639837
4	 1	 7	 4	 8.179950	 0.147717
4	 1	 7	 5	 7.753850	 0.135373
4	 1	 7	 6	 7.869340	 0.238131
4	 2	 1	 1	 33.881800	 0.055125
4	 2	 1	 2	 34.585185	 5.133894
4	 2	 1	 3	 33.707264	 4.843228
4	 2	 1	 4	 34.096000	 4.396780
4	 2	 1	 5	 34.497661	 4.089038
4	 2	 1	 6	 34.532300	 0.016833
4	 2	 2	 1	 33.353178	 4.451029
4	 2	 2	 2	 47.743714	 8.496847
4	 2	 2	 3	 32.075572	 5.253231
4	 2	 2	 4	 33.545324	 4.725558
4	 2	 2	 5	 33.577100	 0.017995
4	 2	 2	 6	 32.746152	 3.897984
4	 2	 3	 1	 33.158567	 4.960634
4	 2	 3	 2	 33.933200	 0.019605
4	 2	 3	 3	 29.887335	 3.460048
4	 2	 3	 4	 29.704792	 3.595537
4	 2	 3	 5	 32.807143	 5.713405
4	 2	 3	 6	 31.666032	 6.120408
4	 2	 4	 1	 31.740778	 6.208935
4	 2	 4	 2	 33.099342	 4.329370
4	 2	 4	 3	 33.756800	 0.023184
4	 2	 4	 4	 32.226506	 6.491050
4	 2	 4	 5	 30.687390	 7.593337
4	 2	 4	 6	 32.945901	 4.751001
4	 2	 5	 1	 31.711828	 9.698228
4	 2	 5	 2	 31.402454	 4.734838
4	 2	 5	 3	 33.510103	 5.360439
4	 2	 5	 4	 28.087533	 4.832024
4	 2	 5	 5	 32.661225	 8.339021
4	 2	 5	 6	 31.600000	 9.611795
4	 2	 6	 1	 31.505023	 10.560554
4	 2	 6	 2	 32.258886	 7.725803
4	 2	 6	 3	 23.677579	 8.994272
4	 2	 6	 4	 31.911800	 0.080263
4	 2	 6	 5	 30.516667	 15.915113
4	 2	 6	 6	 30.364149	 10.160934
4	 2	 7	 1	 30.274488	 13.220267
4	 2	 7	 2	 32.872300	 0.123501
4	 2	 7	 3	 31.166667	 24.787951
4	 2	 7	 4	 31.391366	 44.327269
4	 2	 7	 5	 31.967000	 0.155404
4	 2	 7	 6	 31.213900	 0.167025
4	 3	 1	 1	 7.547916	 25.907245
4	 3	 1	 2	 16.442200	 0.076953
4	 3	 1	 3	 16.310800	 0.038579
4	 3	 1	 4	 17.135000	 0.033759
4	 3	 1	 5	 16.684100	 0.039058
4	 3	 1	 6	 16.579800	 0.033707
4	 3	 2	 1	 13.350800	 0.029328
4	 3	 2	 2	 14.244103	 2.579506
4	 3	 2	 3	 9.401515	 3.634151
4	 3	 2	 4	 9.269550	 3.552700
4	 3	 2	 5	 13.743731	 2.969076
4	 3	 2	 6	 9.307520	 2.897237
4	 3	 3	 1	 10.278939	 3.233935
4	 3	 3	 2	 11.476364	 3.017561
4	 3	 3	 3	 10.940741	 3.111637
4	 3	 3	 4	 11.055346	 3.242742
4	 3	 3	 5	 14.547000	 0.037782
4	 3	 3	 6	 13.297481	 2.922738
4	 3	 4	 1	 11.940200	 2.386463
4	 3	 4	 2	 13.549020	 3.126214
4	 3	 4	 3	 10.079015	 2.929787
4	 3	 4	 4	 13.682852	 3.230835
4	 3	 4	 5	 12.647442	 2.720190
4	 3	 4	 6	 15.141800	 0.051119
4	 3	 5	 1	 9.072022	 3.843170
4	 3	 5	 2	 10.981382	 4.516913
4	 3	 5	 3	 12.297769	 3.560377
4	 3	 5	 4	 12.176156	 5.176723
4	 3	 5	 5	 11.532283	 6.083738
4	 3	 5	 6	 6.342983	 12.795889
4	 3	 6	 1	 11.726566	 5.326785
4	 3	 6	 2	 13.113169	 6.322227
4	 3	 6	 3	 10.146771	 15.263979
4	 3	 6	 4	 6.153503	 13.430501
4	 3	 6	 5	 12.165350	 16.570283
4	 3	 6	 6	 -19.903768	 21.844810
4	 3	 7	 1	 15.626800	 0.241189
4	 3	 7	 2	 -47.129723	 202.517239
4	 3	 7	 3	 5.699186	 10.888951
4	 3	 7	 4	 18.790300	 0.580228
4	 3	 7	 5	 9.131100	 1.837770
4	 3	 7	 6	 16.543100	 1.859180
4	 4	 1	 1	 15.831900	 5.969970
4	 4	 1	 2	 17.621781	 4.451100
4	 4	 1	 3	 16.258000	 0.054319
4	 4	 1	 4	 12.885196	 3.764942
4	 4	 1	 5	 15.209603	 3.079026
4	 4	 1	 6	 15.246911	 3.107451
4	 4	 2	 1	 15.042615	 2.877501
4	 4	 2	 2	 14.854397	 2.879993
4	 4	 2	 3	 14.734085	 2.887322
4	 4	 2	 4	 11.325321	 3.343584
4	 4	 2	 5	 15.079600	 0.030785
4	 4	 2	 6	 5.441792	 3.028326
4	 4	 3	 1	 10.992028	 2.538445
4	 4	 3	 2	 12.997371	 2.925599
4	 4	 3	 3	 4.441522	 3.155859
4	 4	 3	 4	 9.662827	 3.577686
4	 4	 3	 5	 12.730696	 3.142264
4	 4	 3	 6	 11.060492	 3.449529
4	 4	 4	 1	 15.129100	 0.051988
4	 4	 4	 2	 7.325742	 3.293675
4	 4	 4	 3	 13.386347	 3.308756
4	 4	 4	 4	 12.067696	 3.727909
4	 4	 4	 5	 13.172946	 3.708185
4	 4	 4	 6	 11.363163	 4.723250
4	 4	 5	 1	 1.976593	 9.318168
4	 4	 5	 2	 -0.566784	 7.586883
4	 4	 5	 3	 7.227653	 4.696175
4	 4	 5	 4	 5.141458	 10.036072
4	 4	 5	 5	 13.058868	 4.429447
4	 4	 5	 6	 8.429987	 8.774713
4	 4	 6	 1	 16.661525	 9.945291
4	 4	 6	 2	 18.260100	 0.166126
4	 4	 6	 3	 8.591355	 6.717929
4	 4	 6	 4	 16.244500	 0.214010
4	 4	 6	 5	 12.272920	 10.962101
4	 4	 6	 6	 19.894298	 14.512711
4	 4	 7	 1	 23.329093	 15.263249
4	 4	 7	 2	 10.551482	 11.044082
4	 4	 7	 3	 10.660740	 1.094060
4	 4	 7	 4	 15.350819	 30.465746
4	 4	 7	 5	 9.903180	 1.744610
4	 4	 7	 6	 8.659490	 4.105340
4	 5	 1	 1	 48.925949	 10.669816
4	 5	 1	 2	 52.955700	 0.181315
4	 5	 1	 3	 53.811700	 0.064645
4	 5	 1	 4	 52.778000	 0.049128
4	 5	 1	 5	 55.196300	 0.010727
4	 5	 1	 6	 53.927400	 0.085670
4	 5	 2	 1	 54.353200	 0.023119
4	 5	 2	 2	 55.125200	 0.020826
4	 5	 2	 3	 40.015573	 13.410151
4	 5	 2	 4	 55.390900	 0.013711
4	 5	 2	 5	 57.181800	 0.027097
4	 5	 2	 6	 46.880829	 11.212091
4	 5	 3	 1	 58.032700	 0.033428
4	 5	 3	 2	 56.599100	 0.035024
4	 5	 3	 3	 57.290100	 0.040137
4	 5	 3	 4	 53.212801	 8.641194
4	 5	 3	 5	 57.353100	 0.049304
4	 5	 3	 6	 53.158925	 8.879197
4	 5	 4	 1	 55.614270	 8.205453
4	 5	 4	 2	 58.120000	 0.061538
4	 5	 4	 3	 50.940499	 9.777371
4	 5	 4	 4	 49.785286	 10.273663
4	 5	 4	 5	 52.454504	 10.231153
4	 5	 4	 6	 52.858976	 10.307151
4	 5	 5	 1	 55.300300	 0.110143
4	 5	 5	 2	 48.762380	 6.722487
4	 5	 5	 3	 54.882324	 11.052892
4	 5	 5	 4	 43.188733	 17.009482
4	 5	 5	 5	 47.335897	 14.451282
4	 5	 5	 6	 56.927339	 12.626302
4	 5	 6	 1	 47.727474	 19.458095
4	 5	 6	 2	 56.858100	 0.509110
4	 5	 6	 3	 46.126934	 14.368480
4	 5	 6	 4	 55.142200	 1.141880
4	 5	 6	 5	 57.964420	 20.181498
4	 5	 6	 6	 54.473487	 29.924288
4	 5	 7	 1	 41.297000	 0.966351
4	 5	 7	 2	 57.568168	 29.884309
4	 5	 7	 3	 40.723300	 0.587365
4	 5	 7	 4	 45.897400	 1.792610
4	 5	 7	 5	 57.375200	 10.186000
4	 5	 7	 6	 54.651473	 33.864473
4	 6	 1	 1	 45.463172	 10.493210
4	 6	 1	 2	 45.760543	 9.341985
4	 6	 1	 3	 41.327813	 7.814403
4	 6	 1	 4	 41.500801	 7.746440
4	 6	 1	 5	 46.798973	 7.896207
4	 6	 1	 6	 44.544267	 8.559546
4	 6	 2	 1	 47.420439	 8.095515
4	 6	 2	 2	 46.231970	 9.052436
4	 6	 2	 3	 50.855200	 0.028416
4	 6	 2	 4	 55.649500	 0.011003
4	 6	 2	 5	 47.629174	 11.430761
4	 6	 2	 6	 38.991688	 14.080363
4	 6	 3	 1	 49.768705	 10.768696
4	 6	 3	 2	 51.850126	 9.832692
4	 6	 3	 3	 56.049600	 0.023995
4	 6	 3	 4	 46.860577	 7.517248
4	 6	 3	 5	 41.665175	 6.574448
4	 6	 3	 6	 46.421333	 7.576901
4	 6	 4	 1	 50.539038	 6.611557
4	 6	 4	 2	 51.484200	 0.069898
4	 6	 4	 3	 49.206401	 7.466665
4	 6	 4	 4	 52.473100	 1.414210
4	 6	 4	 5	 45.683875	 9.990570
4	 6	 4	 6	 58.516700	 0.465687
4	 6	 5	 1	 48.157505	 12.992622
4	 6	 5	 2	 29.194023	 21.665881
4	 6	 5	 3	 44.558302	 8.041721
4	 6	 5	 4	 49.411046	 9.766634
4	 6	 5	 5	 44.074832	 8.973428
4	 6	 5	 6	 51.524644	 14.590217
4	 6	 6	 1	 47.862178	 16.599778
4	 6	 6	 2	 48.933436	 9.326708
4	 6	 6	 3	 54.482173	 16.593751
4	 6	 6	 4	 43.909517	 24.580125
4	 6	 6	 5	 56.586512	 21.080934
4	 6	 6	 6	 56.891769	 34.027916
4	 6	 7	 1	 41.174751	 42.189740
4	 6	 7	 2	 44.963422	 39.269771
4	 6	 7	 3	 57.568942	 32.437824
4	 6	 7	 4	 55.236500	 7.357000
4	 6	 7	 5	 69.781409	 48.844694
4	 6	 7	 6	 61.414200	 0.724527
5	 1	 1	 1	 42.596416	 11.555022
5	 1	 1	 2	 31.276800	 0.022585
5	 1	 1	 3	 27.027510	 5.272504
5	 1	 1	 4	 24.522500	 0.018046
5	 1	 1	 5	 22.522434	 3.109826
5	 1	 1	 6	 24.713800	 0.018017
5	 1	 2	 1	 26.694295	 3.461349
5	 1	 2	 2	 24.745009	 3.829499
5	 1	 2	 3	 25.905029	 3.752926
5	 1	 2	 4	 28.161366	 3.067049
5	 1	 2	 5	 25.019634	 3.960890
5	 1	 2	 6	 24.286160	 4.335112
5	 1	 3	 1	 26.474438	 3.655285
5	 1	 3	 2	 26.572738	 3.883466
5	 1	 3	 3	 25.839599	 4.118771
5	 1	 3	 4	 25.794046	 4.186717
5	 1	 3	 5	 25.008081	 4.399244
5	 1	 3	 6	 25.640771	 4.426135
5	 1	 4	 1	 27.172700	 0.021336
5	 1	 4	 2	 24.298376	 3.838451
5	 1	 4	 3	 20.527363	 7.094639
5	 1	 4	 4	 27.239829	 4.385987
5	 1	 4	 5	 27.381132	 4.475909
5	 1	 4	 6	 26.380952	 4.981536
5	 1	 5	 1	 26.900280	 3.582891
5	 1	 5	 2	 26.000000	 8.547436
5	 1	 5	 3	 26.616667	 5.749746
5	 1	 5	 4	 27.090909	 5.312483
5	 1	 5	 5	 26.358786	 6.495588
5	 1	 5	 6	 29.580952	 8.399057
5	 1	 6	 1	 24.918814	 6.448308
5	 1	 6	 2	 27.113726	 8.189135
5	 1	 6	 3	 24.484211	 6.560957
5	 1	 6	 4	 27.989100	 0.077764
5	 1	 6	 5	 22.474738	 9.043747
5	 1	 6	 6	 28.557600	 0.095271
5	 1	 7	 1	 22.590895	 10.090266
5	 1	 7	 2	 28.070600	 0.120479
5	 1	 7	 3	 28.321300	 0.132971
5	 1	 7	 4	 30.307900	 0.135324
5	 1	 7	 5	 30.330800	 0.059412
5	 1	 7	 6	 31.516200	 0.230490
5	 2	 1	 1	 2.711111	 2.265185
5	 2	 1	 2	 4.226312	 1.710430
5	 2	 1	 3	 0.187755	 1.958844
5	 2	 1	 4	 2.023388	 0.776646
5	 2	 1	 5	 4.716230	 0.019757
5	 2	 1	 6	 3.800520	 0.017845
5	 2	 2	 1	 2.168502	 0.860925
5	 2	 2	 2	 2.270899	 0.881185
5	 2	 2	 3	 1.728139	 0.952229
5	 2	 2	 4	 2.719662	 0.930791
5	 2	 2	 5	 2.118892	 0.958840
5	 2	 2	 6	 1.102427	 1.084946
5	 2	 3	 1	 0.949434	 1.067652
5	 2	 3	 2	 3.222392	 0.020273
5	 2	 3	 3	 -3.066667	 1.603718
5	 2	 3	 4	 2.744577	 0.935260
5	 2	 3	 5	 1.763279	 1.044008
5	 2	 3	 6	 1.535632	 1.090413
5	 2	 4	 1	 2.148627	 1.057593
5	 2	 4	 2	 2.378195	 0.882510
5	 2	 4	 3	 2.404423	 1.074982
5	 2	 4	 4	 2.632195	 1.082741
5	 2	 4	 5	 2.035955	 1.187733
5	 2	 4	 6	 2.391489	 1.194783
5	 2	 5	 1	 2.683433	 1.202708
5	 2	 5	 2	 0.627322	 1.599221
5	 2	 5	 3	 -1.628326	 0.921272
5	 2	 5	 4	 -0.811650	 1.909067
5	 2	 5	 5	 -0.098749	 1.498441
5	 2	 5	 6	 2.457143	 1.642143
5	 2	 6	 1	 0.494977	 2.084502
5	 2	 6	 2	 3.215529	 0.055153
5	 2	 6	 3	 1.814966	 2.239672
5	 2	 6	 4	 2.983007	 2.095508
5	 2	 6	 5	 1.623529	 2.807972
5	 2	 6	 6	 0.678711	 2.710833
5	 2	 7	 1	 -3.603023	 2.749264
5	 2	 7	 2	 2.889442	 0.235224
5	 2	 7	 3	 -2.131084	 4.860165
5	 2	 7	 4	 -3.587067	 3.966648
5	 2	 7	 5	 -6.641667	 5.429834
5	 2	 7	 6	 4.041310	 0.228274
5	 3	 1	 1	 15.126596	 13.222450
5	 3	 1	 2	 12.662400	 0.109522
5	 3	 1	 3	 11.051050	 0.035381
5	 3	 1	 4	 12.237800	 0.029319
5	 3	 1	 5	 12.267000	 0.027811
5	 3	 1	 6	 12.097910	 0.023795
5	 3	 2	 1	 11.614110	 0.024683
5	 3	 2	 2	 12.057010	 0.023415
5	 3	 2	 3	 12.082560	 0.024468
5	 3	 2	 4	 11.046740	 0.022674
5	 3	 2	 5	 11.661110	 0.026256
5	 3	 2	 6	 9.223244	 2.013186
5	 3	 3	 1	 8.353960	 1.546527
5	 3	 3	 2	 9.633449	 1.819664
5	 3	 3	 3	 10.644820	 0.029169
5	 3	 3	 4	 8.095013	 2.093489
5	 3	 3	 5	 8.556104	 2.065364
5	 3	 3	 6	 9.138112	 1.962817
5	 3	 4	 1	 9.884786	 3.339312
5	 3	 4	 2	 12.232754	 3.046851
5	 3	 4	 3	 3.015748	 4.699322
5	 3	 4	 4	 9.370650	 3.731099
5	 3	 4	 5	 3.107921	 5.016819
5	 3	 4	 6	 8.072701	 2.079343
5	 3	 5	 1	 6.022921	 3.306474
5	 3	 5	 2	 11.436490	 0.056985
5	 3	 5	 3	 7.541680	 5.354333
5	 3	 5	 4	 11.247730	 0.079667
5	 3	 5	 5	 7.493635	 6.195258
5	 3	 5	 6	 9.117358	 4.341383
5	 3	 6	 1	 13.913674	 6.153988
5	 3	 6	 2	 7.306943	 6.710220
5	 3	 6	 3	 -3.355183	 11.903224
5	 3	 6	 4	 11.752821	 9.665190
5	 3	 6	 5	 0.728612	 15.231724
5	 3	 6	 6	 11.790140	 0.144791
5	 3	 7	 1	 10.214400	 0.171780
5	 3	 7	 2	 -0.984913	 12.601729
5	 3	 7	 3	 -4.620433	 17.793988
5	 3	 7	 4	 12.910500	 0.288429
5	 3	 7	 5	 14.147900	 1.111480
5	 3	 7	 6	 9.650920	 3.777730
5	 4	 1	 1	 16.818900	 4.590380
5	 4	 1	 2	 15.767500	 0.428280
5	 4	 1	 3	 11.789730	 0.050407
5	 4	 1	 4	 11.389678	 1.762527
5	 4	 1	 5	 13.262800	 0.032662
5	 4	 1	 6	 12.214670	 0.026378
5	 4	 2	 1	 12.447800	 0.027654
5	 4	 2	 2	 12.041320	 0.025229
5	 4	 2	 3	 11.846880	 0.026043
5	 4	 2	 4	 11.416790	 0.025885
5	 4	 2	 5	 -0.649547	 3.622709
5	 4	 2	 6	 11.406241	 3.061104
5	 4	 3	 1	 12.457200	 0.031081
5	 4	 3	 2	 7.547737	 3.587964
5	 4	 3	 3	 7.493269	 2.128818
5	 4	 3	 4	 12.023090	 0.035075
5	 4	 3	 5	 2.993540	 4.207973
5	 4	 3	 6	 12.453000	 0.043358
5	 4	 4	 1	 13.751800	 0.049715
5	 4	 4	 2	 7.461646	 2.447172
5	 4	 4	 3	 7.490815	 1.819921
5	 4	 4	 4	 9.492345	 2.250545
5	 4	 4	 5	 13.775700	 0.051190
5	 4	 4	 6	 7.466426	 4.397836
5	 4	 5	 1	 12.864800	 0.057336
5	 4	 5	 2	 13.863900	 0.084945
5	 4	 5	 3	 8.693091	 3.388252
5	 4	 5	 4	 15.948625	 4.406070
5	 4	 5	 5	 15.339026	 4.540330
5	 4	 5	 6	 10.435326	 7.269827
5	 4	 6	 1	 2.349835	 7.725522
5	 4	 6	 2	 12.220980	 7.339661
5	 4	 6	 3	 3.297296	 8.038078
5	 4	 6	 4	 8.101702	 8.250602
5	 4	 6	 5	 10.065459	 9.476390
5	 4	 6	 6	 8.927760	 0.493827
5	 4	 7	 1	 18.817795	 17.038388
5	 4	 7	 2	 19.100800	 4.407000
5	 4	 7	 3	 -9.314425	 53.915603
5	 4	 7	 4	 6.734090	 1.356980
5	 4	 7	 5	 19.100800	 4.407000
5	 4	 7	 6	 19.100800	 4.407000
5	 5	 1	 1	 47.772162	 11.106127
5	 5	 1	 2	 46.639300	 23.172000
5	 5	 1	 3	 52.050500	 0.050625
5	 5	 1	 4	 52.079400	 0.045183
5	 5	 1	 5	 51.299400	 0.035349
5	 5	 1	 6	 45.092177	 8.207191
5	 5	 2	 1	 54.629300	 0.014233
5	 5	 2	 2	 54.658900	 0.011176
5	 5	 2	 3	 42.600265	 12.833944
5	 5	 2	 4	 52.135500	 0.027284
5	 5	 2	 5	 53.049800	 0.029603
5	 5	 2	 6	 54.020200	 0.032365
5	 5	 3	 1	 52.978200	 0.034933
5	 5	 3	 2	 52.740500	 0.035655
5	 5	 3	 3	 53.430100	 0.041428
5	 5	 3	 4	 50.901900	 0.040901
5	 5	 3	 5	 37.303975	 13.592171
5	 5	 3	 6	 52.828500	 0.058222
5	 5	 4	 1	 51.400200	 0.059242
5	 5	 4	 2	 49.664517	 6.926953
5	 5	 4	 3	 47.781066	 7.533007
5	 5	 4	 4	 49.662900	 0.068545
5	 5	 4	 5	 50.979288	 6.773730
5	 5	 4	 6	 48.838230	 7.697805
5	 5	 5	 1	 45.138793	 9.247711
5	 5	 5	 2	 44.499650	 10.172335
5	 5	 5	 3	 48.587200	 0.149840
5	 5	 5	 4	 46.832405	 9.502572
5	 5	 5	 5	 48.655535	 9.620680
5	 5	 5	 6	 48.100278	 10.428866
5	 5	 6	 1	 48.352587	 11.836542
5	 5	 6	 2	 48.417000	 0.346050
5	 5	 6	 3	 44.185399	 18.428163
5	 5	 6	 4	 49.211769	 24.702651
5	 5	 6	 5	 44.041636	 17.688706
5	 5	 6	 6	 52.329800	 15.424000
5	 5	 7	 1	 56.601845	 24.569587
5	 5	 7	 2	 52.329800	 15.424000
5	 5	 7	 3	 54.791028	 36.089263
5	 5	 7	 4	 52.859500	 12.138100
5	 5	 7	 5	 43.949300	 3.377560
5	 5	 7	 6	 58.175500	 11.686400
5	 6	 1	 1	 42.397600	 0.417408
5	 6	 1	 2	 43.175350	 9.889911
5	 6	 1	 3	 41.470713	 11.386163
5	 6	 1	 4	 40.506542	 12.989216
5	 6	 1	 5	 46.822600	 0.044206
5	 6	 1	 6	 31.060498	 12.276064
5	 6	 2	 1	 50.416800	 0.031030
5	 6	 2	 2	 49.249457	 7.793466
5	 6	 2	 3	 48.049900	 0.018562
5	 6	 2	 4	 49.899649	 7.348402
5	 6	 2	 5	 50.503200	 0.029467
5	 6	 2	 6	 46.571440	 6.184241
5	 6	 3	 1	 30.445246	 15.777777
5	 6	 3	 2	 50.154300	 0.036026
5	 6	 3	 3	 49.003600	 0.010124
5	 6	 3	 4	 48.126900	 0.075406
5	 6	 3	 5	 48.412900	 0.048646
5	 6	 3	 6	 40.264508	 7.088042
5	 6	 4	 1	 47.184300	 0.077243
5	 6	 4	 2	 47.985700	 0.066982
5	 6	 4	 3	 47.847200	 0.015199
5	 6	 4	 4	 56.787100	 3.394540
5	 6	 4	 5	 48.299389	 8.473209
5	 6	 4	 6	 50.467200	 0.112174
5	 6	 5	 1	 40.666150	 10.777509
5	 6	 5	 2	 45.609753	 9.713252
5	 6	 5	 3	 44.859497	 10.185011
5	 6	 5	 4	 50.878400	 0.186837
5	 6	 5	 5	 47.764248	 10.286354
5	 6	 5	 6	 45.096785	 8.321608
5	 6	 6	 1	 48.681539	 11.636814
5	 6	 6	 2	 49.412736	 11.562767
5	 6	 6	 3	 46.290928	 15.370614
5	 6	 6	 4	 48.768764	 17.154876
5	 6	 6	 5	 38.308636	 17.433824
5	 6	 6	 6	 33.373361	 18.839688
5	 6	 7	 1	 39.461835	 28.445245
5	 6	 7	 2	 34.332849	 35.101060
5	 6	 7	 3	 38.862400	 1.052270
5	 6	 7	 4	 38.352381	 49.807295
5	 6	 7	 5	 35.578638	 38.310719
5	 6	 7	 6	 80.664300	 176.966000
6	 1	 1	 1	 6.772063	 2.049468
6	 1	 1	 2	 6.948148	 1.279307
6	 1	 1	 3	 6.262133	 1.226243
6	 1	 1	 4	 10.186559	 1.388253
6	 1	 1	 5	 9.603437	 1.458544
6	 1	 1	 6	 8.930101	 1.628902
6	 1	 2	 1	 7.333333	 1.764081
6	 1	 2	 2	 8.047991	 1.760195
6	 1	 2	 3	 8.217098	 1.786149
6	 1	 2	 4	 8.303640	 1.824681
6	 1	 2	 5	 7.631170	 1.967148
6	 1	 2	 6	 6.694316	 2.186307
6	 1	 3	 1	 8.855450	 0.018037
6	 1	 3	 2	 6.976947	 2.266507
6	 1	 3	 3	 7.685417	 1.988427
6	 1	 3	 4	 6.430047	 1.318161
6	 1	 3	 5	 8.229025	 2.077877
6	 1	 3	 6	 6.385306	 1.398596
6	 1	 4	 1	 8.887356	 1.964143
6	 1	 4	 2	 7.346155	 1.786000
6	 1	 4	 3	 6.217993	 1.930421
6	 1	 4	 4	 7.143401	 3.048584
6	 1	 4	 5	 9.200000	 2.163042
6	 1	 4	 6	 11.572590	 0.030729
6	 1	 5	 1	 5.473171	 1.828902
6	 1	 5	 2	 6.115315	 1.900672
6	 1	 5	 3	 4.542832	 2.113798
6	 1	 5	 4	 8.671345	 2.902687
6	 1	 5	 5	 9.622006	 2.707477
6	 1	 5	 6	 11.850505	 3.820615
6	 1	 6	 1	 4.649462	 3.036976
6	 1	 6	 2	 5.083041	 3.067684
6	 1	 6	 3	 -0.020202	 6.921015
6	 1	 6	 4	 5.724900	 0.062354
6	 1	 6	 5	 5.539410	 0.081195
6	 1	 6	 6	 -0.701523	 5.551035
6	 1	 7	 1	 2.802659	 6.605297
6	 1	 7	 2	 6.015419	 6.285283
6	 1	 7	 3	 3.224242	 6.308919
6	 1	 7	 4	 0.568965	 9.023498
6	 1	 7	 5	 14.247599	 10.058398
6	 1	 7	 6	 9.139670	 0.047324
6	 2	 1	 1	 8.191338	 4.896030
6	 2	 1	 2	 12.200673	 2.554951
6	 2	 1	 3	 9.375711	 1.822728
6	 2	 1	 4	 10.667060	 0.019143
6	 2	 1	 5	 7.794189	 1.852477
6	 2	 1	 6	 7.924915	 1.832088
6	 2	 2	 1	 6.136405	 1.305525
6	 2	 2	 2	 5.915152	 2.062123
6	 2	 2	 3	 6.579196	 1.222035
6	 2	 2	 4	 8.860606	 1.718269
6	 2	 2	 5	 8.261214	 1.877590
6	 2	 2	 6	 7.557895	 2.001174
6	 2	 3	 1	 4.473197	 2.505371
6	 2	 3	 2	 6.332774	 2.321052
6	 2	 3	 3	 5.239978	 1.152955
6	 2	 3	 4	 5.777561	 2.340921
6	 2	 3	 5	 6.532148	 2.144032
6	 2	 3	 6	 6.705070	 0.023995
6	 2	 4	 1	 8.692198	 2.143335
6	 2	 4	 2	 7.680727	 1.769901
6	 2	 4	 3	 6.891720	 2.578168
6	 2	 4	 4	 4.313978	 1.938165
6	 2	 4	 5	 6.972010	 0.027850
6	 2	 4	 6	 5.945525	 1.370383
6	 2	 5	 1	 8.575723	 2.382104
6	 2	 5	 2	 9.226771	 2.107437
6	 2	 5	 3	 10.229410	 0.039949
6	 2	 5	 4	 5.456341	 1.799930
6	 2	 5	 5	 7.539274	 3.211418
6	 2	 5	 6	 3.648477	 2.170329
6	 2	 6	 1	 1.797646	 1.741191
6	 2	 6	 2	 6.810959	 2.458269
6	 2	 6	 3	 4.181818	 3.786005
6	 2	 6	 4	 7.390077	 4.213996
6	 2	 6	 5	 12.706667	 5.704559
6	 2	 6	 6	 2.400152	 4.406015
6	 2	 7	 1	 9.299207	 4.660910
6	 2	 7	 2	 5.163012	 5.882846
6	 2	 7	 3	 -7.099352	 13.748202
6	 2	 7	 4	 1.047275	 16.295797
6	 2	 7	 5	 6.220430	 0.179757
6	 2	 7	 6	 5.289950	 0.222671
6	 3	 1	 1	 -24.878500	 2.345780
6	 3	 1	 2	 -27.587670	 7.897617
6	 3	 1	 3	 -26.494000	 1.421300
6	 3	 1	 4	 -25.872000	 0.033538
6	 3	 1	 5	 -26.237500	 0.030564
6	 3	 1	 6	 -26.559800	 0.017684
6	 3	 2	 1	 -25.796526	 2.798645
6	 3	 2	 2	 -32.174338	 5.018255
6	 3	 2	 3	 -27.277900	 0.036365
6	 3	 2	 4	 -26.807500	 0.027271
6	 3	 2	 5	 -25.280700	 0.028299
6	 3	 2	 6	 -33.115278	 5.071671
6	 3	 3	 1	 -26.391600	 0.014068
6	 3	 3	 2	 -25.812500	 0.030488
6	 3	 3	 3	 -27.308600	 0.031119
6	 3	 3	 4	 -32.157698	 2.853513
6	 3	 3	 5	 -25.374900	 0.033271
6	 3	 3	 6	 -28.237037	 3.589966
6	 3	 4	 1	 -31.018482	 3.934356
6	 3	 4	 2	 -29.991055	 4.030207
6	 3	 4	 3	 -26.481500	 0.042669
6	 3	 4	 4	 -28.118196	 3.219057
6	 3	 4	 5	 -25.450300	 0.046865
6	 3	 4	 6	 -25.188600	 0.051965
6	 3	 5	 1	 -33.883160	 7.764313
6	 3	 5	 2	 -27.795623	 5.236257
6	 3	 5	 3	 -29.315604	 6.097743
6	 3	 5	 4	 -26.331314	 4.790147
6	 3	 5	 5	 -27.201041	 5.773968
6	 3	 5	 6	 -23.535900	 0.082762
6	 3	 6	 1	 -27.824318	 7.654497
6	 3	 6	 2	 -28.624277	 6.226182
6	 3	 6	 3	 -28.922942	 12.317988
6	 3	 6	 4	 -25.964600	 0.151601
6	 3	 6	 5	 -24.376233	 7.829991
6	 3	 6	 6	 -24.682252	 8.071218
6	 3	 7	 1	 -28.841442	 8.724474
6	 3	 7	 2	 -24.359700	 9.906900
6	 3	 7	 3	 -24.636718	 13.517836
6	 3	 7	 4	 -27.218300	 0.892460
6	 3	 7	 5	 -27.951300	 1.479960
6	 3	 7	 6	 -34.704800	 2.732220
6	 4	 1	 1	 -13.919200	 1.202000
6	 4	 1	 2	 -25.784500	 0.147039
6	 4	 1	 3	 -26.269000	 0.055938
6	 4	 1	 4	 -25.759200	 0.031462
6	 4	 1	 5	 -25.591970	 2.334729
6	 4	 1	 6	 -26.864865	 2.584568
6	 4	 2	 1	 -25.986572	 2.279655
6	 4	 2	 2	 -26.144900	 0.026488
6	 4	 2	 3	 -29.359225	 3.121480
6	 4	 2	 4	 -26.440900	 0.034846
6	 4	 2	 5	 -25.878155	 2.248931
6	 4	 2	 6	 -26.970214	 2.512707
6	 4	 3	 1	 -37.828412	 6.770060
6	 4	 3	 2	 -28.953915	 3.167704
6	 4	 3	 3	 -28.588690	 3.041932
6	 4	 3	 4	 -30.005914	 2.339319
6	 4	 3	 5	 -27.991447	 2.958189
6	 4	 3	 6	 -28.529673	 3.136926
6	 4	 4	 1	 -27.779548	 2.922241
6	 4	 4	 2	 -28.194111	 3.232841
6	 4	 4	 3	 -29.497430	 3.579601
6	 4	 4	 4	 -29.244780	 3.738149
6	 4	 4	 5	 -31.101620	 5.556873
6	 4	 4	 6	 -29.259259	 4.018254
6	 4	 5	 1	 -27.788725	 3.799919
6	 4	 5	 2	 -29.912786	 3.379014
6	 4	 5	 3	 -30.248425	 6.241721
6	 4	 5	 4	 -57.595230	 17.611425
6	 4	 5	 5	 -43.361841	 10.673689
6	 4	 5	 6	 -28.402178	 7.182214
6	 4	 6	 1	 -27.746905	 7.561579
6	 4	 6	 2	 -33.961893	 8.358820
6	 4	 6	 3	 -38.302385	 9.943868
6	 4	 6	 4	 -46.957078	 22.092256
6	 4	 6	 5	 -28.391785	 7.605522
6	 4	 6	 6	 -15.946825	 5.230771
6	 4	 7	 1	 -26.661000	 0.106700
6	 4	 7	 2	 -35.833352	 31.399718
6	 4	 7	 3	 -28.698039	 10.449319
6	 4	 7	 4	 -34.848227	 34.292174
6	 4	 7	 5	 -32.284600	 1.784530
6	 4	 7	 6	 -32.992000	 2.707830
6	 5	 1	 1	 12.811600	 2.964480
6	 5	 1	 2	 25.469600	 0.211970
6	 5	 1	 3	 20.526022	 6.529402
6	 5	 1	 4	 23.010553	 8.495766
6	 5	 1	 5	 0.217147	 12.112428
6	 5	 1	 6	 28.163400	 0.036977
6	 5	 2	 1	 22.157286	 4.550249
6	 5	 2	 2	 27.793600	 0.060359
6	 5	 2	 3	 23.726400	 0.011507
6	 5	 2	 4	 7.317523	 10.420173
6	 5	 2	 5	 26.329290	 6.635599
6	 5	 2	 6	 12.379278	 9.100126
6	 5	 3	 1	 25.157088	 4.125980
6	 5	 3	 2	 20.015302	 3.586304
6	 5	 3	 3	 18.433381	 3.967053
6	 5	 3	 4	 23.345562	 4.592582
6	 5	 3	 5	 25.363440	 4.185457
6	 5	 3	 6	 21.766710	 6.898809
6	 5	 4	 1	 22.396007	 7.216020
6	 5	 4	 2	 32.014200	 0.061982
6	 5	 4	 3	 31.278300	 0.074099
6	 5	 4	 4	 26.161900	 0.082702
6	 5	 4	 5	 18.478391	 5.559045
6	 5	 4	 6	 28.356600	 0.117948
6	 5	 5	 1	 24.688018	 4.875606
6	 5	 5	 2	 19.812726	 8.761809
6	 5	 5	 3	 24.597143	 5.029471
6	 5	 5	 4	 22.068759	 6.072012
6	 5	 5	 5	 19.464171	 6.865496
6	 5	 5	 6	 25.608900	 0.320080
6	 5	 6	 1	 21.074800	 0.371811
6	 5	 6	 2	 24.845596	 8.979600
6	 5	 6	 3	 19.324605	 7.923641
6	 5	 6	 4	 17.732733	 12.245373
6	 5	 6	 5	 26.780298	 9.426321
6	 5	 6	 6	 22.047200	 0.217657
6	 5	 7	 1	 26.127842	 12.962814
6	 5	 7	 2	 18.778209	 15.810721
6	 5	 7	 3	 2.905454	 46.498079
6	 5	 7	 4	 16.845500	 1.783080
6	 5	 7	 5	 15.576100	 2.687400
6	 5	 7	 6	 32.603500	 5.761190
6	 6	 1	 1	 14.765341	 6.494999
6	 6	 1	 2	 18.740984	 7.990784
6	 6	 1	 3	 12.168831	 6.231992
6	 6	 1	 4	 22.280800	 0.068081
6	 6	 1	 5	 17.675988	 4.612190
6	 6	 1	 6	 19.607590	 5.310725
6	 6	 2	 1	 15.220005	 6.007491
6	 6	 2	 2	 10.934842	 7.010136
6	 6	 2	 3	 15.260440	 6.098634
6	 6	 2	 4	 -0.466094	 8.995061
6	 6	 2	 5	 15.013814	 5.919214
6	 6	 2	 6	 19.856200	 0.031292
6	 6	 3	 1	 18.881449	 5.196542
6	 6	 3	 2	 22.130300	 0.050385
6	 6	 3	 3	 16.357112	 5.578673
6	 6	 3	 4	 13.878573	 5.801816
6	 6	 3	 5	 19.586858	 5.041250
6	 6	 3	 6	 15.900631	 5.641304
6	 6	 4	 1	 21.857700	 0.078784
6	 6	 4	 2	 18.887232	 5.091934
6	 6	 4	 3	 22.454700	 0.085134
6	 6	 4	 4	 9.042136	 7.087678
6	 6	 4	 5	 20.879572	 5.167779
6	 6	 4	 6	 20.914246	 5.358291
6	 6	 5	 1	 18.678386	 6.418433
6	 6	 5	 2	 24.846000	 0.134130
6	 6	 5	 3	 18.399360	 5.264582
6	 6	 5	 4	 17.013847	 5.206669
6	 6	 5	 5	 22.781755	 6.426230
6	 6	 5	 6	 25.641133	 5.827199
6	 6	 6	 1	 11.669503	 10.195061
6	 6	 6	 2	 17.005253	 9.042279
6	 6	 6	 3	 14.094878	 6.350444
6	 6	 6	 4	 13.955015	 11.260861
6	 6	 6	 5	 15.357400	 0.105891
6	 6	 6	 6	 25.782105	 10.527521
6	 6	 7	 1	 26.220970	 12.675829
6	 6	 7	 2	 16.175429	 12.321588
6	 6	 7	 3	 10.466667	 15.499043
6	 6	 7	 4	 24.435100	 3.904000
6	 6	 7	 5	 34.081782	 29.509177
6	 6	 7	 6	 16.823210	 30.305767
