#& Sector Superlayer Slot Cable T0Correction T0Error
1	 1	 1	 1	 -0.947258	 2.203169
1	 1	 1	 2	 1.354045	 2.308751
1	 1	 1	 3	 4.056497	 1.690543
1	 1	 1	 4	 1.964144	 0.014589
1	 1	 1	 5	 2.204459	 1.807649
1	 1	 1	 6	 2.113867	 1.995759
1	 1	 2	 1	 2.104683	 1.808483
1	 1	 2	 2	 -2.786135	 2.753980
1	 1	 2	 3	 2.752064	 1.464514
1	 1	 2	 4	 0.522765	 1.713444
1	 1	 2	 5	 3.622931	 1.408881
1	 1	 2	 6	 3.693887	 1.472055
1	 1	 3	 1	 -0.011372	 1.765031
1	 1	 3	 2	 5.719927	 1.966514
1	 1	 3	 3	 1.134241	 1.860158
1	 1	 3	 4	 2.037795	 1.687998
1	 1	 3	 5	 2.576892	 1.623961
1	 1	 3	 6	 1.018378	 1.585911
1	 1	 4	 1	 0.911657	 1.932289
1	 1	 4	 2	 3.758659	 1.600157
1	 1	 4	 3	 0.943882	 1.233521
1	 1	 4	 4	 2.882573	 2.290962
1	 1	 4	 5	 3.365644	 2.240146
1	 1	 4	 6	 0.238461	 2.546634
1	 1	 5	 1	 3.892413	 2.056177
1	 1	 5	 2	 3.041027	 2.035791
1	 1	 5	 3	 2.771540	 2.297327
1	 1	 5	 4	 -0.867841	 2.017021
1	 1	 5	 5	 5.759862	 4.416912
1	 1	 5	 6	 -0.885828	 3.013748
1	 1	 6	 1	 4.035289	 4.207137
1	 1	 6	 2	 4.394751	 4.242066
1	 1	 6	 3	 0.754333	 3.596572
1	 1	 6	 4	 -4.622997	 4.203680
1	 1	 6	 5	 -3.274568	 8.836381
1	 1	 6	 6	 4.271349	 8.207008
1	 1	 7	 1	 -115.982855	 209.206278
1	 1	 7	 2	 -2.646977	 15.664959
1	 1	 7	 3	 4.146337	 0.126261
1	 1	 7	 4	 6.859327	 0.043473
1	 1	 7	 5	 -2.442101	 13.646408
1	 1	 7	 6	 4.488647	 0.220162
1	 2	 1	 1	 -17.404843	 3.523229
1	 2	 1	 2	 -19.649063	 3.495454
1	 2	 1	 3	 -23.068468	 3.163022
1	 2	 1	 4	 -18.064581	 2.323635
1	 2	 1	 5	 -18.722303	 0.020968
1	 2	 1	 6	 -18.799876	 2.622544
1	 2	 2	 1	 -20.709673	 3.329759
1	 2	 2	 2	 -19.763330	 2.140179
1	 2	 2	 3	 -18.995035	 2.616925
1	 2	 2	 4	 -20.887702	 2.152650
1	 2	 2	 5	 -19.100703	 0.017910
1	 2	 2	 6	 -23.537719	 2.189997
1	 2	 3	 1	 -22.187699	 1.833445
1	 2	 3	 2	 -21.033318	 1.942244
1	 2	 3	 3	 -22.952461	 2.037179
1	 2	 3	 4	 -22.171543	 2.752245
1	 2	 3	 5	 -20.377840	 2.383652
1	 2	 3	 6	 -22.881428	 3.209753
1	 2	 4	 1	 -23.986255	 3.723201
1	 2	 4	 2	 -22.159748	 2.076235
1	 2	 4	 3	 -19.913803	 0.023390
1	 2	 4	 4	 -22.684995	 2.458717
1	 2	 4	 5	 -26.540730	 5.106222
1	 2	 4	 6	 -21.836869	 3.407844
1	 2	 5	 1	 -21.536628	 2.983893
1	 2	 5	 2	 -20.381608	 3.347997
1	 2	 5	 3	 -22.557004	 2.809627
1	 2	 5	 4	 -24.949070	 3.037596
1	 2	 5	 5	 -20.990198	 3.974630
1	 2	 5	 6	 -26.045484	 4.961083
1	 2	 6	 1	 -16.639396	 4.208421
1	 2	 6	 2	 -23.662120	 5.041073
1	 2	 6	 3	 -30.467735	 13.752643
1	 2	 6	 4	 -19.220904	 5.287720
1	 2	 6	 5	 -16.823615	 6.601862
1	 2	 6	 6	 -25.390281	 7.804657
1	 2	 7	 1	 -27.633804	 10.345049
1	 2	 7	 2	 -18.047821	 5.055639
1	 2	 7	 3	 -36.380396	 13.947143
1	 2	 7	 4	 -37.388820	 9.761505
1	 2	 7	 5	 -19.321203	 0.176544
1	 2	 7	 6	 -21.619603	 0.152579
1	 3	 1	 1	 -15.679309	 3.818290
1	 3	 1	 2	 -14.467809	 0.073424
1	 3	 1	 3	 -21.337938	 4.184801
1	 3	 1	 4	 -17.012109	 0.029691
1	 3	 1	 5	 -15.863174	 1.704439
1	 3	 1	 6	 -20.380687	 3.071055
1	 3	 2	 1	 -16.318898	 1.969030
1	 3	 2	 2	 -37.238319	 13.651158
1	 3	 2	 3	 -23.815356	 3.306225
1	 3	 2	 4	 -17.432449	 1.566274
1	 3	 2	 5	 -37.681280	 13.755524
1	 3	 2	 6	 -20.979782	 2.304686
1	 3	 3	 1	 -20.424348	 2.167551
1	 3	 3	 2	 -21.715828	 1.946731
1	 3	 3	 3	 -18.208429	 1.789268
1	 3	 3	 4	 -23.394642	 2.416591
1	 3	 3	 5	 -21.754384	 2.004359
1	 3	 3	 6	 -19.930605	 2.531661
1	 3	 4	 1	 -20.890410	 3.299995
1	 3	 4	 2	 -17.708347	 2.325178
1	 3	 4	 3	 -24.937016	 4.714314
1	 3	 4	 4	 -29.913417	 5.097563
1	 3	 4	 5	 -17.351963	 2.720907
1	 3	 4	 6	 -22.176964	 2.642560
1	 3	 5	 1	 -30.889907	 6.374071
1	 3	 5	 2	 -15.399211	 2.456577
1	 3	 5	 3	 -24.674839	 4.438877
1	 3	 5	 4	 -33.748147	 6.016006
1	 3	 5	 5	 -42.175772	 25.907512
1	 3	 5	 6	 -23.384262	 9.601037
1	 3	 6	 1	 -13.421441	 3.538850
1	 3	 6	 2	 -13.638642	 6.530480
1	 3	 6	 3	 -26.786390	 8.361537
1	 3	 6	 4	 -24.446688	 12.061432
1	 3	 6	 5	 -11.070249	 3.602874
1	 3	 6	 6	 -21.090397	 9.985271
1	 3	 7	 1	 -11.992421	 4.160632
1	 3	 7	 2	 -23.864078	 12.206690
1	 3	 7	 3	 -19.925209	 0.710913
1	 3	 7	 4	 -21.131309	 0.994972
1	 3	 7	 5	 -19.720209	 1.749730
1	 3	 7	 6	 -22.698909	 3.606850
1	 4	 1	 1	 -25.356714	 14.528700
1	 4	 1	 2	 -21.264403	 3.927986
1	 4	 1	 3	 -17.013614	 0.051202
1	 4	 1	 4	 -19.812942	 3.068113
1	 4	 1	 5	 -16.650770	 1.865747
1	 4	 1	 6	 -24.514178	 5.268217
1	 4	 2	 1	 -20.767103	 2.151370
1	 4	 2	 2	 -22.579670	 2.121550
1	 4	 2	 3	 -23.233495	 4.929645
1	 4	 2	 4	 -23.353756	 4.594469
1	 4	 2	 5	 -30.206856	 5.460655
1	 4	 2	 6	 -16.774227	 2.732269
1	 4	 3	 1	 -18.646469	 3.094993
1	 4	 3	 2	 -23.031560	 2.660934
1	 4	 3	 3	 -22.086183	 1.860654
1	 4	 3	 4	 -23.585059	 3.225310
1	 4	 3	 5	 -20.436660	 2.664256
1	 4	 3	 6	 -24.896020	 3.629597
1	 4	 4	 1	 -30.060671	 5.606172
1	 4	 4	 2	 -18.305307	 2.242201
1	 4	 4	 3	 -24.128293	 3.881413
1	 4	 4	 4	 -21.284845	 4.821094
1	 4	 4	 5	 -17.255214	 0.049521
1	 4	 4	 6	 -15.274880	 2.432717
1	 4	 5	 1	 -28.527369	 4.563679
1	 4	 5	 2	 -16.747108	 2.264204
1	 4	 5	 3	 -24.079456	 3.510018
1	 4	 5	 4	 -18.092731	 3.410656
1	 4	 5	 5	 -17.708314	 0.108222
1	 4	 5	 6	 -27.773197	 7.357761
1	 4	 6	 1	 -26.725448	 7.808315
1	 4	 6	 2	 -12.187295	 5.799537
1	 4	 6	 3	 -19.776529	 6.346461
1	 4	 6	 4	 -11.619338	 7.262999
1	 4	 6	 5	 -9.851033	 6.403842
1	 4	 6	 6	 -32.436595	 9.323910
1	 4	 7	 1	 -24.412295	 22.338818
1	 4	 7	 2	 -19.226114	 0.683434
1	 4	 7	 3	 -20.825314	 0.902941
1	 4	 7	 4	 -24.336714	 1.971960
1	 4	 7	 5	 -9.947314	 99.887500
1	 4	 7	 6	 -22.104414	 2.748620
1	 5	 1	 1	 23.377629	 18.032430
1	 5	 1	 2	 15.523858	 11.225259
1	 5	 1	 3	 -21.184933	 20.145350
1	 5	 1	 4	 18.157793	 6.111873
1	 5	 1	 5	 28.627412	 7.358296
1	 5	 1	 6	 29.121075	 0.018420
1	 5	 2	 1	 22.047095	 6.768017
1	 5	 2	 2	 24.007069	 8.583092
1	 5	 2	 3	 23.580315	 12.906529
1	 5	 2	 4	 24.785408	 8.358103
1	 5	 2	 5	 28.264175	 0.016378
1	 5	 2	 6	 21.711705	 9.036711
1	 5	 3	 1	 29.357275	 0.030526
1	 5	 3	 2	 15.568047	 10.355947
1	 5	 3	 3	 21.331881	 9.221725
1	 5	 3	 4	 18.263713	 9.580973
1	 5	 3	 5	 16.811482	 9.596099
1	 5	 3	 6	 21.039151	 9.104528
1	 5	 4	 1	 25.832080	 8.094990
1	 5	 4	 2	 20.129411	 12.213611
1	 5	 4	 3	 23.083127	 8.764894
1	 5	 4	 4	 20.919329	 5.601504
1	 5	 4	 5	 28.614075	 0.098194
1	 5	 4	 6	 31.524962	 10.713809
1	 5	 5	 1	 29.847275	 0.106213
1	 5	 5	 2	 8.435625	 19.246913
1	 5	 5	 3	 28.171155	 13.524180
1	 5	 5	 4	 34.359558	 10.781723
1	 5	 5	 5	 31.707475	 0.297304
1	 5	 5	 6	 28.717669	 15.260276
1	 5	 6	 1	 25.618775	 0.237034
1	 5	 6	 2	 14.726547	 11.520825
1	 5	 6	 3	 30.239732	 24.210525
1	 5	 6	 4	 33.291176	 18.872356
1	 5	 6	 5	 38.931625	 29.850588
1	 5	 6	 6	 21.323475	 2.615300
1	 5	 7	 1	 18.839256	 25.659606
1	 5	 7	 2	 21.489275	 1.433250
1	 5	 7	 3	 31.066359	 45.367489
1	 5	 7	 4	 33.963875	 7.634000
1	 5	 7	 5	 40.657975	 0.866746
1	 5	 7	 6	 44.191675	 13.204500
1	 6	 1	 1	 17.403819	 7.744890
1	 6	 1	 2	 16.249043	 6.895688
1	 6	 1	 3	 15.691727	 6.709456
1	 6	 1	 4	 25.454378	 8.358594
1	 6	 1	 5	 20.648811	 9.336820
1	 6	 1	 6	 23.240400	 6.010312
1	 6	 2	 1	 6.172729	 9.806304
1	 6	 2	 2	 18.112324	 7.808751
1	 6	 2	 3	 14.344364	 8.504162
1	 6	 2	 4	 7.913666	 7.480930
1	 6	 2	 5	 7.998636	 7.418131
1	 6	 2	 6	 18.583901	 7.190681
1	 6	 3	 1	 22.716896	 0.020414
1	 6	 3	 2	 20.532617	 6.670515
1	 6	 3	 3	 13.468157	 7.935210
1	 6	 3	 4	 17.230067	 5.662888
1	 6	 3	 5	 15.076730	 7.521771
1	 6	 3	 6	 17.303020	 5.579155
1	 6	 4	 1	 15.426013	 5.854159
1	 6	 4	 2	 14.174932	 7.305645
1	 6	 4	 3	 7.884418	 6.795371
1	 6	 4	 4	 11.900806	 8.067507
1	 6	 4	 5	 20.784417	 5.543707
1	 6	 4	 6	 16.392927	 6.282758
1	 6	 5	 1	 26.947088	 12.906926
1	 6	 5	 2	 16.775030	 9.056455
1	 6	 5	 3	 13.087552	 13.362108
1	 6	 5	 4	 17.263226	 6.600936
1	 6	 5	 5	 20.255847	 9.222790
1	 6	 5	 6	 21.948587	 9.206575
1	 6	 6	 1	 30.167572	 13.859416
1	 6	 6	 2	 26.204421	 18.466544
1	 6	 6	 3	 22.560902	 15.121071
1	 6	 6	 4	 18.538996	 0.566717
1	 6	 6	 5	 24.182836	 11.866220
1	 6	 6	 6	 24.966396	 2.250170
1	 6	 7	 1	 20.290942	 25.136717
1	 6	 7	 2	 27.459896	 5.225000
1	 6	 7	 3	 32.604802	 28.369418
1	 6	 7	 4	 12.405709	 32.616215
1	 6	 7	 5	 26.880596	 3.214290
1	 6	 7	 6	 27.459896	 5.225000
2	 1	 1	 1	 10.852898	 5.189438
2	 1	 1	 2	 14.382922	 5.096032
2	 1	 1	 3	 2.174094	 7.809090
2	 1	 1	 4	 8.012604	 3.834153
2	 1	 1	 5	 13.883993	 3.143861
2	 1	 1	 6	 15.052526	 3.549635
2	 1	 2	 1	 11.101961	 2.764138
2	 1	 2	 2	 12.209917	 2.511545
2	 1	 2	 3	 11.018125	 2.339194
2	 1	 2	 4	 15.117569	 3.002392
2	 1	 2	 5	 15.157391	 3.944790
2	 1	 2	 6	 12.886357	 3.318366
2	 1	 3	 1	 11.383821	 3.754062
2	 1	 3	 2	 15.627649	 0.021641
2	 1	 3	 3	 10.844293	 2.580052
2	 1	 3	 4	 12.788894	 3.625653
2	 1	 3	 5	 11.363933	 3.126090
2	 1	 3	 6	 7.569866	 3.724473
2	 1	 4	 1	 14.160836	 3.186979
2	 1	 4	 2	 11.302970	 3.236314
2	 1	 4	 3	 13.776262	 3.487567
2	 1	 4	 4	 12.994033	 2.985781
2	 1	 4	 5	 10.141708	 3.628824
2	 1	 4	 6	 14.533575	 3.528401
2	 1	 5	 1	 10.580480	 4.779465
2	 1	 5	 2	 11.641735	 4.007817
2	 1	 5	 3	 3.038274	 7.087711
2	 1	 5	 4	 15.997933	 5.164187
2	 1	 5	 5	 11.805377	 7.366347
2	 1	 5	 6	 10.687601	 5.109353
2	 1	 6	 1	 9.288847	 5.627000
2	 1	 6	 2	 14.248704	 16.301498
2	 1	 6	 3	 15.198869	 6.275746
2	 1	 6	 4	 -2.715322	 10.040585
2	 1	 6	 5	 9.187793	 6.738580
2	 1	 6	 6	 27.184507	 12.867394
2	 1	 7	 1	 -40.206423	 72.857458
2	 1	 7	 2	 7.074977	 12.044428
2	 1	 7	 3	 9.813431	 7.244152
2	 1	 7	 4	 13.677049	 0.063647
2	 1	 7	 5	 13.469149	 0.222250
2	 1	 7	 6	 17.229249	 0.193318
2	 2	 1	 1	 17.808944	 11.816745
2	 2	 1	 2	 17.036976	 5.870387
2	 2	 1	 3	 15.807555	 4.196419
2	 2	 1	 4	 15.984050	 3.924856
2	 2	 1	 5	 14.816989	 3.440177
2	 2	 1	 6	 14.377038	 5.541699
2	 2	 2	 1	 18.495419	 3.380842
2	 2	 2	 2	 18.390841	 4.187681
2	 2	 2	 3	 16.167069	 3.549084
2	 2	 2	 4	 15.254388	 3.926308
2	 2	 2	 5	 16.334056	 0.017772
2	 2	 2	 6	 15.642677	 3.701640
2	 2	 3	 1	 13.310462	 3.161884
2	 2	 3	 2	 14.784467	 4.081582
2	 2	 3	 3	 11.009523	 2.920486
2	 2	 3	 4	 11.449101	 2.867009
2	 2	 3	 5	 12.361053	 3.339354
2	 2	 3	 6	 14.345256	 0.024500
2	 2	 4	 1	 11.011428	 5.421784
2	 2	 4	 2	 11.266872	 4.325704
2	 2	 4	 3	 12.617593	 5.193264
2	 2	 4	 4	 13.258615	 3.867698
2	 2	 4	 5	 15.506378	 3.850048
2	 2	 4	 6	 15.556590	 3.926181
2	 2	 5	 1	 12.135891	 4.163547
2	 2	 5	 2	 13.961116	 3.924908
2	 2	 5	 3	 4.616730	 5.222598
2	 2	 5	 4	 16.180773	 5.163912
2	 2	 5	 5	 8.353662	 5.865089
2	 2	 5	 6	 13.706312	 5.794616
2	 2	 6	 1	 13.315705	 6.321236
2	 2	 6	 2	 18.745394	 12.160767
2	 2	 6	 3	 15.429006	 11.103029
2	 2	 6	 4	 12.384024	 5.853642
2	 2	 6	 5	 12.644187	 7.925236
2	 2	 6	 6	 9.712393	 7.289129
2	 2	 7	 1	 -6.248747	 14.359912
2	 2	 7	 2	 16.043956	 0.690234
2	 2	 7	 3	 18.747756	 0.313706
2	 2	 7	 4	 9.423697	 12.693875
2	 2	 7	 5	 -18.295585	 25.736285
2	 2	 7	 6	 16.581556	 0.249777
2	 3	 1	 1	 28.267363	 2.363320
2	 3	 1	 2	 22.169963	 0.082556
2	 3	 1	 3	 21.050747	 11.482214
2	 3	 1	 4	 15.106560	 6.560130
2	 3	 1	 5	 15.311663	 0.029133
2	 3	 1	 6	 14.371543	 4.371838
2	 3	 2	 1	 13.622775	 4.454878
2	 3	 2	 2	 12.633231	 8.866560
2	 3	 2	 3	 13.335009	 4.673099
2	 3	 2	 4	 16.638435	 7.282011
2	 3	 2	 5	 12.109499	 6.516554
2	 3	 2	 6	 12.772074	 4.531524
2	 3	 3	 1	 11.605700	 3.847051
2	 3	 3	 2	 14.286643	 3.936753
2	 3	 3	 3	 -4.682395	 9.254975
2	 3	 3	 4	 13.748367	 5.593821
2	 3	 3	 5	 11.628833	 5.926675
2	 3	 3	 6	 10.847201	 5.652728
2	 3	 4	 1	 11.802160	 3.708410
2	 3	 4	 2	 18.852463	 0.042341
2	 3	 4	 3	 10.167535	 4.559612
2	 3	 4	 4	 13.449748	 4.665454
2	 3	 4	 5	 -0.007506	 10.745458
2	 3	 4	 6	 13.540877	 9.980354
2	 3	 5	 1	 1.396737	 9.228430
2	 3	 5	 2	 12.977439	 8.408242
2	 3	 5	 3	 10.968453	 10.303989
2	 3	 5	 4	 -18.703937	 17.433006
2	 3	 5	 5	 11.972864	 9.571675
2	 3	 5	 6	 21.757155	 13.342861
2	 3	 6	 1	 18.023688	 11.160281
2	 3	 6	 2	 12.203116	 14.198391
2	 3	 6	 3	 8.727546	 21.689512
2	 3	 6	 4	 21.369572	 21.760487
2	 3	 6	 5	 17.606063	 0.230312
2	 3	 6	 6	 7.221792	 20.402098
2	 3	 7	 1	 2.818001	 15.831996
2	 3	 7	 2	 19.543059	 41.271408
2	 3	 7	 3	 13.378363	 0.798274
2	 3	 7	 4	 14.818763	 1.355320
2	 3	 7	 5	 18.821663	 9.533030
2	 3	 7	 6	 17.252463	 2.710580
2	 4	 1	 1	 34.648029	 6.497670
2	 4	 1	 2	 19.834629	 0.162418
2	 4	 1	 3	 19.267929	 0.062235
2	 4	 1	 4	 20.907229	 0.058303
2	 4	 1	 5	 20.154834	 6.403658
2	 4	 1	 6	 19.206863	 6.041298
2	 4	 2	 1	 18.492138	 6.388419
2	 4	 2	 2	 18.585019	 4.838971
2	 4	 2	 3	 13.328578	 5.912251
2	 4	 2	 4	 9.481587	 11.964456
2	 4	 2	 5	 8.544904	 11.303246
2	 4	 2	 6	 16.104513	 9.522712
2	 4	 3	 1	 12.543112	 9.600560
2	 4	 3	 2	 13.938314	 5.357170
2	 4	 3	 3	 12.636521	 7.174485
2	 4	 3	 4	 7.408660	 9.165840
2	 4	 3	 5	 13.024914	 4.727605
2	 4	 3	 6	 14.636995	 5.506589
2	 4	 4	 1	 9.373975	 12.457656
2	 4	 4	 2	 5.274134	 5.676912
2	 4	 4	 3	 10.163338	 4.228766
2	 4	 4	 4	 12.482447	 4.993699
2	 4	 4	 5	 11.077241	 5.295772
2	 4	 4	 6	 11.023857	 4.698485
2	 4	 5	 1	 7.242886	 11.498312
2	 4	 5	 2	 19.536806	 7.893027
2	 4	 5	 3	 7.521779	 10.317620
2	 4	 5	 4	 20.585049	 11.731092
2	 4	 5	 5	 12.702072	 13.853834
2	 4	 5	 6	 6.645057	 28.980071
2	 4	 6	 1	 20.826459	 11.764017
2	 4	 6	 2	 0.292729	 13.664492
2	 4	 6	 3	 7.705143	 8.592553
2	 4	 6	 4	 26.958883	 15.814090
2	 4	 6	 5	 8.060865	 17.833665
2	 4	 6	 6	 21.039709	 18.679043
2	 4	 7	 1	 8.093780	 42.624988
2	 4	 7	 2	 27.654907	 29.666476
2	 4	 7	 3	 15.302229	 0.981205
2	 4	 7	 4	 14.510929	 1.266970
2	 4	 7	 5	 15.853629	 1.997930
2	 4	 7	 6	 26.680529	 21.482100
2	 5	 1	 1	 23.998139	 16.764678
2	 5	 1	 2	 11.722042	 7.249612
2	 5	 1	 3	 11.596929	 8.770059
2	 5	 1	 4	 1.350523	 19.149532
2	 5	 1	 5	 22.756479	 6.478555
2	 5	 1	 6	 25.874987	 12.313553
2	 5	 2	 1	 13.372443	 11.601906
2	 5	 2	 2	 1.688480	 14.238012
2	 5	 2	 3	 28.622750	 0.009328
2	 5	 2	 4	 18.958019	 6.196623
2	 5	 2	 5	 17.954425	 8.979994
2	 5	 2	 6	 13.870631	 8.708318
2	 5	 3	 1	 13.847864	 8.340354
2	 5	 3	 2	 29.429070	 7.032948
2	 5	 3	 3	 18.618477	 10.020574
2	 5	 3	 4	 17.481213	 9.504678
2	 5	 3	 5	 24.853530	 6.539569
2	 5	 3	 6	 21.301034	 9.141372
2	 5	 4	 1	 13.935936	 10.896874
2	 5	 4	 2	 13.211786	 10.660544
2	 5	 4	 3	 17.911999	 5.829940
2	 5	 4	 4	 23.470680	 6.463068
2	 5	 4	 5	 26.134213	 8.809158
2	 5	 4	 6	 25.458398	 9.619013
2	 5	 5	 1	 22.139442	 8.351687
2	 5	 5	 2	 19.602433	 16.605008
2	 5	 5	 3	 23.558788	 7.854761
2	 5	 5	 4	 23.332247	 7.977307
2	 5	 5	 5	 22.182982	 13.403669
2	 5	 5	 6	 11.665577	 8.422412
2	 5	 6	 1	 28.860377	 10.819758
2	 5	 6	 2	 21.998688	 14.719322
2	 5	 6	 3	 21.336869	 20.929838
2	 5	 6	 4	 28.282311	 21.228930
2	 5	 6	 5	 15.693272	 26.038380
2	 5	 6	 6	 15.435750	 0.836154
2	 5	 7	 1	 30.187150	 4.388000
2	 5	 7	 2	 14.079050	 1.639410
2	 5	 7	 3	 27.619312	 35.992958
2	 5	 7	 4	 16.436350	 2.673060
2	 5	 7	 5	 24.273450	 283.133000
2	 5	 7	 6	 30.187150	 4.388000
2	 6	 1	 1	 9.559255	 12.612192
2	 6	 1	 2	 1.916141	 11.459416
2	 6	 1	 3	 14.708071	 8.470390
2	 6	 1	 4	 13.950668	 6.741492
2	 6	 1	 5	 18.762562	 14.366400
2	 6	 1	 6	 22.494540	 8.294520
2	 6	 2	 1	 1.084782	 11.013180
2	 6	 2	 2	 18.586676	 7.021390
2	 6	 2	 3	 19.010977	 6.478434
2	 6	 2	 4	 20.065289	 8.986028
2	 6	 2	 5	 15.533161	 9.095846
2	 6	 2	 6	 25.640311	 7.672199
2	 6	 3	 1	 17.461780	 6.321059
2	 6	 3	 2	 27.057588	 0.015590
2	 6	 3	 3	 21.202253	 10.113630
2	 6	 3	 4	 18.037869	 7.289241
2	 6	 3	 5	 13.811905	 8.482624
2	 6	 3	 6	 22.874684	 5.580423
2	 6	 4	 1	 20.046734	 6.993268
2	 6	 4	 2	 17.863188	 7.091984
2	 6	 4	 3	 9.934069	 7.119516
2	 6	 4	 4	 23.075970	 6.349184
2	 6	 4	 5	 16.720490	 6.282535
2	 6	 4	 6	 13.855115	 9.246305
2	 6	 5	 1	 4.418522	 10.641377
2	 6	 5	 2	 14.167615	 9.235941
2	 6	 5	 3	 25.763869	 9.158498
2	 6	 5	 4	 20.951564	 8.186480
2	 6	 5	 5	 12.576688	 0.327768
2	 6	 5	 6	 15.437374	 11.478680
2	 6	 6	 1	 19.324381	 12.301741
2	 6	 6	 2	 28.384623	 15.534395
2	 6	 6	 3	 8.394838	 15.765629
2	 6	 6	 4	 28.454788	 0.166102
2	 6	 6	 5	 12.321988	 0.601690
2	 6	 6	 6	 25.079288	 0.109236
2	 6	 7	 1	 23.862958	 40.141383
2	 6	 7	 2	 26.138063	 26.156639
2	 6	 7	 3	 22.505746	 30.824355
2	 6	 7	 4	 19.593788	 1.712620
2	 6	 7	 5	 41.564488	 1.549530
2	 6	 7	 6	 24.634788	 4.021000
3	 1	 1	 1	 34.711687	 14.370963
3	 1	 1	 2	 39.910589	 7.173919
3	 1	 1	 3	 35.048857	 10.146332
3	 1	 1	 4	 40.214495	 6.790809
3	 1	 1	 5	 39.788803	 7.078957
3	 1	 1	 6	 40.105121	 6.777789
3	 1	 2	 1	 40.935765	 8.866169
3	 1	 2	 2	 41.634281	 6.269677
3	 1	 2	 3	 35.681380	 8.503418
3	 1	 2	 4	 44.411023	 9.881082
3	 1	 2	 5	 42.026629	 6.254711
3	 1	 2	 6	 42.141468	 5.896959
3	 1	 3	 1	 36.946061	 6.605572
3	 1	 3	 2	 38.173624	 4.929851
3	 1	 3	 3	 38.997833	 11.609867
3	 1	 3	 4	 39.471740	 8.229140
3	 1	 3	 5	 39.919683	 7.369732
3	 1	 3	 6	 38.200957	 6.884326
3	 1	 4	 1	 38.772199	 7.283105
3	 1	 4	 2	 40.436292	 8.376149
3	 1	 4	 3	 35.960740	 6.243285
3	 1	 4	 4	 41.233218	 8.209893
3	 1	 4	 5	 35.659909	 7.122455
3	 1	 4	 6	 40.652582	 7.294244
3	 1	 5	 1	 35.641877	 11.934713
3	 1	 5	 2	 36.879249	 7.447524
3	 1	 5	 3	 34.739851	 7.022802
3	 1	 5	 4	 34.834944	 8.867942
3	 1	 5	 5	 37.547880	 11.273883
3	 1	 5	 6	 39.539622	 13.570716
3	 1	 6	 1	 40.470513	 13.350856
3	 1	 6	 2	 31.617730	 11.602388
3	 1	 6	 3	 22.900491	 23.761024
3	 1	 6	 4	 42.446458	 0.067271
3	 1	 6	 5	 28.722453	 27.374466
3	 1	 6	 6	 42.529323	 24.450131
3	 1	 7	 1	 42.509088	 26.285110
3	 1	 7	 2	 42.516451	 27.252475
3	 1	 7	 3	 43.244841	 27.123789
3	 1	 7	 4	 44.093158	 0.122981
3	 1	 7	 5	 43.879358	 0.161231
3	 1	 7	 6	 43.157858	 0.176222
3	 2	 1	 1	 46.821275	 24.703463
3	 2	 1	 2	 47.422991	 8.754795
3	 2	 1	 3	 46.971468	 11.196306
3	 2	 1	 4	 41.918091	 9.249868
3	 2	 1	 5	 43.295030	 6.580305
3	 2	 1	 6	 42.015254	 7.011932
3	 2	 2	 1	 40.283183	 7.177357
3	 2	 2	 2	 46.807262	 8.973354
3	 2	 2	 3	 42.081382	 8.748827
3	 2	 2	 4	 42.214321	 5.789343
3	 2	 2	 5	 44.909105	 7.760221
3	 2	 2	 6	 41.528038	 7.321097
3	 2	 3	 1	 42.341221	 5.711691
3	 2	 3	 2	 45.475174	 7.800277
3	 2	 3	 3	 36.599344	 12.425047
3	 2	 3	 4	 44.553520	 8.470854
3	 2	 3	 5	 43.003369	 9.581363
3	 2	 3	 6	 43.096433	 9.849658
3	 2	 4	 1	 39.406628	 7.271732
3	 2	 4	 2	 35.851532	 9.365975
3	 2	 4	 3	 42.005508	 0.027141
3	 2	 4	 4	 44.942108	 0.027870
3	 2	 4	 5	 41.206410	 8.965701
3	 2	 4	 6	 37.805565	 9.298646
3	 2	 5	 1	 43.918808	 0.033330
3	 2	 5	 2	 42.595446	 10.113181
3	 2	 5	 3	 40.739108	 0.036420
3	 2	 5	 4	 39.509985	 12.212787
3	 2	 5	 5	 42.545769	 10.935595
3	 2	 5	 6	 43.075936	 15.414069
3	 2	 6	 1	 42.286865	 13.235017
3	 2	 6	 2	 41.132871	 12.782366
3	 2	 6	 3	 40.454992	 16.524490
3	 2	 6	 4	 39.901798	 15.547801
3	 2	 6	 5	 36.817909	 14.666680
3	 2	 6	 6	 39.296677	 17.838188
3	 2	 7	 1	 44.466008	 0.103410
3	 2	 7	 2	 48.704145	 27.326191
3	 2	 7	 3	 45.544974	 63.539304
3	 2	 7	 4	 30.530066	 37.225184
3	 2	 7	 5	 44.539708	 0.261522
3	 2	 7	 6	 46.084308	 0.243205
3	 3	 1	 1	 46.780770	 2.420030
3	 3	 1	 2	 25.380227	 40.053436
3	 3	 1	 3	 40.361770	 0.048930
3	 3	 1	 4	 41.324070	 0.036665
3	 3	 1	 5	 43.398367	 16.344317
3	 3	 1	 6	 43.846970	 0.030400
3	 3	 2	 1	 16.541313	 25.924744
3	 3	 2	 2	 47.115198	 15.614844
3	 3	 2	 3	 43.397062	 9.820104
3	 3	 2	 4	 41.076018	 14.722982
3	 3	 2	 5	 40.512769	 10.838702
3	 3	 2	 6	 40.996983	 11.517429
3	 3	 3	 1	 37.223945	 10.101300
3	 3	 3	 2	 44.483370	 0.038312
3	 3	 3	 3	 42.637911	 12.261669
3	 3	 3	 4	 40.976443	 10.705409
3	 3	 3	 5	 33.010955	 20.940036
3	 3	 3	 6	 44.420403	 12.742381
3	 3	 4	 1	 29.775374	 15.045865
3	 3	 4	 2	 44.069925	 10.609985
3	 3	 4	 3	 32.836674	 17.195471
3	 3	 4	 4	 40.374809	 25.938903
3	 3	 4	 5	 37.985135	 10.642311
3	 3	 4	 6	 39.074922	 13.891166
3	 3	 5	 1	 38.089450	 11.327368
3	 3	 5	 2	 20.848538	 21.174496
3	 3	 5	 3	 35.501597	 12.138049
3	 3	 5	 4	 42.949852	 17.527186
3	 3	 5	 5	 47.029223	 20.334937
3	 3	 5	 6	 26.522047	 39.984491
3	 3	 6	 1	 28.721676	 19.606578
3	 3	 6	 2	 42.577370	 0.134270
3	 3	 6	 3	 34.470104	 44.157210
3	 3	 6	 4	 37.138943	 31.710305
3	 3	 6	 5	 39.400206	 35.825127
3	 3	 6	 6	 42.389370	 0.404038
3	 3	 7	 1	 45.102727	 31.694465
3	 3	 7	 2	 42.090970	 0.512733
3	 3	 7	 3	 18.743411	 62.324660
3	 3	 7	 4	 40.293570	 1.415060
3	 3	 7	 5	 40.163170	 1.746690
3	 3	 7	 6	 43.385970	 18.623600
3	 4	 1	 1	 53.303656	 5.662000
3	 4	 1	 2	 18.977378	 72.134407
3	 4	 1	 3	 42.638656	 0.051981
3	 4	 1	 4	 38.725575	 23.001099
3	 4	 1	 5	 37.981152	 14.158868
3	 4	 1	 6	 37.842404	 12.524079
3	 4	 2	 1	 41.721956	 0.028098
3	 4	 2	 2	 41.145170	 9.311047
3	 4	 2	 3	 35.700307	 15.099660
3	 4	 2	 4	 46.789351	 13.938134
3	 4	 2	 5	 38.676273	 14.477959
3	 4	 2	 6	 44.668814	 8.636736
3	 4	 3	 1	 30.907395	 7.813974
3	 4	 3	 2	 41.001553	 9.178744
3	 4	 3	 3	 39.084566	 10.294395
3	 4	 3	 4	 42.591356	 0.039088
3	 4	 3	 5	 36.915170	 10.290019
3	 4	 3	 6	 26.516878	 16.848944
3	 4	 4	 1	 41.666431	 8.218224
3	 4	 4	 2	 41.718459	 8.426786
3	 4	 4	 3	 43.794526	 10.268205
3	 4	 4	 4	 45.706351	 23.511816
3	 4	 4	 5	 39.775511	 14.971239
3	 4	 4	 6	 40.376090	 10.246149
3	 4	 5	 1	 37.268367	 13.298277
3	 4	 5	 2	 36.969896	 22.954197
3	 4	 5	 3	 40.302382	 15.454352
3	 4	 5	 4	 37.258626	 11.107798
3	 4	 5	 5	 44.064677	 15.062990
3	 4	 5	 6	 36.083442	 17.055450
3	 4	 6	 1	 46.743541	 27.239310
3	 4	 6	 2	 51.949003	 34.179544
3	 4	 6	 3	 45.177365	 22.786261
3	 4	 6	 4	 23.682206	 55.871314
3	 4	 6	 5	 42.010226	 51.379434
3	 4	 6	 6	 63.079423	 32.009358
3	 4	 7	 1	 54.212597	 34.200703
3	 4	 7	 2	 38.093571	 39.529091
3	 4	 7	 3	 8.963164	 96.572493
3	 4	 7	 4	 40.809956	 1.363280
3	 4	 7	 5	 41.543056	 1.866040
3	 4	 7	 6	 46.310656	 2.295420
3	 5	 1	 1	 67.610257	 23.239344
3	 5	 1	 2	 63.912162	 15.588930
3	 5	 1	 3	 75.666553	 19.882227
3	 5	 1	 4	 60.419290	 20.232799
3	 5	 1	 5	 63.346357	 14.227663
3	 5	 1	 6	 69.941110	 16.184779
3	 5	 2	 1	 63.999786	 18.631346
3	 5	 2	 2	 67.012395	 16.331337
3	 5	 2	 3	 69.092577	 15.870756
3	 5	 2	 4	 62.679188	 19.099903
3	 5	 2	 5	 70.337591	 12.141115
3	 5	 2	 6	 71.418429	 14.821768
3	 5	 3	 1	 71.307776	 13.740257
3	 5	 3	 2	 58.151533	 19.429660
3	 5	 3	 3	 69.803108	 14.400250
3	 5	 3	 4	 57.503625	 14.375161
3	 5	 3	 5	 64.221934	 12.707198
3	 5	 3	 6	 69.818445	 14.431697
3	 5	 4	 1	 64.138604	 25.290111
3	 5	 4	 2	 69.350453	 14.471469
3	 5	 4	 3	 65.300717	 17.589487
3	 5	 4	 4	 64.245336	 10.779956
3	 5	 4	 5	 72.866221	 19.848523
3	 5	 4	 6	 62.417296	 19.406282
3	 5	 5	 1	 63.891581	 0.126529
3	 5	 5	 2	 64.911509	 15.154343
3	 5	 5	 3	 61.860179	 21.923079
3	 5	 5	 4	 57.480981	 0.246662
3	 5	 5	 5	 54.732881	 0.127715
3	 5	 5	 6	 50.605744	 16.725183
3	 5	 6	 1	 58.276143	 26.266426
3	 5	 6	 2	 29.012287	 79.557341
3	 5	 6	 3	 55.715838	 21.725824
3	 5	 6	 4	 54.615081	 0.266287
3	 5	 6	 5	 62.631575	 46.808251
3	 5	 6	 6	 61.483077	 31.274117
3	 5	 7	 1	 69.658824	 43.739340
3	 5	 7	 2	 72.890713	 39.321157
3	 5	 7	 3	 57.416501	 36.327907
3	 5	 7	 4	 49.559281	 2.537120
3	 5	 7	 5	 74.280089	 25.531684
3	 5	 7	 6	 61.551181	 12.885000
3	 6	 1	 1	 72.682543	 19.401174
3	 6	 1	 2	 62.384936	 19.688165
3	 6	 1	 3	 61.325847	 20.106825
3	 6	 1	 4	 75.413443	 18.491303
3	 6	 1	 5	 83.402510	 22.826692
3	 6	 1	 6	 71.833674	 0.053363
3	 6	 2	 1	 67.614146	 17.307540
3	 6	 2	 2	 53.340795	 17.798243
3	 6	 2	 3	 69.355799	 24.584216
3	 6	 2	 4	 62.073536	 23.548165
3	 6	 2	 5	 68.400800	 15.609637
3	 6	 2	 6	 68.988270	 14.510567
3	 6	 3	 1	 72.048180	 16.122625
3	 6	 3	 2	 66.960926	 17.061808
3	 6	 3	 3	 70.929502	 11.806309
3	 6	 3	 4	 51.208090	 24.335171
3	 6	 3	 5	 69.053187	 12.433592
3	 6	 3	 6	 68.607997	 16.806407
3	 6	 4	 1	 64.779214	 11.759555
3	 6	 4	 2	 65.614355	 15.260508
3	 6	 4	 3	 65.256356	 18.514031
3	 6	 4	 4	 63.132560	 10.009245
3	 6	 4	 5	 63.752627	 20.458176
3	 6	 4	 6	 68.161896	 11.632845
3	 6	 5	 1	 52.714844	 20.624502
3	 6	 5	 2	 56.988227	 14.375216
3	 6	 5	 3	 48.698175	 13.673748
3	 6	 5	 4	 50.255896	 18.291067
3	 6	 5	 5	 53.238915	 13.639840
3	 6	 5	 6	 63.287186	 20.303800
3	 6	 6	 1	 63.867175	 28.051281
3	 6	 6	 2	 55.169100	 31.069358
3	 6	 6	 3	 60.678653	 24.090246
3	 6	 6	 4	 49.599774	 0.695749
3	 6	 6	 5	 58.815977	 22.037483
3	 6	 6	 6	 47.702874	 20.377649
3	 6	 7	 1	 57.762893	 26.230101
3	 6	 7	 2	 44.850740	 48.588603
3	 6	 7	 3	 51.787974	 1.980430
3	 6	 7	 4	 46.185838	 34.509687
3	 6	 7	 5	 63.028274	 2.188620
3	 6	 7	 6	 61.494974	 10.619000
4	 1	 1	 1	 8.258872	 3.788106
4	 1	 1	 2	 8.072855	 4.524988
4	 1	 1	 3	 9.134124	 1.753338
4	 1	 1	 4	 8.209255	 2.293754
4	 1	 1	 5	 7.514978	 1.690586
4	 1	 1	 6	 9.489384	 1.916659
4	 1	 2	 1	 9.304998	 2.095374
4	 1	 2	 2	 8.747448	 1.726860
4	 1	 2	 3	 6.386190	 1.953219
4	 1	 2	 4	 9.188660	 2.173574
4	 1	 2	 5	 8.366881	 2.294654
4	 1	 2	 6	 8.539534	 1.784314
4	 1	 3	 1	 6.532326	 1.950103
4	 1	 3	 2	 7.104081	 1.692834
4	 1	 3	 3	 4.982416	 2.948586
4	 1	 3	 4	 4.908982	 2.291245
4	 1	 3	 5	 7.744991	 1.954216
4	 1	 3	 6	 7.136005	 1.679750
4	 1	 4	 1	 4.168403	 2.861730
4	 1	 4	 2	 5.544226	 2.985488
4	 1	 4	 3	 6.374152	 2.141732
4	 1	 4	 4	 4.836083	 2.308135
4	 1	 4	 5	 5.785569	 3.264871
4	 1	 4	 6	 3.859526	 2.922001
4	 1	 5	 1	 1.660146	 4.955794
4	 1	 5	 2	 5.107126	 3.584985
4	 1	 5	 3	 2.332364	 2.850832
4	 1	 5	 4	 4.243783	 3.500326
4	 1	 5	 5	 8.299474	 4.530785
4	 1	 5	 6	 4.887601	 4.022819
4	 1	 6	 1	 1.315522	 5.565380
4	 1	 6	 2	 9.597160	 0.048054
4	 1	 6	 3	 4.982164	 5.067607
4	 1	 6	 4	 -0.822893	 4.378366
4	 1	 6	 5	 -81.984676	 165.466544
4	 1	 6	 6	 -3.225412	 8.363031
4	 1	 7	 1	 -0.036012	 7.988325
4	 1	 7	 2	 -13.155203	 14.434617
4	 1	 7	 3	 12.662829	 9.232189
4	 1	 7	 4	 -12.216988	 12.563259
4	 1	 7	 5	 9.105590	 0.135373
4	 1	 7	 6	 9.221080	 0.238131
4	 2	 1	 1	 34.230019	 0.055125
4	 2	 1	 2	 33.390763	 6.436099
4	 2	 1	 3	 31.866051	 7.443427
4	 2	 1	 4	 33.677854	 6.542864
4	 2	 1	 5	 35.642526	 4.911030
4	 2	 1	 6	 33.618291	 4.454851
4	 2	 2	 1	 33.270626	 5.727137
4	 2	 2	 2	 47.443955	 8.046190
4	 2	 2	 3	 31.120222	 5.167255
4	 2	 2	 4	 31.854158	 6.929421
4	 2	 2	 5	 34.980133	 7.905674
4	 2	 2	 6	 33.097802	 6.592294
4	 2	 3	 1	 32.218219	 6.686808
4	 2	 3	 2	 32.259578	 6.887604
4	 2	 3	 3	 30.639556	 4.532150
4	 2	 3	 4	 29.333292	 5.052907
4	 2	 3	 5	 27.765896	 10.371226
4	 2	 3	 6	 35.035544	 7.932931
4	 2	 4	 1	 30.178103	 6.464064
4	 2	 4	 2	 32.034162	 6.182279
4	 2	 4	 3	 33.238086	 7.045187
4	 2	 4	 4	 31.940062	 8.017031
4	 2	 4	 5	 31.319378	 8.586538
4	 2	 4	 6	 31.876351	 5.754735
4	 2	 5	 1	 30.929772	 6.047324
4	 2	 5	 2	 34.078340	 6.374335
4	 2	 5	 3	 32.160944	 8.015953
4	 2	 5	 4	 28.854622	 6.029754
4	 2	 5	 5	 21.138670	 9.642056
4	 2	 5	 6	 29.543415	 13.506412
4	 2	 6	 1	 28.767482	 15.257464
4	 2	 6	 2	 34.444087	 11.596748
4	 2	 6	 3	 27.531483	 11.071085
4	 2	 6	 4	 33.435715	 15.050913
4	 2	 6	 5	 33.329407	 22.363222
4	 2	 6	 6	 24.291324	 19.019522
4	 2	 7	 1	 32.180419	 0.095080
4	 2	 7	 2	 28.550898	 21.928218
4	 2	 7	 3	 31.917056	 14.854520
4	 2	 7	 4	 39.538529	 34.949675
4	 2	 7	 5	 -75.777806	 200.084327
4	 2	 7	 6	 31.562119	 0.167025
4	 3	 1	 1	 17.203206	 2.016820
4	 3	 1	 2	 -23.115648	 69.281824
4	 3	 1	 3	 15.330006	 0.038579
4	 3	 1	 4	 16.154206	 0.033759
4	 3	 1	 5	 15.703306	 0.039058
4	 3	 1	 6	 15.065428	 7.789112
4	 3	 2	 1	 4.059088	 7.333905
4	 3	 2	 2	 7.886839	 8.474878
4	 3	 2	 3	 8.571437	 4.004060
4	 3	 2	 4	 13.161038	 7.184604
4	 3	 2	 5	 4.299203	 9.464428
4	 3	 2	 6	 14.451006	 0.034116
4	 3	 3	 1	 6.311612	 5.164917
4	 3	 3	 2	 -0.602275	 5.882246
4	 3	 3	 3	 5.675695	 4.745222
4	 3	 3	 4	 10.778591	 4.149162
4	 3	 3	 5	 12.343323	 4.229113
4	 3	 3	 6	 10.675515	 5.497136
4	 3	 4	 1	 11.128664	 4.444853
4	 3	 4	 2	 11.067473	 4.610098
4	 3	 4	 3	 6.823015	 4.615305
4	 3	 4	 4	 5.329242	 5.796060
4	 3	 4	 5	 8.665899	 5.384220
4	 3	 4	 6	 13.124821	 6.201981
4	 3	 5	 1	 -0.334303	 7.762818
4	 3	 5	 2	 14.860104	 6.337139
4	 3	 5	 3	 13.975413	 5.721907
4	 3	 5	 4	 6.132830	 9.446591
4	 3	 5	 5	 12.884255	 8.167355
4	 3	 5	 6	 4.989834	 8.314105
4	 3	 6	 1	 10.582726	 7.830910
4	 3	 6	 2	 13.531761	 9.442953
4	 3	 6	 3	 9.639987	 9.903648
4	 3	 6	 4	 -7.787073	 29.608836
4	 3	 6	 5	 -1.101789	 20.304935
4	 3	 6	 6	 12.627606	 0.039586
4	 3	 7	 1	 14.646006	 0.241189
4	 3	 7	 2	 17.799380	 40.740337
4	 3	 7	 3	 10.585636	 0.698024
4	 3	 7	 4	 17.809506	 0.580228
4	 3	 7	 5	 8.150306	 1.837770
4	 3	 7	 6	 15.562306	 1.859180
4	 4	 1	 1	 15.374837	 5.969970
4	 4	 1	 2	 12.813566	 11.984917
4	 4	 1	 3	 15.800937	 0.054319
4	 4	 1	 4	 11.858574	 7.855247
4	 4	 1	 5	 18.366540	 7.392150
4	 4	 1	 6	 17.382581	 7.973572
4	 4	 2	 1	 15.192136	 7.619613
4	 4	 2	 2	 11.213989	 8.476996
4	 4	 2	 3	 11.893053	 4.971112
4	 4	 2	 4	 10.680585	 6.210813
4	 4	 2	 5	 -0.958962	 6.932143
4	 4	 2	 6	 13.399898	 4.463918
4	 4	 3	 1	 10.625495	 4.647150
4	 4	 3	 2	 4.603189	 9.060411
4	 4	 3	 3	 7.608236	 3.743531
4	 4	 3	 4	 11.340270	 5.243734
4	 4	 3	 5	 10.993576	 5.797643
4	 4	 3	 6	 8.627061	 4.829186
4	 4	 4	 1	 4.591335	 5.899968
4	 4	 4	 2	 11.589516	 6.812428
4	 4	 4	 3	 11.348749	 4.827534
4	 4	 4	 4	 5.879419	 5.501262
4	 4	 4	 5	 13.973138	 5.669483
4	 4	 4	 6	 8.942439	 5.036435
4	 4	 5	 1	 6.106752	 8.494365
4	 4	 5	 2	 7.764149	 6.565888
4	 4	 5	 3	 7.859975	 7.008774
4	 4	 5	 4	 5.075517	 10.358382
4	 4	 5	 5	 12.192022	 9.672987
4	 4	 5	 6	 14.691200	 17.293898
4	 4	 6	 1	 -1.873246	 13.678313
4	 4	 6	 2	 17.803037	 0.166126
4	 4	 6	 3	 5.675697	 12.618986
4	 4	 6	 4	 10.308203	 14.617229
4	 4	 6	 5	 -22.209901	 49.012183
4	 4	 6	 6	 -2.834816	 42.001396
4	 4	 7	 1	 20.632369	 11.981461
4	 4	 7	 2	 12.278037	 0.831715
4	 4	 7	 3	 10.203677	 1.094060
4	 4	 7	 4	 18.603737	 3.539000
4	 4	 7	 5	 9.446117	 1.744610
4	 4	 7	 6	 8.202427	 4.105340
4	 5	 1	 1	 44.473721	 17.207493
4	 5	 1	 2	 39.463974	 13.557558
4	 5	 1	 3	 40.983063	 12.816695
4	 5	 1	 4	 43.300126	 11.068838
4	 5	 1	 5	 49.512445	 12.293097
4	 5	 1	 6	 48.325706	 9.636096
4	 5	 2	 1	 47.624318	 12.760217
4	 5	 2	 2	 45.737129	 18.635054
4	 5	 2	 3	 42.105969	 9.284495
4	 5	 2	 4	 48.086707	 10.161120
4	 5	 2	 5	 32.289398	 13.836773
4	 5	 2	 6	 49.469298	 18.038222
4	 5	 3	 1	 42.544813	 14.207130
4	 5	 3	 2	 50.213210	 16.726398
4	 5	 3	 3	 32.906032	 16.515334
4	 5	 3	 4	 38.277283	 14.337110
4	 5	 3	 5	 45.841178	 13.540808
4	 5	 3	 6	 43.311481	 14.403688
4	 5	 4	 1	 55.415440	 0.058358
4	 5	 4	 2	 41.032370	 14.188992
4	 5	 4	 3	 50.537413	 12.491933
4	 5	 4	 4	 48.808409	 13.094408
4	 5	 4	 5	 35.114010	 17.212363
4	 5	 4	 6	 42.727577	 16.816095
4	 5	 5	 1	 52.569040	 0.110143
4	 5	 5	 2	 45.684004	 12.009207
4	 5	 5	 3	 45.169672	 13.878044
4	 5	 5	 4	 43.270696	 14.972264
4	 5	 5	 5	 44.033849	 18.392643
4	 5	 5	 6	 44.918983	 13.251208
4	 5	 6	 1	 51.024395	 21.562798
4	 5	 6	 2	 53.843914	 21.571698
4	 5	 6	 3	 44.308840	 0.633388
4	 5	 6	 4	 58.191869	 34.937910
4	 5	 6	 5	 60.039796	 37.026514
4	 5	 6	 6	 54.156340	 1.454030
4	 5	 7	 1	 45.618612	 35.692882
4	 5	 7	 2	 34.565421	 62.560354
4	 5	 7	 3	 28.916248	 56.282770
4	 5	 7	 4	 43.166140	 1.792610
4	 5	 7	 5	 48.096481	 96.460717
4	 5	 7	 6	 54.643940	 10.186000
4	 6	 1	 1	 34.098871	 8.652004
4	 6	 1	 2	 39.393364	 18.968468
4	 6	 1	 3	 37.511325	 13.553387
4	 6	 1	 4	 36.029166	 19.816676
4	 6	 1	 5	 36.756566	 12.911725
4	 6	 1	 6	 31.394778	 10.687955
4	 6	 2	 1	 43.091058	 11.200470
4	 6	 2	 2	 29.439346	 15.219393
4	 6	 2	 3	 38.996358	 12.769549
4	 6	 2	 4	 42.141962	 15.706697
4	 6	 2	 5	 43.948676	 11.382096
4	 6	 2	 6	 42.277053	 9.287388
4	 6	 3	 1	 26.979600	 19.796872
4	 6	 3	 2	 47.400940	 13.500795
4	 6	 3	 3	 44.093901	 11.192340
4	 6	 3	 4	 46.040143	 0.042656
4	 6	 3	 5	 38.484663	 11.109811
4	 6	 3	 6	 39.428463	 11.321224
4	 6	 4	 1	 32.957944	 13.576518
4	 6	 4	 2	 41.321129	 11.183156
4	 6	 4	 3	 41.889115	 10.893960
4	 6	 4	 4	 32.829184	 10.851793
4	 6	 4	 5	 40.160809	 9.692097
4	 6	 4	 6	 53.837243	 0.465687
4	 6	 5	 1	 48.002943	 0.135259
4	 6	 5	 2	 44.935815	 12.485987
4	 6	 5	 3	 48.855684	 15.825670
4	 6	 5	 4	 49.029481	 11.308900
4	 6	 5	 5	 44.223330	 11.482142
4	 6	 5	 6	 48.894938	 23.577004
4	 6	 6	 1	 45.722755	 30.947016
4	 6	 6	 2	 37.180943	 0.795254
4	 6	 6	 3	 39.664718	 27.711927
4	 6	 6	 4	 54.967300	 23.713153
4	 6	 6	 5	 58.558241	 24.187829
4	 6	 6	 6	 43.824583	 33.161528
4	 6	 7	 1	 -28.846862	 106.049356
4	 6	 7	 2	 47.736456	 27.133973
4	 6	 7	 3	 55.577651	 65.154664
4	 6	 7	 4	 50.557043	 7.357000
4	 6	 7	 5	 58.865843	 2.141150
4	 6	 7	 6	 56.734743	 0.724527
5	 1	 1	 1	 46.087089	 16.043195
5	 1	 1	 2	 27.886226	 10.251934
5	 1	 1	 3	 29.347348	 4.757522
5	 1	 1	 4	 24.796652	 3.978753
5	 1	 1	 5	 25.604806	 4.581262
5	 1	 1	 6	 26.146135	 0.018017
5	 1	 2	 1	 29.661911	 5.082786
5	 1	 2	 2	 25.284691	 3.907350
5	 1	 2	 3	 27.628453	 4.284548
5	 1	 2	 4	 29.343600	 3.929434
5	 1	 2	 5	 26.180373	 3.632486
5	 1	 2	 6	 24.528188	 4.251302
5	 1	 3	 1	 23.617131	 8.321100
5	 1	 3	 2	 27.488982	 6.946164
5	 1	 3	 3	 27.022521	 7.063000
5	 1	 3	 4	 25.441669	 7.679756
5	 1	 3	 5	 26.086482	 4.018819
5	 1	 3	 6	 26.338357	 5.293946
5	 1	 4	 1	 26.198200	 5.677297
5	 1	 4	 2	 27.861266	 5.312844
5	 1	 4	 3	 28.161669	 6.899051
5	 1	 4	 4	 26.345146	 6.029263
5	 1	 4	 5	 23.752933	 7.238917
5	 1	 4	 6	 27.788909	 5.885849
5	 1	 5	 1	 28.701038	 4.617879
5	 1	 5	 2	 30.418557	 7.921911
5	 1	 5	 3	 26.320296	 5.846800
5	 1	 5	 4	 25.190497	 8.289602
5	 1	 5	 5	 28.613393	 5.945488
5	 1	 5	 6	 32.905402	 10.807228
5	 1	 6	 1	 24.936054	 6.837893
5	 1	 6	 2	 29.317735	 0.048734
5	 1	 6	 3	 28.080337	 11.206625
5	 1	 6	 4	 31.838437	 16.961583
5	 1	 6	 5	 30.111669	 13.387052
5	 1	 6	 6	 23.539446	 26.334698
5	 1	 7	 1	 29.712235	 0.106169
5	 1	 7	 2	 27.876824	 19.078727
5	 1	 7	 3	 2.632787	 22.547786
5	 1	 7	 4	 17.654964	 17.210409
5	 1	 7	 5	 31.763135	 0.059412
5	 1	 7	 6	 32.948535	 0.230490
5	 2	 1	 1	 -144.014258	 350.849512
5	 2	 1	 2	 5.418217	 3.664912
5	 2	 1	 3	 3.964712	 2.665285
5	 2	 1	 4	 -0.342219	 1.449548
5	 2	 1	 5	 -2.579672	 2.883339
5	 2	 1	 6	 4.507439	 0.017845
5	 2	 2	 1	 1.515545	 1.550520
5	 2	 2	 2	 2.877716	 1.245398
5	 2	 2	 3	 4.426014	 1.346466
5	 2	 2	 4	 4.227609	 1.376634
5	 2	 2	 5	 4.210184	 1.804886
5	 2	 2	 6	 4.706341	 1.297390
5	 2	 3	 1	 0.801287	 1.814429
5	 2	 3	 2	 3.636289	 1.269295
5	 2	 3	 3	 -1.051180	 1.181122
5	 2	 3	 4	 0.282614	 1.050379
5	 2	 3	 5	 1.101697	 1.872494
5	 2	 3	 6	 2.004710	 1.833026
5	 2	 4	 1	 -0.015970	 2.054313
5	 2	 4	 2	 3.745863	 1.698978
5	 2	 4	 3	 -5.631421	 2.612889
5	 2	 4	 4	 -3.850922	 3.953964
5	 2	 4	 5	 2.277441	 1.928062
5	 2	 4	 6	 -0.299791	 2.586267
5	 2	 5	 1	 1.860274	 1.828580
5	 2	 5	 2	 -0.080820	 4.880985
5	 2	 5	 3	 -1.173468	 2.890812
5	 2	 5	 4	 -0.514591	 2.501707
5	 2	 5	 5	 -3.375404	 3.912119
5	 2	 5	 6	 -2.790551	 2.417734
5	 2	 6	 1	 0.462807	 2.349184
5	 2	 6	 2	 1.609700	 3.825052
5	 2	 6	 3	 -20.726386	 16.204619
5	 2	 6	 4	 8.574146	 5.016458
5	 2	 6	 5	 -11.918259	 9.135130
5	 2	 6	 6	 -0.388039	 4.177563
5	 2	 7	 1	 -30.062254	 20.345082
5	 2	 7	 2	 -0.792182	 4.360695
5	 2	 7	 3	 3.235434	 0.129498
5	 2	 7	 4	 3.867913	 0.171391
5	 2	 7	 5	 3.106097	 0.127713
5	 2	 7	 6	 -12.217433	 37.572997
5	 3	 1	 1	 9.519819	 4.254900
5	 3	 1	 2	 2.129311	 10.336261
5	 3	 1	 3	 11.865028	 6.919412
5	 3	 1	 4	 7.428941	 6.191000
5	 3	 1	 5	 11.320049	 0.027811
5	 3	 1	 6	 9.235755	 4.610705
5	 3	 2	 1	 11.664590	 4.020673
5	 3	 2	 2	 11.110059	 0.023415
5	 3	 2	 3	 10.851255	 4.073783
5	 3	 2	 4	 7.663334	 4.706931
5	 3	 2	 5	 5.945907	 3.980710
5	 3	 2	 6	 5.908767	 3.094786
5	 3	 3	 1	 11.352449	 0.026657
5	 3	 3	 2	 7.185061	 3.620008
5	 3	 3	 3	 0.620947	 4.430800
5	 3	 3	 4	 8.069072	 3.212774
5	 3	 3	 5	 8.010404	 3.338827
5	 3	 3	 6	 9.770060	 3.046862
5	 3	 4	 1	 7.264254	 3.330740
5	 3	 4	 2	 7.553795	 5.404490
5	 3	 4	 3	 2.982472	 3.684233
5	 3	 4	 4	 -4.283858	 4.592406
5	 3	 4	 5	 5.843768	 4.444714
5	 3	 4	 6	 3.109929	 4.436061
5	 3	 5	 1	 4.725888	 5.221782
5	 3	 5	 2	 4.936951	 4.482347
5	 3	 5	 3	 8.775504	 4.862556
5	 3	 5	 4	 3.245608	 5.689741
5	 3	 5	 5	 5.215189	 5.850336
5	 3	 5	 6	 5.118888	 9.243949
5	 3	 6	 1	 13.869646	 9.772946
5	 3	 6	 2	 10.839268	 8.501773
5	 3	 6	 3	 15.378335	 13.787509
5	 3	 6	 4	 12.792815	 11.856038
5	 3	 6	 5	 10.268559	 0.127837
5	 3	 6	 6	 -28.814988	 30.482619
5	 3	 7	 1	 5.443938	 14.872207
5	 3	 7	 2	 11.712149	 0.455167
5	 3	 7	 3	 9.295899	 0.688711
5	 3	 7	 4	 11.963549	 0.288429
5	 3	 7	 5	 13.200949	 1.111480
5	 3	 7	 6	 8.703969	 3.777730
5	 4	 1	 1	 15.817063	 4.590380
5	 4	 1	 2	 14.765663	 0.428280
5	 4	 1	 3	 10.787893	 0.050407
5	 4	 1	 4	 11.633163	 0.034539
5	 4	 1	 5	 12.260963	 0.032662
5	 4	 1	 6	 10.632211	 4.398961
5	 4	 2	 1	 11.445963	 0.027654
5	 4	 2	 2	 10.561755	 4.345692
5	 4	 2	 3	 11.815452	 3.942491
5	 4	 2	 4	 9.315639	 3.622705
5	 4	 2	 5	 4.614618	 4.676439
5	 4	 2	 6	 10.790415	 3.682969
5	 4	 3	 1	 8.286445	 3.644956
5	 4	 3	 2	 8.024963	 3.724090
5	 4	 3	 3	 2.230151	 3.503935
5	 4	 3	 4	 3.366710	 3.325283
5	 4	 3	 5	 6.246598	 4.105786
5	 4	 3	 6	 7.074716	 3.844439
5	 4	 4	 1	 7.779539	 3.752373
5	 4	 4	 2	 4.461048	 4.419410
5	 4	 4	 3	 5.026338	 4.261076
5	 4	 4	 4	 1.176730	 3.645630
5	 4	 4	 5	 8.423166	 3.542551
5	 4	 4	 6	 2.021450	 4.051149
5	 4	 5	 1	 5.214227	 4.681046
5	 4	 5	 2	 5.267250	 4.886331
5	 4	 5	 3	 9.608451	 6.158592
5	 4	 5	 4	 6.327449	 7.196789
5	 4	 5	 5	 5.643790	 11.524192
5	 4	 5	 6	 4.987104	 10.206200
5	 4	 6	 1	 13.077995	 12.113053
5	 4	 6	 2	 -19.882464	 35.822309
5	 4	 6	 3	 15.673571	 12.340391
5	 4	 6	 4	 0.542913	 11.435826
5	 4	 6	 5	 6.234714	 9.449115
5	 4	 6	 6	 6.101919	 24.830929
5	 4	 7	 1	 1050.179246	 21501.689472
5	 4	 7	 2	 4.993389	 19.105869
5	 4	 7	 3	 8.208614	 17.636466
5	 4	 7	 4	 5.732253	 1.356980
5	 4	 7	 5	 18.098963	 4.407000
5	 4	 7	 6	 18.098963	 4.407000
5	 5	 1	 1	 34.857667	 3.359150
5	 5	 1	 2	 45.115548	 11.222816
5	 5	 1	 3	 41.250993	 17.416999
5	 5	 1	 4	 47.135881	 15.733432
5	 5	 1	 5	 44.962050	 15.552116
5	 5	 1	 6	 46.924601	 13.649153
5	 5	 2	 1	 54.980751	 15.716076
5	 5	 2	 2	 43.165087	 21.121210
5	 5	 2	 3	 44.660583	 14.915736
5	 5	 2	 4	 46.345266	 10.398817
5	 5	 2	 5	 39.950985	 12.129232
5	 5	 2	 6	 45.951766	 10.198331
5	 5	 3	 1	 47.778872	 9.737928
5	 5	 3	 2	 48.814397	 9.091896
5	 5	 3	 3	 44.648080	 9.752113
5	 5	 3	 4	 38.587815	 8.681338
5	 5	 3	 5	 51.620085	 8.856444
5	 5	 3	 6	 43.778460	 15.129005
5	 5	 4	 1	 37.809129	 11.776008
5	 5	 4	 2	 40.518650	 11.480415
5	 5	 4	 3	 44.724269	 14.615126
5	 5	 4	 4	 43.554873	 15.221071
5	 5	 4	 5	 38.173773	 12.972660
5	 5	 4	 6	 33.565149	 14.361194
5	 5	 5	 1	 46.867036	 16.068524
5	 5	 5	 2	 38.399440	 21.616102
5	 5	 5	 3	 53.065932	 12.573839
5	 5	 5	 4	 49.228192	 15.542475
5	 5	 5	 5	 49.900290	 17.668325
5	 5	 5	 6	 27.762871	 26.788296
5	 5	 6	 1	 41.410770	 28.080619
5	 5	 6	 2	 47.143009	 21.554611
5	 5	 6	 3	 49.344367	 5.697000
5	 5	 6	 4	 47.014867	 0.449941
5	 5	 6	 5	 51.251367	 15.424000
5	 5	 6	 6	 42.458126	 23.684047
5	 5	 7	 1	 42.821973	 35.032751
5	 5	 7	 2	 50.473279	 34.630639
5	 5	 7	 3	 46.973967	 0.881924
5	 5	 7	 4	 51.781067	 12.138100
5	 5	 7	 5	 42.870867	 3.377560
5	 5	 7	 6	 57.097067	 11.686400
5	 6	 1	 1	 34.523106	 10.624892
5	 6	 1	 2	 36.417093	 8.826878
5	 6	 1	 3	 40.085555	 14.493288
5	 6	 1	 4	 39.408231	 10.787290
5	 6	 1	 5	 34.442634	 9.720050
5	 6	 1	 6	 32.080910	 8.954037
5	 6	 2	 1	 46.810707	 11.226567
5	 6	 2	 2	 48.536622	 10.563266
5	 6	 2	 3	 46.398540	 0.018562
5	 6	 2	 4	 40.147747	 14.345711
5	 6	 2	 5	 41.056072	 13.340855
5	 6	 2	 6	 45.433314	 11.144136
5	 6	 3	 1	 44.070096	 11.307941
5	 6	 3	 2	 48.502940	 0.036026
5	 6	 3	 3	 41.841666	 11.393670
5	 6	 3	 4	 48.019853	 9.837817
5	 6	 3	 5	 43.060920	 8.740437
5	 6	 3	 6	 42.143573	 9.148927
5	 6	 4	 1	 45.467811	 14.680684
5	 6	 4	 2	 38.261575	 12.513936
5	 6	 4	 3	 38.252476	 7.517297
5	 6	 4	 4	 46.551428	 15.598353
5	 6	 4	 5	 36.239687	 14.680780
5	 6	 4	 6	 44.230341	 9.247670
5	 6	 5	 1	 40.473445	 9.977087
5	 6	 5	 2	 41.182302	 13.138697
5	 6	 5	 3	 38.462538	 21.157542
5	 6	 5	 4	 30.487525	 19.351327
5	 6	 5	 5	 47.382969	 14.023263
5	 6	 5	 6	 51.387582	 13.867258
5	 6	 6	 1	 40.844901	 17.028935
5	 6	 6	 2	 46.172872	 23.765785
5	 6	 6	 3	 29.219122	 30.938916
5	 6	 6	 4	 44.782707	 19.986691
5	 6	 6	 5	 50.080135	 27.496861
5	 6	 6	 6	 51.282015	 35.051097
5	 6	 7	 1	 50.375772	 36.899079
5	 6	 7	 2	 39.850692	 34.342081
5	 6	 7	 3	 37.658849	 37.573773
5	 6	 7	 4	 47.280117	 28.038958
5	 6	 7	 5	 32.890448	 18.889888
5	 6	 7	 6	 79.012940	 176.966000
6	 1	 1	 1	 2.120017	 4.326201
6	 1	 1	 2	 9.177373	 2.434614
6	 1	 1	 3	 4.664134	 2.241716
6	 1	 1	 4	 9.895760	 2.987340
6	 1	 1	 5	 9.515379	 3.011223
6	 1	 1	 6	 8.503748	 3.240733
6	 1	 2	 1	 10.641627	 2.687522
6	 1	 2	 2	 10.381871	 2.947113
6	 1	 2	 3	 4.569501	 4.197977
6	 1	 2	 4	 9.338373	 2.282970
6	 1	 2	 5	 10.736908	 3.124290
6	 1	 2	 6	 8.815988	 2.030788
6	 1	 3	 1	 4.676132	 1.843111
6	 1	 3	 2	 5.718146	 2.440320
6	 1	 3	 3	 7.493948	 3.965971
6	 1	 3	 4	 8.025484	 0.021581
6	 1	 3	 5	 6.433128	 3.031128
6	 1	 3	 6	 6.071755	 1.789393
6	 1	 4	 1	 7.940756	 3.041055
6	 1	 4	 2	 10.633490	 2.632498
6	 1	 4	 3	 5.835567	 1.753515
6	 1	 4	 4	 6.117981	 3.762819
6	 1	 4	 5	 2.333900	 3.488706
6	 1	 4	 6	 4.849690	 2.665827
6	 1	 5	 1	 1.643777	 3.657301
6	 1	 5	 2	 7.425867	 2.473899
6	 1	 5	 3	 6.446123	 3.747533
6	 1	 5	 4	 11.081096	 7.130764
6	 1	 5	 5	 2.982794	 5.946828
6	 1	 5	 6	 7.622422	 5.406630
6	 1	 6	 1	 3.539182	 3.748314
6	 1	 6	 2	 5.671901	 8.129984
6	 1	 6	 3	 -0.959646	 5.617385
6	 1	 6	 4	 -22.901853	 12.327920
6	 1	 6	 5	 6.191901	 7.999863
6	 1	 6	 6	 2.884633	 5.146915
6	 1	 7	 1	 7.134177	 6.288471
6	 1	 7	 2	 10.320386	 15.375262
6	 1	 7	 3	 -15.024117	 23.534676
6	 1	 7	 4	 9.390704	 0.130825
6	 1	 7	 5	 8.979854	 0.095615
6	 1	 7	 6	 9.618904	 0.047324
6	 2	 1	 1	 4.717130	 6.991675
6	 2	 1	 2	 7.770858	 3.869997
6	 2	 1	 3	 10.074423	 2.760485
6	 2	 1	 4	 8.389545	 2.857547
6	 2	 1	 5	 6.053556	 2.877335
6	 2	 1	 6	 1.128501	 3.372028
6	 2	 2	 1	 7.606473	 0.018587
6	 2	 2	 2	 6.447652	 1.868114
6	 2	 2	 3	 6.839511	 1.979449
6	 2	 2	 4	 6.158066	 2.787420
6	 2	 2	 5	 8.284071	 2.419125
6	 2	 2	 6	 4.936301	 3.011797
6	 2	 3	 1	 3.483734	 1.875682
6	 2	 3	 2	 5.888711	 3.228439
6	 2	 3	 3	 5.153993	 2.068090
6	 2	 3	 4	 0.271143	 3.120015
6	 2	 3	 5	 5.201661	 4.244663
6	 2	 3	 6	 3.840684	 1.896938
6	 2	 4	 1	 4.909583	 2.822319
6	 2	 4	 2	 0.444598	 3.597806
6	 2	 4	 3	 5.197924	 3.749949
6	 2	 4	 4	 2.989780	 2.350699
6	 2	 4	 5	 3.958719	 2.318836
6	 2	 4	 6	 2.341108	 2.574589
6	 2	 5	 1	 3.269670	 4.356285
6	 2	 5	 2	 9.322710	 4.000118
6	 2	 5	 3	 4.491106	 3.575544
6	 2	 5	 4	 1.622317	 2.609321
6	 2	 5	 5	 3.505665	 3.347475
6	 2	 5	 6	 1.313497	 3.886397
6	 2	 6	 1	 2.010297	 3.917345
6	 2	 6	 2	 3.503804	 3.246426
6	 2	 6	 3	 6.169203	 0.051247
6	 2	 6	 4	 11.311787	 8.988454
6	 2	 6	 5	 0.835272	 6.173952
6	 2	 6	 6	 -14.660362	 17.658099
6	 2	 7	 1	 -27.776616	 24.219735
6	 2	 7	 2	 3.973011	 10.039141
6	 2	 7	 3	 8.743923	 0.192677
6	 2	 7	 4	 0.226900	 10.677776
6	 2	 7	 5	 5.918913	 0.179757
6	 2	 7	 6	 4.988433	 0.222671
6	 3	 1	 1	 -27.731031	 2.345780
6	 3	 1	 2	 -27.657331	 0.082366
6	 3	 1	 3	 -28.247848	 5.715837
6	 3	 1	 4	 -28.724531	 0.033538
6	 3	 1	 5	 -30.905060	 5.376206
6	 3	 1	 6	 -29.412331	 0.017684
6	 3	 2	 1	 -29.409210	 4.550253
6	 3	 2	 2	 -32.517599	 3.963659
6	 3	 2	 3	 -32.276238	 3.894710
6	 3	 2	 4	 -33.264852	 4.089731
6	 3	 2	 5	 -30.719675	 3.685858
6	 3	 2	 6	 -33.297755	 4.151064
6	 3	 3	 1	 -31.915616	 3.671784
6	 3	 3	 2	 -35.620539	 4.476718
6	 3	 3	 3	 -39.829513	 4.457023
6	 3	 3	 4	 -39.040970	 5.680796
6	 3	 3	 5	 -37.553712	 4.158257
6	 3	 3	 6	 -31.030293	 5.726676
6	 3	 4	 1	 -33.818871	 4.462865
6	 3	 4	 2	 -31.326581	 3.659612
6	 3	 4	 3	 -31.851993	 3.909945
6	 3	 4	 4	 -32.792285	 4.365094
6	 3	 4	 5	 -40.957347	 4.738242
6	 3	 4	 6	 -31.844201	 3.475047
6	 3	 5	 1	 -31.910843	 3.756087
6	 3	 5	 2	 -35.331409	 4.080874
6	 3	 5	 3	 -41.366101	 8.127342
6	 3	 5	 4	 -34.140305	 5.290726
6	 3	 5	 5	 -26.710098	 4.517404
6	 3	 5	 6	 -31.442579	 11.816150
6	 3	 6	 1	 -35.187256	 8.555839
6	 3	 6	 2	 -30.059661	 6.048213
6	 3	 6	 3	 -46.799317	 29.369587
6	 3	 6	 4	 -41.844601	 10.774135
6	 3	 6	 5	 -32.223589	 10.147401
6	 3	 6	 6	 -37.443637	 11.980666
6	 3	 7	 1	 -40.163900	 16.239934
6	 3	 7	 2	 -27.212231	 9.906900
6	 3	 7	 3	 -30.559131	 0.749895
6	 3	 7	 4	 -30.070831	 0.892460
6	 3	 7	 5	 -30.803831	 1.479960
6	 3	 7	 6	 -37.557331	 2.732220
6	 4	 1	 1	 -16.207602	 1.202000
6	 4	 1	 2	 -28.072902	 0.147039
6	 4	 1	 3	 -28.557402	 0.055938
6	 4	 1	 4	 -25.581949	 3.845678
6	 4	 1	 5	 -34.563345	 7.012000
6	 4	 1	 6	 -29.446791	 4.446931
6	 4	 2	 1	 -29.091204	 4.145406
6	 4	 2	 2	 -37.649951	 7.969119
6	 4	 2	 3	 -28.627002	 0.025467
6	 4	 2	 4	 -30.737885	 4.024076
6	 4	 2	 5	 -35.782910	 4.999993
6	 4	 2	 6	 -34.485821	 4.398620
6	 4	 3	 1	 -32.027210	 3.949796
6	 4	 3	 2	 -35.330931	 4.470534
6	 4	 3	 3	 -32.823081	 3.690992
6	 4	 3	 4	 -34.604095	 4.411051
6	 4	 3	 5	 -33.218823	 4.229746
6	 4	 3	 6	 -35.009039	 4.447331
6	 4	 4	 1	 -32.370496	 3.801072
6	 4	 4	 2	 -32.339392	 2.936460
6	 4	 4	 3	 -32.047982	 4.271593
6	 4	 4	 4	 -36.076616	 4.494120
6	 4	 4	 5	 -34.073058	 3.919243
6	 4	 4	 6	 -36.000651	 4.883739
6	 4	 5	 1	 -36.972838	 4.303895
6	 4	 5	 2	 -39.134029	 6.386465
6	 4	 5	 3	 -32.753343	 4.667712
6	 4	 5	 4	 -39.506780	 11.125206
6	 4	 5	 5	 -34.877252	 9.333413
6	 4	 5	 6	 -28.145959	 4.436713
6	 4	 6	 1	 -45.709743	 23.926834
6	 4	 6	 2	 -34.660487	 9.248988
6	 4	 6	 3	 -35.858001	 10.413901
6	 4	 6	 4	 -29.223202	 0.385480
6	 4	 6	 5	 -34.391715	 10.058072
6	 4	 6	 6	 -30.946002	 0.422999
6	 4	 7	 1	 -28.949402	 0.106700
6	 4	 7	 2	 -59.409494	 51.667560
6	 4	 7	 3	 -34.249702	 0.810159
6	 4	 7	 4	 -33.195802	 1.583650
6	 4	 7	 5	 -34.573002	 1.784530
6	 4	 7	 6	 -35.280402	 2.707830
6	 5	 1	 1	 15.801145	 21.971731
6	 5	 1	 2	 24.318042	 9.461559
6	 5	 1	 3	 1.829685	 9.024477
6	 5	 1	 4	 22.321538	 9.971276
6	 5	 1	 5	 21.539086	 6.059782
6	 5	 1	 6	 20.343516	 5.968832
6	 5	 2	 1	 19.379832	 7.078718
6	 5	 2	 2	 5.909357	 9.988808
6	 5	 2	 3	 15.885718	 7.569200
6	 5	 2	 4	 16.819858	 10.179554
6	 5	 2	 5	 20.494418	 10.060824
6	 5	 2	 6	 18.207096	 7.875324
6	 5	 3	 1	 16.468917	 7.471850
6	 5	 3	 2	 23.109724	 0.037002
6	 5	 3	 3	 20.060566	 6.488088
6	 5	 3	 4	 15.601109	 7.385069
6	 5	 3	 5	 21.283437	 6.663538
6	 5	 3	 6	 7.147344	 12.031058
6	 5	 4	 1	 18.139665	 9.542102
6	 5	 4	 2	 22.588549	 12.216967
6	 5	 4	 3	 12.639726	 10.664393
6	 5	 4	 4	 21.349875	 6.959133
6	 5	 4	 5	 16.266038	 10.293005
6	 5	 4	 6	 25.904824	 0.117948
6	 5	 5	 1	 12.703138	 7.303608
6	 5	 5	 2	 27.126710	 6.622069
6	 5	 5	 3	 21.844224	 0.190753
6	 5	 5	 4	 19.106691	 8.988634
6	 5	 5	 5	 15.290627	 8.578794
6	 5	 5	 6	 21.995497	 9.266129
6	 5	 6	 1	 1.505395	 17.717513
6	 5	 6	 2	 15.999153	 10.850233
6	 5	 6	 3	 21.054855	 19.903847
6	 5	 6	 4	 12.913095	 16.567965
6	 5	 6	 5	 12.708725	 22.927334
6	 5	 6	 6	 26.547857	 25.022005
6	 5	 7	 1	 22.191324	 6.854000
6	 5	 7	 2	 23.017502	 39.996957
6	 5	 7	 3	 22.191324	 6.854000
6	 5	 7	 4	 14.393724	 1.783080
6	 5	 7	 5	 -41.489683	 61.585853
6	 5	 7	 6	 30.151724	 5.761190
6	 6	 1	 1	 25.302517	 13.984102
6	 6	 1	 2	 23.346473	 1.191000
6	 6	 1	 3	 16.590900	 11.827260
6	 6	 1	 4	 11.824663	 7.662274
6	 6	 1	 5	 8.311601	 9.014369
6	 6	 1	 6	 14.694554	 8.339323
6	 6	 2	 1	 6.724344	 9.184142
6	 6	 2	 2	 12.306392	 8.511869
6	 6	 2	 3	 9.891515	 5.240784
6	 6	 2	 4	 17.575573	 2.602030
6	 6	 2	 5	 11.207001	 5.301643
6	 6	 2	 6	 13.045689	 5.827073
6	 6	 3	 1	 15.405380	 7.595159
6	 6	 3	 2	 13.306453	 6.548036
6	 6	 3	 3	 12.976103	 7.823969
6	 6	 3	 4	 12.541673	 0.070487
6	 6	 3	 5	 14.053395	 4.624233
6	 6	 3	 6	 10.359209	 5.024040
6	 6	 4	 1	 11.574339	 4.901733
6	 6	 4	 2	 17.288273	 0.079782
6	 6	 4	 3	 13.725169	 8.061440
6	 6	 4	 4	 10.213366	 8.431658
6	 6	 4	 5	 2.859422	 5.108149
6	 6	 4	 6	 13.270157	 6.668531
6	 6	 5	 1	 16.095461	 8.909537
6	 6	 5	 2	 14.651725	 9.683880
6	 6	 5	 3	 7.854170	 11.434938
6	 6	 5	 4	 19.887373	 0.211571
6	 6	 5	 5	 30.894175	 13.162723
6	 6	 5	 6	 25.144088	 11.336048
6	 6	 6	 1	 14.467775	 9.081320
6	 6	 6	 2	 12.460357	 13.328581
6	 6	 6	 3	 18.849581	 9.854850
6	 6	 6	 4	 21.762893	 12.948213
6	 6	 6	 5	 17.174615	 14.500906
6	 6	 6	 6	 5.401476	 17.998873
6	 6	 7	 1	 17.608873	 3.289930
6	 6	 7	 2	 30.084000	 18.672967
6	 6	 7	 3	 18.715290	 17.812886
6	 6	 7	 4	 31.218687	 29.730358
6	 6	 7	 5	 29.401100	 46.981169
6	 6	 7	 6	 426.603024	 1517.419774
