#& Sector Superlayer Slot Cable T0Correction T0Error
1	 1	 1	 1	 0.770858	 3.915643
1	 1	 1	 2	 3.698265	 2.047143
1	 1	 1	 3	 1.755165	 2.050812
1	 1	 1	 4	 2.599540	 1.868991
1	 1	 1	 5	 4.003407	 1.637637
1	 1	 1	 6	 3.050646	 1.827577
1	 1	 2	 1	 2.883023	 0.820981
1	 1	 2	 2	 3.627517	 1.746549
1	 1	 2	 3	 2.822934	 1.502427
1	 1	 2	 4	 4.391238	 1.357399
1	 1	 2	 5	 3.855072	 1.479279
1	 1	 2	 6	 4.698002	 1.364666
1	 1	 3	 1	 3.698265	 1.863804
1	 1	 3	 2	 5.455724	 2.066627
1	 1	 3	 3	 2.816269	 1.665155
1	 1	 3	 4	 2.787247	 1.632899
1	 1	 3	 5	 0.028316	 2.051487
1	 1	 3	 6	 1.442095	 3.886852
1	 1	 4	 1	 2.039660	 1.831786
1	 1	 4	 2	 6.004409	 0.023417
1	 1	 4	 3	 0.446824	 1.254131
1	 1	 4	 4	 -4.601606	 3.061083
1	 1	 4	 5	 2.536643	 2.057413
1	 1	 4	 6	 1.604330	 2.090890
1	 1	 5	 1	 5.193690	 2.349262
1	 1	 5	 2	 -0.634529	 2.244622
1	 1	 5	 3	 3.304060	 2.379718
1	 1	 5	 4	 1.084307	 2.425334
1	 1	 5	 5	 2.378762	 4.128578
1	 1	 5	 6	 2.191457	 3.315950
1	 1	 6	 1	 6.574861	 4.819289
1	 1	 6	 2	 1.154380	 4.785525
1	 1	 6	 3	 3.303928	 4.454386
1	 1	 6	 4	 1.871654	 3.653827
1	 1	 6	 5	 5.363012	 3.309288
1	 1	 6	 6	 1.188725	 8.787686
1	 1	 7	 1	 4.295041	 4.949543
1	 1	 7	 2	 -2.769835	 5.729528
1	 1	 7	 3	 10.929667	 6.230386
1	 1	 7	 4	 -17.259311	 37.052964
1	 1	 7	 5	 3.932114	 0.131229
1	 1	 7	 6	 5.071119	 0.220162
1	 2	 1	 1	 -19.266483	 7.095503
1	 2	 1	 2	 -22.869360	 3.378545
1	 2	 1	 3	 -19.809821	 3.215174
1	 2	 1	 4	 -19.669322	 2.972644
1	 2	 1	 5	 -18.978769	 2.511216
1	 2	 1	 6	 -20.005512	 2.014381
1	 2	 2	 1	 -17.185728	 1.990762
1	 2	 2	 2	 -17.958083	 1.571210
1	 2	 2	 3	 -20.046289	 0.016662
1	 2	 2	 4	 -20.920239	 2.199598
1	 2	 2	 5	 -20.554040	 2.063694
1	 2	 2	 6	 -23.068542	 3.099874
1	 2	 3	 1	 -23.114024	 2.011451
1	 2	 3	 2	 -19.661618	 2.187894
1	 2	 3	 3	 -24.526140	 3.601268
1	 2	 3	 4	 -23.992509	 2.294721
1	 2	 3	 5	 -18.320151	 1.843131
1	 2	 3	 6	 -19.927198	 2.309268
1	 2	 4	 1	 -22.634517	 2.155388
1	 2	 4	 2	 -21.287017	 2.540896
1	 2	 4	 3	 -23.623915	 3.426465
1	 2	 4	 4	 -23.649783	 2.630171
1	 2	 4	 5	 -23.255781	 2.572935
1	 2	 4	 6	 -25.130766	 2.750744
1	 2	 5	 1	 -20.729621	 2.961131
1	 2	 5	 2	 -21.947776	 3.857981
1	 2	 5	 3	 -22.560462	 3.990611
1	 2	 5	 4	 -19.654754	 2.516605
1	 2	 5	 5	 -18.217889	 0.036861
1	 2	 5	 6	 -23.190730	 5.720137
1	 2	 6	 1	 -19.447478	 3.803424
1	 2	 6	 2	 -22.150731	 4.240666
1	 2	 6	 3	 -43.871782	 13.662567
1	 2	 6	 4	 -24.650653	 6.719211
1	 2	 6	 5	 -21.829562	 5.327337
1	 2	 6	 6	 -20.999816	 6.944874
1	 2	 7	 1	 -20.071289	 0.102732
1	 2	 7	 2	 -18.978389	 0.143885
1	 2	 7	 3	 -19.650189	 0.142191
1	 2	 7	 4	 -35.338686	 14.295017
1	 2	 7	 5	 -19.380389	 0.176544
1	 2	 7	 6	 -39.628833	 12.505214
1	 3	 1	 1	 -15.200306	 3.818290
1	 3	 1	 2	 -13.988806	 0.073424
1	 3	 1	 3	 -16.550706	 0.032217
1	 3	 1	 4	 -18.573336	 2.756715
1	 3	 1	 5	 -15.919600	 1.841674
1	 3	 1	 6	 -15.541806	 0.027887
1	 3	 2	 1	 -16.774006	 0.028137
1	 3	 2	 2	 -15.449882	 1.836657
1	 3	 2	 3	 -18.731883	 2.063308
1	 3	 2	 4	 -18.617348	 2.002391
1	 3	 2	 5	 -19.442299	 2.199386
1	 3	 2	 6	 -25.195237	 4.272269
1	 3	 3	 1	 -24.822952	 3.361937
1	 3	 3	 2	 -17.687248	 1.752815
1	 3	 3	 3	 -12.907751	 1.598736
1	 3	 3	 4	 -32.625635	 5.512741
1	 3	 3	 5	 -19.603271	 1.720236
1	 3	 3	 6	 -23.524430	 3.840735
1	 3	 4	 1	 -23.257266	 2.457807
1	 3	 4	 2	 -18.818775	 2.729400
1	 3	 4	 3	 -26.189964	 5.207785
1	 3	 4	 4	 -21.634363	 2.623536
1	 3	 4	 5	 -17.740536	 2.384203
1	 3	 4	 6	 -22.702596	 2.909763
1	 3	 5	 1	 -22.041029	 4.885213
1	 3	 5	 2	 -22.691116	 5.088100
1	 3	 5	 3	 -19.608438	 4.426666
1	 3	 5	 4	 -21.326460	 5.472620
1	 3	 5	 5	 -13.418791	 2.838753
1	 3	 5	 6	 -13.113523	 4.576821
1	 3	 6	 1	 -13.171748	 3.986264
1	 3	 6	 2	 -17.528224	 4.575985
1	 3	 6	 3	 -12.794008	 5.550006
1	 3	 6	 4	 -26.100209	 12.145356
1	 3	 6	 5	 -8.817350	 5.819728
1	 3	 6	 6	 -20.014628	 13.876702
1	 3	 7	 1	 -15.228006	 0.053604
1	 3	 7	 2	 -14.968406	 0.317304
1	 3	 7	 3	 -19.446206	 0.710913
1	 3	 7	 4	 -20.652306	 0.994972
1	 3	 7	 5	 -19.241206	 1.749730
1	 3	 7	 6	 -22.219906	 3.606850
1	 4	 1	 1	 -24.538901	 14.528700
1	 4	 1	 2	 -16.793243	 3.464595
1	 4	 1	 3	 -18.121583	 2.901254
1	 4	 1	 4	 -16.111105	 2.113089
1	 4	 1	 5	 -16.289201	 0.026415
1	 4	 1	 6	 -26.239672	 6.668652
1	 4	 2	 1	 -18.451477	 1.931286
1	 4	 2	 2	 -36.544056	 8.086796
1	 4	 2	 3	 -14.400659	 2.115479
1	 4	 2	 4	 -23.679954	 5.209138
1	 4	 2	 5	 -16.927501	 0.028957
1	 4	 2	 6	 -15.506470	 2.508828
1	 4	 3	 1	 -21.232977	 4.105072
1	 4	 3	 2	 -25.358994	 2.610958
1	 4	 3	 3	 -26.927694	 2.970227
1	 4	 3	 4	 -19.591796	 2.588702
1	 4	 3	 5	 -22.381411	 2.137004
1	 4	 3	 6	 -26.430029	 4.459973
1	 4	 4	 1	 -29.198331	 4.104740
1	 4	 4	 2	 -16.694501	 0.040450
1	 4	 4	 3	 -30.456961	 6.357790
1	 4	 4	 4	 -21.263650	 2.879867
1	 4	 4	 5	 -20.623675	 3.255624
1	 4	 4	 6	 -20.864324	 4.943024
1	 4	 5	 1	 -20.883634	 3.784523
1	 4	 5	 2	 -27.602413	 6.522917
1	 4	 5	 3	 -24.853428	 5.733525
1	 4	 5	 4	 -15.933399	 2.954515
1	 4	 5	 5	 -16.376523	 6.805959
1	 4	 5	 6	 -13.750456	 3.733417
1	 4	 6	 1	 -55.424682	 31.841200
1	 4	 6	 2	 -25.782975	 8.175480
1	 4	 6	 3	 -17.218501	 0.166741
1	 4	 6	 4	 -13.974615	 9.376675
1	 4	 6	 5	 -16.878215	 11.747890
1	 4	 6	 6	 -63.704285	 94.830864
1	 4	 7	 1	 -17.418304	 12.008435
1	 4	 7	 2	 -33.643395	 23.769731
1	 4	 7	 3	 -7.253192	 16.220429
1	 4	 7	 4	 -23.518901	 1.971960
1	 4	 7	 5	 -9.129501	 99.887500
1	 4	 7	 6	 -21.286601	 2.748620
1	 5	 1	 1	 14.423703	 15.610897
1	 5	 1	 2	 16.539136	 5.522674
1	 5	 1	 3	 14.517426	 10.584656
1	 5	 1	 4	 24.820361	 6.222766
1	 5	 1	 5	 25.316901	 7.930187
1	 5	 1	 6	 27.170469	 7.055173
1	 5	 2	 1	 23.002664	 6.702759
1	 5	 2	 2	 24.043989	 8.618466
1	 5	 2	 3	 20.924875	 12.872991
1	 5	 2	 4	 29.081657	 10.754383
1	 5	 2	 5	 22.102542	 9.052762
1	 5	 2	 6	 29.545537	 0.030024
1	 5	 3	 1	 16.369703	 9.775428
1	 5	 3	 2	 21.397839	 8.609719
1	 5	 3	 3	 17.452037	 9.748567
1	 5	 3	 4	 20.422763	 9.125390
1	 5	 3	 5	 28.524808	 10.250623
1	 5	 3	 6	 22.329234	 8.756954
1	 5	 4	 1	 12.650837	 10.731973
1	 5	 4	 2	 26.480356	 10.839994
1	 5	 4	 3	 29.229837	 0.074309
1	 5	 4	 4	 27.090981	 7.181755
1	 5	 4	 5	 22.224654	 13.063206
1	 5	 4	 6	 25.662357	 8.672768
1	 5	 5	 1	 7.599425	 13.542715
1	 5	 5	 2	 26.661641	 9.754733
1	 5	 5	 3	 21.741443	 10.973054
1	 5	 5	 4	 25.948277	 13.966535
1	 5	 5	 5	 19.192318	 10.296455
1	 5	 5	 6	 34.066052	 12.965428
1	 5	 6	 1	 21.448663	 8.801511
1	 5	 6	 2	 29.466382	 8.809440
1	 5	 6	 3	 25.057423	 18.310852
1	 5	 6	 4	 19.366118	 21.126704
1	 5	 6	 5	 20.857137	 0.743962
1	 5	 6	 6	 43.842714	 26.916846
1	 5	 7	 1	 41.654837	 52.194600
1	 5	 7	 2	 25.969631	 33.628268
1	 5	 7	 3	 17.446337	 1.953950
1	 5	 7	 4	 33.583637	 7.634000
1	 5	 7	 5	 40.277737	 0.866746
1	 5	 7	 6	 43.811437	 13.204500
1	 6	 1	 1	 9.580794	 9.025498
1	 6	 1	 2	 20.324301	 8.509423
1	 6	 1	 3	 12.552758	 8.845516
1	 6	 1	 4	 9.046305	 14.993488
1	 6	 1	 5	 6.861916	 12.974435
1	 6	 1	 6	 17.133493	 5.699735
1	 6	 2	 1	 18.080342	 5.834736
1	 6	 2	 2	 15.200161	 8.459196
1	 6	 2	 3	 17.330199	 5.739969
1	 6	 2	 4	 21.633549	 0.012207
1	 6	 2	 5	 15.478747	 8.256850
1	 6	 2	 6	 13.136844	 6.667473
1	 6	 3	 1	 15.416770	 7.742964
1	 6	 3	 2	 10.763528	 6.816763
1	 6	 3	 3	 15.225409	 6.107355
1	 6	 3	 4	 17.149151	 7.268714
1	 6	 3	 5	 5.114089	 9.714894
1	 6	 3	 6	 12.203625	 8.234964
1	 6	 4	 1	 15.615898	 7.775566
1	 6	 4	 2	 15.794308	 5.879237
1	 6	 4	 3	 13.703634	 7.715793
1	 6	 4	 4	 14.238346	 8.057458
1	 6	 4	 5	 16.596409	 14.314161
1	 6	 4	 6	 3.600964	 8.186381
1	 6	 5	 1	 12.040200	 12.352734
1	 6	 5	 2	 19.872198	 10.839321
1	 6	 5	 3	 23.448995	 10.875855
1	 6	 5	 4	 15.897251	 7.714454
1	 6	 5	 5	 22.088514	 8.741957
1	 6	 5	 6	 14.991165	 8.937126
1	 6	 6	 1	 11.943513	 16.799888
1	 6	 6	 2	 15.471816	 21.576617
1	 6	 6	 3	 34.874572	 14.942918
1	 6	 6	 4	 19.078549	 0.566717
1	 6	 6	 5	 14.659855	 16.120826
1	 6	 6	 6	 17.708787	 21.770722
1	 6	 7	 1	 43.909204	 25.236771
1	 6	 7	 2	 39.394919	 35.915970
1	 6	 7	 3	 30.870041	 45.162210
1	 6	 7	 4	 34.814568	 50.449297
1	 6	 7	 5	 27.420149	 3.214290
1	 6	 7	 6	 27.999449	 5.225000
2	 1	 1	 1	 15.916406	 6.426936
2	 1	 1	 2	 10.356920	 4.055078
2	 1	 1	 3	 10.982017	 5.434134
2	 1	 1	 4	 6.194805	 3.500156
2	 1	 1	 5	 11.130139	 4.678539
2	 1	 1	 6	 -3.681135	 7.779955
2	 1	 2	 1	 6.424972	 2.749149
2	 1	 2	 2	 12.687222	 2.407786
2	 1	 2	 3	 10.847997	 2.867203
2	 1	 2	 4	 13.658650	 3.279771
2	 1	 2	 5	 13.561175	 4.120655
2	 1	 2	 6	 18.258743	 4.610653
2	 1	 3	 1	 11.359914	 3.770603
2	 1	 3	 2	 15.748581	 3.813206
2	 1	 3	 3	 11.818020	 2.963831
2	 1	 3	 4	 11.219206	 2.711087
2	 1	 3	 5	 11.661743	 3.306744
2	 1	 3	 6	 11.658546	 3.045373
2	 1	 4	 1	 15.369593	 5.145212
2	 1	 4	 2	 12.623788	 2.814975
2	 1	 4	 3	 12.369123	 2.876936
2	 1	 4	 4	 11.369847	 3.944187
2	 1	 4	 5	 10.964040	 4.316871
2	 1	 4	 6	 12.096383	 3.201946
2	 1	 5	 1	 14.102293	 0.032849
2	 1	 5	 2	 11.736651	 3.695790
2	 1	 5	 3	 10.470157	 4.044899
2	 1	 5	 4	 3.769982	 4.111949
2	 1	 5	 5	 9.558023	 7.809732
2	 1	 5	 6	 10.972383	 4.935867
2	 1	 6	 1	 12.177037	 7.991030
2	 1	 6	 2	 18.090565	 6.316065
2	 1	 6	 3	 10.575505	 7.544936
2	 1	 6	 4	 11.112137	 8.947086
2	 1	 6	 5	 6.065454	 10.315771
2	 1	 6	 6	 -1.242808	 19.557334
2	 1	 7	 1	 12.155817	 7.685135
2	 1	 7	 2	 5.464621	 8.099565
2	 1	 7	 3	 14.199093	 0.166562
2	 1	 7	 4	 13.433493	 0.063647
2	 1	 7	 5	 5.930937	 6.396569
2	 1	 7	 6	 16.985693	 0.193318
2	 2	 1	 1	 7.356418	 15.511332
2	 2	 1	 2	 15.388092	 5.080428
2	 2	 1	 3	 13.818084	 4.611070
2	 2	 1	 4	 16.702873	 3.754611
2	 2	 1	 5	 17.094639	 3.749232
2	 2	 1	 6	 13.266354	 4.433550
2	 2	 2	 1	 18.626601	 3.227171
2	 2	 2	 2	 17.142822	 3.560708
2	 2	 2	 3	 16.189212	 4.639345
2	 2	 2	 4	 19.150130	 4.095614
2	 2	 2	 5	 15.936752	 0.017772
2	 2	 2	 6	 12.504341	 3.473546
2	 2	 3	 1	 13.979152	 0.019974
2	 2	 3	 2	 12.750972	 2.632631
2	 2	 3	 3	 11.749688	 3.347309
2	 2	 3	 4	 10.810546	 2.922952
2	 2	 3	 5	 9.791208	 3.033994
2	 2	 3	 6	 10.264499	 2.996004
2	 2	 4	 1	 13.800528	 3.462719
2	 2	 4	 2	 18.085506	 4.859472
2	 2	 4	 3	 10.503842	 4.337267
2	 2	 4	 4	 9.003253	 4.576140
2	 2	 4	 5	 16.885900	 5.468055
2	 2	 4	 6	 12.361930	 3.753874
2	 2	 5	 1	 8.502217	 5.038216
2	 2	 5	 2	 9.911803	 3.979096
2	 2	 5	 3	 12.140824	 3.613464
2	 2	 5	 4	 7.058725	 5.071059
2	 2	 5	 5	 4.465728	 6.671895
2	 2	 5	 6	 6.745286	 7.017546
2	 2	 6	 1	 0.211848	 8.398213
2	 2	 6	 2	 8.654920	 6.964331
2	 2	 6	 3	 9.480175	 9.087784
2	 2	 6	 4	 11.512843	 7.812471
2	 2	 6	 5	 12.762118	 9.542737
2	 2	 6	 6	 11.300601	 7.553735
2	 2	 7	 1	 10.107416	 10.311607
2	 2	 7	 2	 15.646652	 0.690234
2	 2	 7	 3	 18.350452	 0.313706
2	 2	 7	 4	 15.333652	 0.211912
2	 2	 7	 5	 15.909052	 0.257461
2	 2	 7	 6	 16.184252	 0.249777
2	 3	 1	 1	 30.700499	 2.363320
2	 3	 1	 2	 25.892351	 14.104430
2	 3	 1	 3	 17.847097	 10.780085
2	 3	 1	 4	 17.939199	 0.030521
2	 3	 1	 5	 18.724294	 5.445469
2	 3	 1	 6	 11.916519	 7.882710
2	 3	 2	 1	 16.541733	 4.261090
2	 3	 2	 2	 21.162039	 6.698196
2	 3	 2	 3	 18.534529	 3.997665
2	 3	 2	 4	 9.348234	 10.769449
2	 3	 2	 5	 14.671202	 6.360966
2	 3	 2	 6	 16.214779	 4.501483
2	 3	 3	 1	 6.698370	 8.038320
2	 3	 3	 2	 13.494800	 3.981968
2	 3	 3	 3	 5.766530	 4.857374
2	 3	 3	 4	 14.515890	 5.907765
2	 3	 3	 5	 14.860907	 5.962415
2	 3	 3	 6	 10.833829	 6.107349
2	 3	 4	 1	 14.318488	 5.827964
2	 3	 4	 2	 6.790334	 6.585318
2	 3	 4	 3	 14.101113	 6.857276
2	 3	 4	 4	 9.421705	 6.532029
2	 3	 4	 5	 13.724147	 6.043245
2	 3	 4	 6	 20.457392	 8.629980
2	 3	 5	 1	 17.127437	 7.733811
2	 3	 5	 2	 15.055296	 7.060087
2	 3	 5	 3	 13.584202	 10.485387
2	 3	 5	 4	 22.103342	 8.657149
2	 3	 5	 5	 10.224812	 11.072894
2	 3	 5	 6	 18.608746	 13.843629
2	 3	 6	 1	 12.041101	 12.901831
2	 3	 6	 2	 21.855399	 0.123075
2	 3	 6	 3	 18.602099	 0.073256
2	 3	 6	 4	 21.115951	 29.131654
2	 3	 6	 5	 13.106263	 21.512059
2	 3	 6	 6	 12.015366	 30.097769
2	 3	 7	 1	 16.455849	 51.559647
2	 3	 7	 2	 -1.166479	 56.490332
2	 3	 7	 3	 15.811499	 0.798274
2	 3	 7	 4	 17.251899	 1.355320
2	 3	 7	 5	 21.254799	 9.533030
2	 3	 7	 6	 19.685599	 2.710580
2	 4	 1	 1	 33.931729	 6.497670
2	 4	 1	 2	 18.939945	 23.611594
2	 4	 1	 3	 20.940682	 9.537584
2	 4	 1	 4	 20.138813	 7.511307
2	 4	 1	 5	 17.270293	 7.584799
2	 4	 1	 6	 17.378359	 6.657772
2	 4	 2	 1	 11.198308	 6.214311
2	 4	 2	 2	 20.377972	 7.876292
2	 4	 2	 3	 9.702118	 8.937428
2	 4	 2	 4	 10.870151	 11.625529
2	 4	 2	 5	 12.307796	 4.220575
2	 4	 2	 6	 9.349782	 7.938311
2	 4	 3	 1	 17.837229	 0.034965
2	 4	 3	 2	 13.011479	 4.252003
2	 4	 3	 3	 10.627898	 4.506810
2	 4	 3	 4	 5.503726	 8.752552
2	 4	 3	 5	 11.386861	 4.746628
2	 4	 3	 6	 2.163564	 7.750664
2	 4	 4	 1	 16.665951	 6.790740
2	 4	 4	 2	 14.757612	 4.995222
2	 4	 4	 3	 10.050653	 5.022060
2	 4	 4	 4	 8.271918	 5.661264
2	 4	 4	 5	 11.556055	 4.256467
2	 4	 4	 6	 11.891946	 6.445289
2	 4	 5	 1	 8.981711	 10.804878
2	 4	 5	 2	 25.106898	 9.119086
2	 4	 5	 3	 23.876660	 9.665036
2	 4	 5	 4	 14.869724	 7.100033
2	 4	 5	 5	 3.384163	 13.379370
2	 4	 5	 6	 17.773314	 12.883293
2	 4	 6	 1	 23.223398	 12.707009
2	 4	 6	 2	 20.875277	 12.398100
2	 4	 6	 3	 -5.068426	 16.353280
2	 4	 6	 4	 13.240104	 11.089424
2	 4	 6	 5	 7.476891	 17.334359
2	 4	 6	 6	 6.362320	 32.589862
2	 4	 7	 1	 32.931804	 31.343302
2	 4	 7	 2	 15.549929	 0.767783
2	 4	 7	 3	 14.585929	 0.981205
2	 4	 7	 4	 13.794629	 1.266970
2	 4	 7	 5	 15.137329	 1.997930
2	 4	 7	 6	 25.964229	 21.482100
2	 5	 1	 1	 22.817639	 16.658833
2	 5	 1	 2	 19.175324	 7.567718
2	 5	 1	 3	 22.670081	 9.367651
2	 5	 1	 4	 20.939506	 9.543401
2	 5	 1	 5	 28.830460	 0.010591
2	 5	 1	 6	 19.838753	 8.163989
2	 5	 2	 1	 22.531120	 7.067211
2	 5	 2	 2	 26.759843	 6.390396
2	 5	 2	 3	 24.171131	 9.534469
2	 5	 2	 4	 14.403537	 11.644426
2	 5	 2	 5	 22.844715	 10.692617
2	 5	 2	 6	 10.880888	 9.413085
2	 5	 3	 1	 29.029574	 7.515301
2	 5	 3	 2	 19.309106	 9.562154
2	 5	 3	 3	 16.077021	 10.331015
2	 5	 3	 4	 19.214682	 9.489499
2	 5	 3	 5	 22.549826	 9.366110
2	 5	 3	 6	 30.470392	 10.398438
2	 5	 4	 1	 31.558860	 0.064793
2	 5	 4	 2	 21.653272	 9.171320
2	 5	 4	 3	 19.307575	 7.262132
2	 5	 4	 4	 23.834340	 6.525295
2	 5	 4	 5	 29.904860	 0.085882
2	 5	 4	 6	 28.425257	 8.446931
2	 5	 5	 1	 14.608290	 9.559668
2	 5	 5	 2	 25.419357	 8.258048
2	 5	 5	 3	 27.590030	 6.705967
2	 5	 5	 4	 32.201743	 10.195478
2	 5	 5	 5	 28.814085	 11.405823
2	 5	 5	 6	 23.263979	 10.362863
2	 5	 6	 1	 24.571126	 11.114608
2	 5	 6	 2	 20.658921	 18.044228
2	 5	 6	 3	 17.161260	 0.734133
2	 5	 6	 4	 19.750760	 16.433000
2	 5	 6	 5	 25.847994	 19.248182
2	 5	 6	 6	 10.069274	 35.075747
2	 5	 7	 1	 3.437295	 47.230876
2	 5	 7	 2	 31.948708	 22.478510
2	 5	 7	 3	 15.458760	 3.114220
2	 5	 7	 4	 16.691860	 2.673060
2	 5	 7	 5	 24.528960	 283.133000
2	 5	 7	 6	 30.442660	 4.388000
2	 6	 1	 1	 19.836359	 13.411700
2	 6	 1	 2	 15.357758	 7.002670
2	 6	 1	 3	 14.700807	 6.633526
2	 6	 1	 4	 21.459177	 5.640384
2	 6	 1	 5	 12.904838	 9.214622
2	 6	 1	 6	 24.296975	 8.198424
2	 6	 2	 1	 10.598488	 7.485961
2	 6	 2	 2	 18.120442	 9.553107
2	 6	 2	 3	 9.192165	 8.255954
2	 6	 2	 4	 17.533210	 7.931498
2	 6	 2	 5	 10.797967	 10.995804
2	 6	 2	 6	 25.282710	 12.334114
2	 6	 3	 1	 21.798261	 9.904410
2	 6	 3	 2	 25.085071	 6.844017
2	 6	 3	 3	 19.634011	 6.215531
2	 6	 3	 4	 18.705124	 7.457667
2	 6	 3	 5	 16.493108	 8.168994
2	 6	 3	 6	 25.776704	 8.622803
2	 6	 4	 1	 19.485227	 7.331008
2	 6	 4	 2	 18.144749	 7.724082
2	 6	 4	 3	 12.393052	 6.833475
2	 6	 4	 4	 11.159592	 7.189348
2	 6	 4	 5	 19.361309	 5.988522
2	 6	 4	 6	 19.976018	 7.256328
2	 6	 5	 1	 13.981938	 8.974740
2	 6	 5	 2	 17.414157	 12.476426
2	 6	 5	 3	 13.858768	 10.675102
2	 6	 5	 4	 15.170109	 18.248853
2	 6	 5	 5	 16.043488	 7.912913
2	 6	 5	 6	 24.906304	 13.067469
2	 6	 6	 1	 15.262110	 16.882801
2	 6	 6	 2	 28.096816	 13.472708
2	 6	 6	 3	 32.997066	 15.981400
2	 6	 6	 4	 16.519596	 13.163288
2	 6	 6	 5	 27.266470	 13.150236
2	 6	 6	 6	 25.319637	 0.109236
2	 6	 7	 1	 26.190184	 27.581363
2	 6	 7	 2	 25.392137	 0.206273
2	 6	 7	 3	 22.681358	 24.745832
2	 6	 7	 4	 5.541827	 30.357871
2	 6	 7	 5	 41.804837	 1.549530
2	 6	 7	 6	 24.875137	 4.021000
3	 1	 1	 1	 39.537945	 20.185339
3	 1	 1	 2	 42.596205	 7.987652
3	 1	 1	 3	 41.901860	 0.016929
3	 1	 1	 4	 39.980390	 7.338064
3	 1	 1	 5	 38.605516	 5.718221
3	 1	 1	 6	 41.600842	 6.114040
3	 1	 2	 1	 41.338080	 8.811633
3	 1	 2	 2	 41.615540	 6.536348
3	 1	 2	 3	 39.380802	 7.229182
3	 1	 2	 4	 43.795286	 7.239878
3	 1	 2	 5	 40.403770	 7.156350
3	 1	 2	 6	 40.513359	 7.204392
3	 1	 3	 1	 36.154491	 5.807340
3	 1	 3	 2	 35.892808	 9.494739
3	 1	 3	 3	 38.608183	 8.282419
3	 1	 3	 4	 40.532079	 7.840206
3	 1	 3	 5	 35.230143	 10.367237
3	 1	 3	 6	 40.078060	 11.184093
3	 1	 4	 1	 40.454620	 12.029013
3	 1	 4	 2	 45.509971	 11.228896
3	 1	 4	 3	 37.873222	 7.387667
3	 1	 4	 4	 37.105045	 8.262391
3	 1	 4	 5	 39.148081	 9.924744
3	 1	 4	 6	 38.135179	 8.362419
3	 1	 5	 1	 37.198971	 7.378048
3	 1	 5	 2	 39.425333	 8.475245
3	 1	 5	 3	 38.178850	 7.094144
3	 1	 5	 4	 33.083968	 12.090734
3	 1	 5	 5	 37.349218	 9.088696
3	 1	 5	 6	 38.349771	 14.036049
3	 1	 6	 1	 39.075484	 9.683598
3	 1	 6	 2	 39.670845	 12.112647
3	 1	 6	 3	 32.152160	 25.446338
3	 1	 6	 4	 44.736352	 17.353889
3	 1	 6	 5	 26.554938	 59.115167
3	 1	 6	 6	 35.651234	 23.992492
3	 1	 7	 1	 41.199958	 27.299432
3	 1	 7	 2	 31.380710	 50.606031
3	 1	 7	 3	 39.835628	 23.088636
3	 1	 7	 4	 37.494181	 29.915054
3	 1	 7	 5	 44.512160	 0.161231
3	 1	 7	 6	 43.790660	 0.176222
3	 2	 1	 1	 41.780176	 21.908914
3	 2	 1	 2	 47.524553	 0.023882
3	 2	 1	 3	 45.867269	 8.285109
3	 2	 1	 4	 42.887206	 8.901652
3	 2	 1	 5	 42.328936	 5.279827
3	 2	 1	 6	 46.705226	 6.741951
3	 2	 2	 1	 38.478587	 7.786735
3	 2	 2	 2	 47.123957	 8.505935
3	 2	 2	 3	 40.776533	 9.206012
3	 2	 2	 4	 44.608858	 7.652705
3	 2	 2	 5	 45.156765	 7.492087
3	 2	 2	 6	 41.008548	 7.501816
3	 2	 3	 1	 43.051766	 8.891796
3	 2	 3	 2	 43.412332	 9.241299
3	 2	 3	 3	 40.570671	 8.226005
3	 2	 3	 4	 41.387379	 5.417055
3	 2	 3	 5	 39.090150	 8.939881
3	 2	 3	 6	 42.809923	 7.249683
3	 2	 4	 1	 42.378853	 0.023445
3	 2	 4	 2	 39.388630	 9.211009
3	 2	 4	 3	 35.980803	 8.407708
3	 2	 4	 4	 38.481204	 6.633541
3	 2	 4	 5	 35.598456	 8.363652
3	 2	 4	 6	 33.672661	 8.993736
3	 2	 5	 1	 40.604745	 8.471107
3	 2	 5	 2	 43.040809	 12.123201
3	 2	 5	 3	 35.025169	 11.476967
3	 2	 5	 4	 45.349544	 11.516659
3	 2	 5	 5	 35.400058	 14.128169
3	 2	 5	 6	 36.126584	 15.073800
3	 2	 6	 1	 45.984994	 17.224808
3	 2	 6	 2	 38.333127	 13.865911
3	 2	 6	 3	 39.265272	 20.565301
3	 2	 6	 4	 30.925809	 14.321757
3	 2	 6	 5	 41.727501	 14.173285
3	 2	 6	 6	 41.949326	 10.800487
3	 2	 7	 1	 43.221709	 24.755245
3	 2	 7	 2	 45.932853	 0.164161
3	 2	 7	 3	 44.318508	 17.610071
3	 2	 7	 4	 39.517556	 31.231792
3	 2	 7	 5	 44.378253	 0.261522
3	 2	 7	 6	 46.445573	 25.353350
3	 3	 1	 1	 46.491533	 2.420030
3	 3	 1	 2	 44.098315	 36.253374
3	 3	 1	 3	 40.072533	 0.048930
3	 3	 1	 4	 38.458534	 16.726271
3	 3	 1	 5	 42.624594	 17.817322
3	 3	 1	 6	 41.774771	 15.867629
3	 3	 2	 1	 38.460875	 10.299202
3	 3	 2	 2	 41.344555	 10.993861
3	 3	 2	 3	 44.127324	 12.388009
3	 3	 2	 4	 38.774899	 14.924464
3	 3	 2	 5	 43.127875	 10.601785
3	 3	 2	 6	 33.916997	 13.227809
3	 3	 3	 1	 41.892392	 10.538612
3	 3	 3	 2	 40.082371	 13.361825
3	 3	 3	 3	 42.928104	 12.895329
3	 3	 3	 4	 39.287161	 11.422123
3	 3	 3	 5	 36.247496	 12.722695
3	 3	 3	 6	 44.845003	 12.067224
3	 3	 4	 1	 41.513943	 13.851062
3	 3	 4	 2	 44.319948	 14.636382
3	 3	 4	 3	 48.016492	 11.767747
3	 3	 4	 4	 31.152105	 13.204893
3	 3	 4	 5	 38.836592	 10.530741
3	 3	 4	 6	 38.406822	 18.008415
3	 3	 5	 1	 35.368571	 10.051579
3	 3	 5	 2	 39.786242	 14.277300
3	 3	 5	 3	 24.929976	 23.414178
3	 3	 5	 4	 31.452138	 28.165782
3	 3	 5	 5	 42.497034	 16.735428
3	 3	 5	 6	 50.981138	 28.728873
3	 3	 6	 1	 27.173200	 55.303836
3	 3	 6	 2	 29.619526	 34.937083
3	 3	 6	 3	 22.680146	 30.792804
3	 3	 6	 4	 30.765032	 36.588073
3	 3	 6	 5	 46.175111	 31.537768
3	 3	 6	 6	 35.480887	 75.708460
3	 3	 7	 1	 40.937044	 47.233894
3	 3	 7	 2	 7.335632	 104.632319
3	 3	 7	 3	 39.119233	 0.693647
3	 3	 7	 4	 46.502502	 36.819919
3	 3	 7	 5	 39.873933	 1.746690
3	 3	 7	 6	 43.096733	 18.623600
3	 4	 1	 1	 54.013311	 5.662000
3	 4	 1	 2	 41.904278	 35.033737
3	 4	 1	 3	 34.542822	 32.261757
3	 4	 1	 4	 32.054502	 16.552657
3	 4	 1	 5	 44.068212	 14.008764
3	 4	 1	 6	 41.958367	 11.434757
3	 4	 2	 1	 40.824308	 14.661958
3	 4	 2	 2	 36.840500	 20.853682
3	 4	 2	 3	 39.894447	 19.085168
3	 4	 2	 4	 23.628781	 23.971524
3	 4	 2	 5	 41.680240	 13.992068
3	 4	 2	 6	 46.173494	 10.394546
3	 4	 3	 1	 35.988909	 8.508496
3	 4	 3	 2	 43.526235	 12.041028
3	 4	 3	 3	 42.321325	 12.506489
3	 4	 3	 4	 41.901895	 11.225196
3	 4	 3	 5	 34.931003	 14.200381
3	 4	 3	 6	 43.615211	 0.042488
3	 4	 4	 1	 48.922105	 12.740312
3	 4	 4	 2	 46.785388	 22.100295
3	 4	 4	 3	 44.208397	 12.827059
3	 4	 4	 4	 38.784970	 14.240994
3	 4	 4	 5	 43.406434	 18.040674
3	 4	 4	 6	 47.294877	 16.940595
3	 4	 5	 1	 37.461596	 13.429031
3	 4	 5	 2	 36.826988	 23.063145
3	 4	 5	 3	 42.518758	 13.528774
3	 4	 5	 4	 44.365844	 18.342612
3	 4	 5	 5	 55.340529	 22.413061
3	 4	 5	 6	 40.414724	 18.054049
3	 4	 6	 1	 37.964363	 16.308774
3	 4	 6	 2	 38.367493	 25.743879
3	 4	 6	 3	 50.656751	 25.357241
3	 4	 6	 4	 48.752114	 28.683908
3	 4	 6	 5	 27.136736	 31.549191
3	 4	 6	 6	 55.773111	 1.725010
3	 4	 7	 1	 41.924506	 12.952780
3	 4	 7	 2	 52.939896	 38.524036
3	 4	 7	 3	 40.591211	 0.987559
3	 4	 7	 4	 41.519611	 1.363280
3	 4	 7	 5	 42.252711	 1.866040
3	 4	 7	 6	 47.020311	 2.295420
3	 5	 1	 1	 71.802555	 29.218613
3	 5	 1	 2	 63.940497	 30.667246
3	 5	 1	 3	 62.185370	 21.071583
3	 5	 1	 4	 71.959858	 20.598760
3	 5	 1	 5	 68.953204	 15.597557
3	 5	 1	 6	 72.887940	 14.008124
3	 5	 2	 1	 69.649857	 15.766608
3	 5	 2	 2	 56.349846	 21.329691
3	 5	 2	 3	 63.803293	 13.933007
3	 5	 2	 4	 65.123306	 18.282324
3	 5	 2	 5	 65.163011	 13.402056
3	 5	 2	 6	 68.428002	 16.911550
3	 5	 3	 1	 63.341565	 14.030451
3	 5	 3	 2	 68.084377	 11.701645
3	 5	 3	 3	 62.911846	 17.700324
3	 5	 3	 4	 72.633365	 13.098749
3	 5	 3	 5	 62.809562	 13.374640
3	 5	 3	 6	 69.964258	 14.581212
3	 5	 4	 1	 55.175773	 15.375946
3	 5	 4	 2	 59.827748	 18.938069
3	 5	 4	 3	 56.051379	 13.769610
3	 5	 4	 4	 61.456209	 19.496856
3	 5	 4	 5	 73.637263	 0.097682
3	 5	 4	 6	 73.129545	 15.649951
3	 5	 5	 1	 54.618602	 16.127181
3	 5	 5	 2	 55.962115	 18.691960
3	 5	 5	 3	 58.050208	 14.030081
3	 5	 5	 4	 60.348395	 16.409269
3	 5	 5	 5	 56.548091	 14.988439
3	 5	 5	 6	 55.286373	 13.766669
3	 5	 6	 1	 62.632900	 22.206590
3	 5	 6	 2	 68.803408	 22.763477
3	 5	 6	 3	 63.641748	 26.823708
3	 5	 6	 4	 62.557484	 32.834787
3	 5	 6	 5	 46.065642	 38.142904
3	 5	 6	 6	 65.106621	 51.159392
3	 5	 7	 1	 46.803363	 1.783270
3	 5	 7	 2	 57.527563	 0.316749
3	 5	 7	 3	 50.761363	 1.733850
3	 5	 7	 4	 52.461069	 48.932496
3	 5	 7	 5	 53.160910	 63.811041
3	 5	 7	 6	 61.718663	 12.885000
3	 6	 1	 1	 43.650244	 34.490089
3	 6	 1	 2	 64.223977	 18.641625
3	 6	 1	 3	 63.064426	 18.016885
3	 6	 1	 4	 58.471374	 21.230419
3	 6	 1	 5	 66.887289	 19.933880
3	 6	 1	 6	 61.847214	 17.044762
3	 6	 2	 1	 61.667927	 19.339019
3	 6	 2	 2	 60.107022	 10.900010
3	 6	 2	 3	 61.804112	 13.213110
3	 6	 2	 4	 57.046421	 16.383479
3	 6	 2	 5	 65.623440	 15.224285
3	 6	 2	 6	 62.696736	 16.195297
3	 6	 3	 1	 59.930218	 15.488399
3	 6	 3	 2	 64.494666	 17.834305
3	 6	 3	 3	 61.718269	 9.901164
3	 6	 3	 4	 61.859577	 11.448728
3	 6	 3	 5	 58.019020	 20.167629
3	 6	 3	 6	 60.273784	 9.710935
3	 6	 4	 1	 63.873507	 18.067058
3	 6	 4	 2	 68.541711	 0.075034
3	 6	 4	 3	 56.292841	 16.675370
3	 6	 4	 4	 60.005380	 16.179652
3	 6	 4	 5	 61.135984	 13.066481
3	 6	 4	 6	 57.477947	 14.570649
3	 6	 5	 1	 55.971122	 13.515515
3	 6	 5	 2	 30.008028	 40.947232
3	 6	 5	 3	 51.533112	 17.928491
3	 6	 5	 4	 53.206470	 16.902540
3	 6	 5	 5	 57.062964	 27.118000
3	 6	 5	 6	 64.773793	 22.834795
3	 6	 6	 1	 56.747097	 21.385638
3	 6	 6	 2	 56.553689	 20.410406
3	 6	 6	 3	 49.143711	 0.589510
3	 6	 6	 4	 47.625111	 0.695749
3	 6	 6	 5	 72.163191	 30.004336
3	 6	 6	 6	 47.954011	 1.251850
3	 6	 7	 1	 52.380523	 24.345254
3	 6	 7	 2	 42.797411	 1.321450
3	 6	 7	 3	 49.813311	 1.980430
3	 6	 7	 4	 44.566053	 44.488706
3	 6	 7	 5	 24.594321	 40.813328
3	 6	 7	 6	 59.520311	 10.619000
4	 1	 1	 1	 -3.662927	 6.700017
4	 1	 1	 2	 7.274536	 2.210828
4	 1	 1	 3	 6.495311	 2.053631
4	 1	 1	 4	 6.074990	 2.449596
4	 1	 1	 5	 6.500092	 2.265545
4	 1	 1	 6	 6.012694	 2.522722
4	 1	 2	 1	 6.018944	 1.868673
4	 1	 2	 2	 6.769391	 2.439992
4	 1	 2	 3	 4.891048	 1.961303
4	 1	 2	 4	 4.267028	 2.155545
4	 1	 2	 5	 5.413977	 1.959576
4	 1	 2	 6	 6.967783	 1.789702
4	 1	 3	 1	 3.698821	 2.188655
4	 1	 3	 2	 7.200456	 1.550010
4	 1	 3	 3	 7.300966	 1.717271
4	 1	 3	 4	 6.550216	 1.901998
4	 1	 3	 5	 8.558581	 0.019778
4	 1	 3	 6	 7.469915	 1.857163
4	 1	 4	 1	 6.592668	 3.173062
4	 1	 4	 2	 4.742896	 2.125743
4	 1	 4	 3	 5.777151	 2.013635
4	 1	 4	 4	 5.260572	 2.682279
4	 1	 4	 5	 3.584692	 2.584587
4	 1	 4	 6	 4.829161	 2.114694
4	 1	 5	 1	 6.262395	 2.736604
4	 1	 5	 2	 7.612146	 3.911077
4	 1	 5	 3	 3.728311	 2.534120
4	 1	 5	 4	 1.471257	 4.550572
4	 1	 5	 5	 5.971346	 2.936030
4	 1	 5	 6	 10.160580	 5.880316
4	 1	 6	 1	 6.247902	 2.974895
4	 1	 6	 2	 -2.315236	 6.957102
4	 1	 6	 3	 3.034177	 3.691681
4	 1	 6	 4	 10.018452	 6.878533
4	 1	 6	 5	 6.396995	 5.295993
4	 1	 6	 6	 1.997700	 6.796873
4	 1	 7	 1	 1.682300	 11.423909
4	 1	 7	 2	 2.539823	 7.130414
4	 1	 7	 3	 8.258591	 0.143487
4	 1	 7	 4	 -10.383162	 8.023403
4	 1	 7	 5	 8.071021	 0.135373
4	 1	 7	 6	 8.186511	 0.238131
4	 2	 1	 1	 28.022277	 17.016869
4	 2	 1	 2	 35.365673	 6.151727
4	 2	 1	 3	 34.119261	 9.630104
4	 2	 1	 4	 31.911192	 5.395062
4	 2	 1	 5	 35.634185	 5.459507
4	 2	 1	 6	 36.821824	 8.415102
4	 2	 2	 1	 34.106985	 5.695569
4	 2	 2	 2	 48.904101	 7.341158
4	 2	 2	 3	 30.255940	 7.316670
4	 2	 2	 4	 30.606418	 7.890319
4	 2	 2	 5	 32.432352	 6.807240
4	 2	 2	 6	 33.923199	 6.688725
4	 2	 3	 1	 31.513120	 7.312304
4	 2	 3	 2	 32.820135	 6.708937
4	 2	 3	 3	 24.054156	 9.708653
4	 2	 3	 4	 29.679415	 5.054556
4	 2	 3	 5	 31.797700	 5.746839
4	 2	 3	 6	 31.365739	 7.573337
4	 2	 4	 1	 33.949965	 6.523812
4	 2	 4	 2	 35.096038	 0.026455
4	 2	 4	 3	 33.457927	 7.806642
4	 2	 4	 4	 32.176054	 6.953450
4	 2	 4	 5	 31.269903	 10.627162
4	 2	 4	 6	 32.938519	 8.965111
4	 2	 5	 1	 35.813949	 7.297306
4	 2	 5	 2	 24.740582	 10.395284
4	 2	 5	 3	 29.215448	 11.107273
4	 2	 5	 4	 26.109262	 10.368015
4	 2	 5	 5	 30.284109	 7.899545
4	 2	 5	 6	 33.071377	 11.218148
4	 2	 6	 1	 34.351438	 0.056125
4	 2	 6	 2	 33.987559	 9.550437
4	 2	 6	 3	 31.891937	 12.972896
4	 2	 6	 4	 36.758794	 20.137765
4	 2	 6	 5	 36.128381	 14.206206
4	 2	 6	 6	 36.971858	 12.701785
4	 2	 7	 1	 11.798793	 63.501686
4	 2	 7	 2	 32.829905	 19.334012
4	 2	 7	 3	 30.781538	 0.103276
4	 2	 7	 4	 54.465843	 36.702916
4	 2	 7	 5	 32.965338	 0.155404
4	 2	 7	 6	 32.212238	 0.167025
4	 3	 1	 1	 17.105899	 2.016820
4	 3	 1	 2	 15.364099	 0.076953
4	 3	 1	 3	 5.529750	 11.447689
4	 3	 1	 4	 6.617879	 13.309916
4	 3	 1	 5	 15.448881	 7.536087
4	 3	 1	 6	 10.590926	 6.557531
4	 3	 2	 1	 12.272699	 0.029328
4	 3	 2	 2	 12.620651	 7.375814
4	 3	 2	 3	 13.317099	 0.035256
4	 3	 2	 4	 12.764806	 6.764074
4	 3	 2	 5	 13.349611	 5.642648
4	 3	 2	 6	 10.328984	 5.505516
4	 3	 3	 1	 8.087639	 6.076827
4	 3	 3	 2	 6.693330	 5.826758
4	 3	 3	 3	 3.976252	 5.249913
4	 3	 3	 4	 3.093843	 6.442175
4	 3	 3	 5	 7.324938	 5.064168
4	 3	 3	 6	 11.240765	 5.071849
4	 3	 4	 1	 5.333322	 5.176095
4	 3	 4	 2	 6.437423	 7.160963
4	 3	 4	 3	 2.691224	 6.278185
4	 3	 4	 4	 15.567995	 4.986589
4	 3	 4	 5	 7.051869	 5.578709
4	 3	 4	 6	 10.190065	 6.952230
4	 3	 5	 1	 9.922365	 5.424160
4	 3	 5	 2	 4.528849	 5.836428
4	 3	 5	 3	 11.098097	 7.663180
4	 3	 5	 4	 -1.543979	 9.468548
4	 3	 5	 5	 11.924191	 8.733310
4	 3	 5	 6	 16.617851	 12.313254
4	 3	 6	 1	 12.389052	 10.975937
4	 3	 6	 2	 -2.131188	 23.153598
4	 3	 6	 3	 13.438499	 0.169107
4	 3	 6	 4	 22.942509	 17.706170
4	 3	 6	 5	 -26.041675	 64.959421
4	 3	 6	 6	 3.664136	 13.457532
4	 3	 7	 1	 -0.166351	 46.831750
4	 3	 7	 2	 12.502999	 0.351662
4	 3	 7	 3	 10.488329	 0.698024
4	 3	 7	 4	 17.712199	 0.580228
4	 3	 7	 5	 8.052999	 1.837770
4	 3	 7	 6	 15.464999	 1.859180
4	 4	 1	 1	 13.958799	 5.969970
4	 4	 1	 2	 9.102516	 12.235221
4	 4	 1	 3	 8.268184	 9.683168
4	 4	 1	 4	 13.213699	 0.043296
4	 4	 1	 5	 2.560584	 12.564917
4	 4	 1	 6	 13.826685	 8.539935
4	 4	 2	 1	 1.701328	 8.444374
4	 4	 2	 2	 7.962578	 5.419483
4	 4	 2	 3	 14.216372	 5.244379
4	 4	 2	 4	 11.995485	 5.484525
4	 4	 2	 5	 8.689583	 4.910608
4	 4	 2	 6	 5.686729	 6.962016
4	 4	 3	 1	 10.663589	 5.713245
4	 4	 3	 2	 5.531722	 6.459732
4	 4	 3	 3	 3.555419	 5.485177
4	 4	 3	 4	 3.386729	 5.401416
4	 4	 3	 5	 3.276803	 5.293083
4	 4	 3	 6	 5.744576	 6.051480
4	 4	 4	 1	 6.874855	 6.814394
4	 4	 4	 2	 6.355620	 5.628442
4	 4	 4	 3	 2.670644	 3.628990
4	 4	 4	 4	 11.921657	 5.873575
4	 4	 4	 5	 -3.116797	 11.555422
4	 4	 4	 6	 2.657697	 6.582269
4	 4	 5	 1	 13.790499	 0.069931
4	 4	 5	 2	 11.159809	 6.204458
4	 4	 5	 3	 12.059234	 8.271192
4	 4	 5	 4	 10.455291	 6.394798
4	 4	 5	 5	 12.144397	 6.443212
4	 4	 5	 6	 12.483864	 14.371986
4	 4	 6	 1	 10.275583	 13.244825
4	 4	 6	 2	 3.583248	 26.038045
4	 4	 6	 3	 20.167203	 17.952695
4	 4	 6	 4	 22.742182	 18.705898
4	 4	 6	 5	 12.162321	 19.303370
4	 4	 6	 6	 4.539601	 20.186167
4	 4	 7	 1	 -3.511143	 33.271992
4	 4	 7	 2	 -4.569396	 51.637138
4	 4	 7	 3	 8.787639	 1.094060
4	 4	 7	 4	 17.187699	 3.539000
4	 4	 7	 5	 8.030079	 1.744610
4	 4	 7	 6	 6.786389	 4.105340
4	 5	 1	 1	 41.645697	 23.552090
4	 5	 1	 2	 39.971893	 12.946917
4	 5	 1	 3	 40.375705	 12.848107
4	 5	 1	 4	 45.566100	 10.385599
4	 5	 1	 5	 43.404905	 11.114097
4	 5	 1	 6	 44.673518	 8.024977
4	 5	 2	 1	 51.616261	 0.023119
4	 5	 2	 2	 45.329575	 10.684343
4	 5	 2	 3	 44.691343	 11.067298
4	 5	 2	 4	 44.719811	 8.597606
4	 5	 2	 5	 43.458810	 8.976780
4	 5	 2	 6	 49.286421	 17.475652
4	 5	 3	 1	 36.503151	 15.660900
4	 5	 3	 2	 43.528903	 13.216664
4	 5	 3	 3	 44.054453	 18.355624
4	 5	 3	 4	 46.599675	 12.707454
4	 5	 3	 5	 49.844561	 12.196280
4	 5	 3	 6	 47.137895	 12.394172
4	 5	 4	 1	 52.628232	 15.447800
4	 5	 4	 2	 47.828262	 17.520338
4	 5	 4	 3	 42.976815	 14.013347
4	 5	 4	 4	 54.667561	 0.241652
4	 5	 4	 5	 40.822647	 15.733676
4	 5	 4	 6	 47.079481	 11.805316
4	 5	 5	 1	 46.002238	 12.526337
4	 5	 5	 2	 48.334191	 11.642129
4	 5	 5	 3	 50.822038	 15.463823
4	 5	 5	 4	 49.235896	 22.610761
4	 5	 5	 5	 51.004210	 12.639879
4	 5	 5	 6	 31.039214	 24.289092
4	 5	 6	 1	 50.256704	 16.594824
4	 5	 6	 2	 50.328648	 24.156824
4	 5	 6	 3	 44.303161	 0.633388
4	 5	 6	 4	 46.739436	 19.524944
4	 5	 6	 5	 53.935055	 39.910919
4	 5	 6	 6	 46.991461	 21.336028
4	 5	 7	 1	 62.421118	 31.877036
4	 5	 7	 2	 51.239427	 87.384697
4	 5	 7	 3	 47.872656	 76.459171
4	 5	 7	 4	 43.160461	 1.792610
4	 5	 7	 5	 54.638261	 10.186000
4	 5	 7	 6	 54.638261	 10.186000
4	 6	 1	 1	 33.533049	 26.830034
4	 6	 1	 2	 47.464643	 0.129365
4	 6	 1	 3	 42.275173	 13.804181
4	 6	 1	 4	 40.876829	 14.058436
4	 6	 1	 5	 46.948643	 0.012093
4	 6	 1	 6	 44.079355	 11.022402
4	 6	 2	 1	 34.723206	 10.788323
4	 6	 2	 2	 43.169810	 11.834856
4	 6	 2	 3	 41.237116	 13.823497
4	 6	 2	 4	 28.672583	 32.032368
4	 6	 2	 5	 45.027847	 9.593782
4	 6	 2	 6	 44.997053	 12.425666
4	 6	 3	 1	 54.578643	 0.035698
4	 6	 3	 2	 45.740747	 14.175652
4	 6	 3	 3	 52.713090	 9.832792
4	 6	 3	 4	 42.938560	 10.776282
4	 6	 3	 5	 35.711328	 13.098267
4	 6	 3	 6	 47.011452	 10.080708
4	 6	 4	 1	 50.670543	 0.064618
4	 6	 4	 2	 45.760186	 10.687496
4	 6	 4	 3	 48.402055	 10.255872
4	 6	 4	 4	 40.373630	 9.715219
4	 6	 4	 5	 48.948437	 10.885111
4	 6	 4	 6	 47.490489	 11.731453
4	 6	 5	 1	 52.828692	 14.480724
4	 6	 5	 2	 44.716669	 14.362259
4	 6	 5	 3	 51.785754	 23.064641
4	 6	 5	 4	 47.106584	 13.713951
4	 6	 5	 5	 46.844924	 15.758002
4	 6	 5	 6	 50.684172	 10.977336
4	 6	 6	 1	 44.414337	 14.192563
4	 6	 6	 2	 45.857239	 36.399482
4	 6	 6	 3	 59.848218	 28.998720
4	 6	 6	 4	 63.549621	 40.681244
4	 6	 6	 5	 58.538831	 26.357255
4	 6	 6	 6	 45.022243	 0.910470
4	 6	 7	 1	 45.657286	 44.281139
4	 6	 7	 2	 66.378676	 38.885574
4	 6	 7	 3	 45.394246	 44.903510
4	 6	 7	 4	 37.739258	 56.120514
4	 6	 7	 5	 54.627556	 36.365129
4	 6	 7	 6	 59.918143	 0.724527
5	 1	 1	 1	 41.269044	 20.683053
5	 1	 1	 2	 29.657260	 13.921848
5	 1	 1	 3	 27.132310	 9.568809
5	 1	 1	 4	 25.959462	 3.434093
5	 1	 1	 5	 23.934641	 3.607952
5	 1	 1	 6	 25.435354	 3.445925
5	 1	 2	 1	 27.110394	 4.357257
5	 1	 2	 2	 26.083483	 3.261867
5	 1	 2	 3	 24.613692	 4.973310
5	 1	 2	 4	 27.186349	 4.636647
5	 1	 2	 5	 25.965060	 3.604735
5	 1	 2	 6	 25.845203	 6.842877
5	 1	 3	 1	 26.470126	 6.546720
5	 1	 3	 2	 26.697871	 4.965027
5	 1	 3	 3	 26.937116	 7.039630
5	 1	 3	 4	 25.416091	 7.817114
5	 1	 3	 5	 25.121824	 4.273676
5	 1	 3	 6	 23.001284	 6.174210
5	 1	 4	 1	 24.187443	 5.925042
5	 1	 4	 2	 25.055572	 6.289753
5	 1	 4	 3	 23.787394	 6.825182
5	 1	 4	 4	 27.864424	 7.404411
5	 1	 4	 5	 27.571618	 5.620117
5	 1	 4	 6	 26.456203	 5.004180
5	 1	 5	 1	 22.528642	 9.811030
5	 1	 5	 2	 27.621919	 7.550020
5	 1	 5	 3	 29.462942	 7.893710
5	 1	 5	 4	 15.957470	 9.700262
5	 1	 5	 5	 20.108820	 13.575201
5	 1	 5	 6	 26.931075	 7.439829
5	 1	 6	 1	 24.699454	 13.319097
5	 1	 6	 2	 25.671823	 9.043520
5	 1	 6	 3	 22.862771	 11.328124
5	 1	 6	 4	 27.026878	 12.745978
5	 1	 6	 5	 26.370456	 20.253158
5	 1	 6	 6	 29.519357	 0.095271
5	 1	 7	 1	 29.450753	 12.524551
5	 1	 7	 2	 31.427243	 17.527152
5	 1	 7	 3	 12.328668	 13.640264
5	 1	 7	 4	 31.269657	 0.135324
5	 1	 7	 5	 31.292557	 0.059412
5	 1	 7	 6	 32.477957	 0.230490
5	 2	 1	 1	 -11.860178	 8.850878
5	 2	 1	 2	 3.250153	 1.890796
5	 2	 1	 3	 3.352098	 1.540261
5	 2	 1	 4	 1.204660	 1.396704
5	 2	 1	 5	 2.560251	 1.341652
5	 2	 1	 6	 2.560338	 1.200653
5	 2	 2	 1	 3.372939	 1.380885
5	 2	 2	 2	 3.224469	 1.569615
5	 2	 2	 3	 0.467116	 1.719775
5	 2	 2	 4	 4.126458	 0.017041
5	 2	 2	 5	 1.269159	 1.779582
5	 2	 2	 6	 1.088230	 1.846885
5	 2	 3	 1	 5.087995	 1.761999
5	 2	 3	 2	 4.438470	 1.494380
5	 2	 3	 3	 -0.990382	 1.022578
5	 2	 3	 4	 3.296107	 1.655807
5	 2	 3	 5	 4.158972	 1.394397
5	 2	 3	 6	 3.880452	 1.516243
5	 2	 4	 1	 1.368567	 1.887015
5	 2	 4	 2	 3.890381	 1.745351
5	 2	 4	 3	 -0.045687	 2.247049
5	 2	 4	 4	 3.803764	 1.847875
5	 2	 4	 5	 -1.051682	 2.190094
5	 2	 4	 6	 1.335454	 2.253167
5	 2	 5	 1	 -2.258645	 1.970911
5	 2	 5	 2	 2.214512	 2.884414
5	 2	 5	 3	 0.161526	 1.817830
5	 2	 5	 4	 2.732909	 2.434039
5	 2	 5	 5	 2.955962	 2.581089
5	 2	 5	 6	 -0.238121	 2.791637
5	 2	 6	 1	 4.606728	 0.050038
5	 2	 6	 2	 1.500768	 3.561452
5	 2	 6	 3	 2.685045	 0.064355
5	 2	 6	 4	 1.848358	 3.496964
5	 2	 6	 5	 2.648096	 4.219946
5	 2	 6	 6	 3.117600	 4.356822
5	 2	 7	 1	 3.024970	 3.916500
5	 2	 7	 2	 -6.230839	 5.000767
5	 2	 7	 3	 2.151020	 7.458662
5	 2	 7	 4	 4.232462	 0.171391
5	 2	 7	 5	 -32.621408	 10.826823
5	 2	 7	 6	 5.112778	 0.228274
5	 3	 1	 1	 10.342831	 4.254900
5	 3	 1	 2	 12.538461	 0.109522
5	 3	 1	 3	 10.927111	 0.035381
5	 3	 1	 4	 13.095373	 4.506983
5	 3	 1	 5	 10.983677	 4.721434
5	 3	 1	 6	 9.623341	 4.456113
5	 3	 2	 1	 13.958315	 3.505842
5	 3	 2	 2	 11.628387	 4.179245
5	 3	 2	 3	 10.173503	 4.517799
5	 3	 2	 4	 3.082878	 4.370447
5	 3	 2	 5	 9.497514	 3.449840
5	 3	 2	 6	 4.832591	 4.112357
5	 3	 3	 1	 4.407465	 3.176519
5	 3	 3	 2	 10.409303	 4.074348
5	 3	 3	 3	 9.293086	 3.353084
5	 3	 3	 4	 3.925529	 3.977348
5	 3	 3	 5	 5.796352	 3.107035
5	 3	 3	 6	 6.684690	 3.598024
5	 3	 4	 1	 14.647661	 0.037779
5	 3	 4	 2	 -2.193976	 5.796208
5	 3	 4	 3	 7.786171	 4.428741
5	 3	 4	 4	 6.428385	 6.179135
5	 3	 4	 5	 2.383740	 4.170683
5	 3	 4	 6	 8.028626	 3.803711
5	 3	 5	 1	 7.626810	 6.648249
5	 3	 5	 2	 10.838947	 4.454814
5	 3	 5	 3	 -6.304379	 7.582847
5	 3	 5	 4	 3.476085	 7.146235
5	 3	 5	 5	 9.055642	 5.338776
5	 3	 5	 6	 6.775265	 6.373208
5	 3	 6	 1	 6.828144	 11.993957
5	 3	 6	 2	 -16.499531	 25.765292
5	 3	 6	 3	 8.948007	 12.273346
5	 3	 6	 4	 20.102017	 11.391723
5	 3	 6	 5	 11.293620	 15.424704
5	 3	 6	 6	 -7.051724	 32.168012
5	 3	 7	 1	 10.090461	 0.171780
5	 3	 7	 2	 12.535161	 0.455167
5	 3	 7	 3	 10.118911	 0.688711
5	 3	 7	 4	 12.786561	 0.288429
5	 3	 7	 5	 14.023961	 1.111480
5	 3	 7	 6	 9.526981	 3.777730
5	 4	 1	 1	 15.087971	 4.590380
5	 4	 1	 2	 14.036571	 0.428280
5	 4	 1	 3	 10.058801	 0.050407
5	 4	 1	 4	 10.904071	 0.034539
5	 4	 1	 5	 11.531871	 0.032662
5	 4	 1	 6	 5.392043	 4.185748
5	 4	 2	 1	 10.367892	 4.116476
5	 4	 2	 2	 9.814970	 4.494559
5	 4	 2	 3	 5.416918	 3.913320
5	 4	 2	 4	 2.887496	 4.541784
5	 4	 2	 5	 5.266682	 3.400750
5	 4	 2	 6	 8.287881	 3.182544
5	 4	 3	 1	 8.967921	 3.640682
5	 4	 3	 2	 7.023914	 3.808649
5	 4	 3	 3	 9.588144	 7.591640
5	 4	 3	 4	 2.100854	 4.221072
5	 4	 3	 5	 -14.568295	 9.178507
5	 4	 3	 6	 3.838294	 4.156062
5	 4	 4	 1	 7.881485	 3.533434
5	 4	 4	 2	 5.549960	 7.378192
5	 4	 4	 3	 4.466661	 3.491215
5	 4	 4	 4	 8.079391	 4.273037
5	 4	 4	 5	 -10.749959	 10.408013
5	 4	 4	 6	 6.740329	 4.847311
5	 4	 5	 1	 10.761334	 6.445983
5	 4	 5	 2	 1.818042	 5.500388
5	 4	 5	 3	 12.776602	 8.715911
5	 4	 5	 4	 6.177922	 7.395273
5	 4	 5	 5	 3.330466	 7.382035
5	 4	 5	 6	 7.635368	 8.754443
5	 4	 6	 1	 -0.125933	 10.357022
5	 4	 6	 2	 -1.076333	 9.760701
5	 4	 6	 3	 9.895301	 0.202584
5	 4	 6	 4	 3.685444	 12.362468
5	 4	 6	 5	 -26.818993	 31.841492
5	 4	 6	 6	 -1.900065	 5.667029
5	 4	 7	 1	 10.009841	 2.146940
5	 4	 7	 2	 17.369871	 4.407000
5	 4	 7	 3	 3.846480	 84.032345
5	 4	 7	 4	 5.003161	 1.356980
5	 4	 7	 5	 17.369871	 4.407000
5	 4	 7	 6	 17.369871	 4.407000
5	 5	 1	 1	 48.077383	 15.727667
5	 5	 1	 2	 30.962022	 15.183307
5	 5	 1	 3	 44.434301	 15.939945
5	 5	 1	 4	 50.441289	 13.739034
5	 5	 1	 5	 41.109106	 17.700633
5	 5	 1	 6	 41.159355	 16.701257
5	 5	 2	 1	 51.938896	 9.600386
5	 5	 2	 2	 48.636188	 18.910059
5	 5	 2	 3	 49.224274	 12.936427
5	 5	 2	 4	 48.676058	 13.237430
5	 5	 2	 5	 49.406139	 9.921434
5	 5	 2	 6	 48.649779	 9.148680
5	 5	 3	 1	 45.720540	 10.091075
5	 5	 3	 2	 44.307043	 10.061077
5	 5	 3	 3	 40.134258	 11.337015
5	 5	 3	 4	 44.267646	 9.886393
5	 5	 3	 5	 42.879651	 11.709262
5	 5	 3	 6	 45.562072	 9.572597
5	 5	 4	 1	 33.926690	 9.805296
5	 5	 4	 2	 52.230081	 11.036578
5	 5	 4	 3	 46.373036	 9.733157
5	 5	 4	 4	 46.097566	 14.850249
5	 5	 4	 5	 49.745712	 13.324206
5	 5	 4	 6	 46.768598	 11.454197
5	 5	 5	 1	 43.477289	 17.327600
5	 5	 5	 2	 52.502493	 13.771295
5	 5	 5	 3	 44.771905	 12.541176
5	 5	 5	 4	 43.246770	 10.907327
5	 5	 5	 5	 41.954838	 9.881226
5	 5	 5	 6	 34.817257	 19.339333
5	 5	 6	 1	 49.084611	 15.747249
5	 5	 6	 2	 42.822078	 21.823544
5	 5	 6	 3	 49.202665	 19.631941
5	 5	 6	 4	 47.452413	 35.063492
5	 5	 6	 5	 51.328831	 23.463729
5	 5	 6	 6	 27.823854	 22.642945
5	 5	 7	 1	 29.243226	 41.003345
5	 5	 7	 2	 51.629265	 15.424000
5	 5	 7	 3	 47.351865	 0.881924
5	 5	 7	 4	 52.158965	 12.138100
5	 5	 7	 5	 31.438186	 46.251613
5	 5	 7	 6	 57.474965	 11.686400
5	 6	 1	 1	 45.997894	 19.097809
5	 6	 1	 2	 37.882284	 8.624291
5	 6	 1	 3	 39.646443	 15.475190
5	 6	 1	 4	 47.492020	 18.290644
5	 6	 1	 5	 40.943806	 13.609441
5	 6	 1	 6	 20.952690	 17.633072
5	 6	 2	 1	 42.506159	 9.249992
5	 6	 2	 2	 43.876526	 12.106998
5	 6	 2	 3	 44.840586	 9.528006
5	 6	 2	 4	 42.778451	 9.779138
5	 6	 2	 5	 46.577189	 11.504033
5	 6	 2	 6	 40.874726	 9.882690
5	 6	 3	 1	 47.404003	 10.064249
5	 6	 3	 2	 48.863183	 0.036026
5	 6	 3	 3	 37.134421	 10.146095
5	 6	 3	 4	 38.445901	 13.297160
5	 6	 3	 5	 33.919049	 14.675794
5	 6	 3	 6	 38.408325	 9.928989
5	 6	 4	 1	 30.780718	 14.435844
5	 6	 4	 2	 41.216357	 7.119059
5	 6	 4	 3	 27.110041	 15.509509
5	 6	 4	 4	 47.852722	 10.575139
5	 6	 4	 5	 44.230233	 11.954089
5	 6	 4	 6	 46.853893	 11.217182
5	 6	 5	 1	 42.850202	 17.260378
5	 6	 5	 2	 38.077973	 14.163498
5	 6	 5	 3	 34.983669	 16.779513
5	 6	 5	 4	 47.490660	 10.689696
5	 6	 5	 5	 40.327116	 17.702519
5	 6	 5	 6	 49.625283	 0.283286
5	 6	 6	 1	 45.394443	 16.560758
5	 6	 6	 2	 47.173683	 0.144855
5	 6	 6	 3	 48.231273	 27.487320
5	 6	 6	 4	 16.084218	 36.040121
5	 6	 6	 5	 47.992660	 32.533155
5	 6	 6	 6	 32.716340	 25.523969
5	 6	 7	 1	 45.468028	 20.505199
5	 6	 7	 2	 46.380670	 25.154824
5	 6	 7	 3	 4.142661	 107.928945
5	 6	 7	 4	 17.191967	 35.112207
5	 6	 7	 5	 50.474283	 1.536170
5	 6	 7	 6	 79.373183	 176.966000
6	 1	 1	 1	 4.312859	 5.134980
6	 1	 1	 2	 8.348694	 2.846460
6	 1	 1	 3	 4.852457	 3.154472
6	 1	 1	 4	 9.330708	 3.213868
6	 1	 1	 5	 10.511641	 2.855771
6	 1	 1	 6	 10.659141	 2.856688
6	 1	 2	 1	 9.585475	 2.956612
6	 1	 2	 2	 7.500992	 2.555408
6	 1	 2	 3	 6.654990	 3.775995
6	 1	 2	 4	 8.978650	 2.418472
6	 1	 2	 5	 9.933145	 2.303694
6	 1	 2	 6	 8.126091	 2.779918
6	 1	 3	 1	 9.770078	 3.096177
6	 1	 3	 2	 9.081370	 2.119106
6	 1	 3	 3	 7.737577	 2.853114
6	 1	 3	 4	 5.040695	 1.958088
6	 1	 3	 5	 10.681633	 3.112070
6	 1	 3	 6	 7.104318	 2.139280
6	 1	 4	 1	 6.199162	 3.212038
6	 1	 4	 2	 9.682806	 2.350637
6	 1	 4	 3	 8.179950	 3.145304
6	 1	 4	 4	 9.164566	 5.314023
6	 1	 4	 5	 6.776228	 2.906993
6	 1	 4	 6	 12.142942	 0.030729
6	 1	 5	 1	 7.795767	 2.276220
6	 1	 5	 2	 5.098003	 2.868233
6	 1	 5	 3	 7.653928	 3.245051
6	 1	 5	 4	 7.523554	 4.472638
6	 1	 5	 5	 8.407208	 3.524479
6	 1	 5	 6	 7.112193	 4.184975
6	 1	 6	 1	 3.088953	 4.741192
6	 1	 6	 2	 0.682781	 4.824077
6	 1	 6	 3	 3.708506	 5.327446
6	 1	 6	 4	 -10.776957	 7.382606
6	 1	 6	 5	 6.109762	 0.081195
6	 1	 6	 6	 -12.426821	 14.733529
6	 1	 7	 1	 6.096352	 9.788104
6	 1	 7	 2	 3.163019	 10.871613
6	 1	 7	 3	 8.530382	 0.120706
6	 1	 7	 4	 9.481822	 0.130825
6	 1	 7	 5	 9.070972	 0.095615
6	 1	 7	 6	 9.710022	 0.047324
6	 2	 1	 1	 9.771191	 9.410385
6	 2	 1	 2	 10.273080	 3.646804
6	 2	 1	 3	 7.678462	 2.479999
6	 2	 1	 4	 7.817419	 3.841087
6	 2	 1	 5	 5.822729	 2.827126
6	 2	 1	 6	 10.023937	 2.763150
6	 2	 2	 1	 4.946065	 1.602841
6	 2	 2	 2	 7.077061	 3.627574
6	 2	 2	 3	 6.714749	 2.471670
6	 2	 2	 4	 -0.538879	 3.140331
6	 2	 2	 5	 7.973379	 2.554880
6	 2	 2	 6	 5.601193	 3.029265
6	 2	 3	 1	 4.687284	 1.825798
6	 2	 3	 2	 4.628833	 2.013468
6	 2	 3	 3	 2.700222	 2.179677
6	 2	 3	 4	 5.264471	 2.463628
6	 2	 3	 5	 5.980908	 2.153164
6	 2	 3	 6	 -6.639949	 3.589394
6	 2	 4	 1	 0.162828	 3.477078
6	 2	 4	 2	 7.215658	 2.774261
6	 2	 4	 3	 3.542272	 2.673944
6	 2	 4	 4	 -0.360752	 2.435887
6	 2	 4	 5	 4.113330	 2.499983
6	 2	 4	 6	 3.801058	 2.412943
6	 2	 5	 1	 2.359556	 4.486077
6	 2	 5	 2	 4.977071	 4.750716
6	 2	 5	 3	 9.258705	 3.786830
6	 2	 5	 4	 4.679147	 2.691959
6	 2	 5	 5	 -3.546895	 5.943083
6	 2	 5	 6	 4.354719	 3.161242
6	 2	 6	 1	 0.532251	 5.071168
6	 2	 6	 2	 6.377712	 7.593088
6	 2	 6	 3	 5.889144	 4.625926
6	 2	 6	 4	 4.855538	 8.282224
6	 2	 6	 5	 6.481352	 7.180504
6	 2	 6	 6	 -4.924572	 13.901994
6	 2	 7	 1	 6.424460	 10.682082
6	 2	 7	 2	 2.970871	 12.450116
6	 2	 7	 3	 4.504874	 26.442126
6	 2	 7	 4	 -6.457090	 5.505767
6	 2	 7	 5	 6.248175	 0.179757
6	 2	 7	 6	 5.317695	 0.222671
6	 3	 1	 1	 -26.443423	 2.345780
6	 3	 1	 2	 -26.062684	 37.346636
6	 3	 1	 3	 -24.910639	 6.034569
6	 3	 1	 4	 -27.584930	 5.123618
6	 3	 1	 5	 -26.188432	 3.632080
6	 3	 1	 6	 -34.741445	 7.485821
6	 3	 2	 1	 -28.291245	 4.594144
6	 3	 2	 2	 -28.959655	 4.893383
6	 3	 2	 3	 -30.300097	 5.086295
6	 3	 2	 4	 -30.881220	 3.877694
6	 3	 2	 5	 -31.665782	 4.360798
6	 3	 2	 6	 -33.269308	 3.447478
6	 3	 3	 1	 -31.029368	 3.713031
6	 3	 3	 2	 -29.403272	 3.157372
6	 3	 3	 3	 -35.499581	 3.882064
6	 3	 3	 4	 -30.873548	 3.680001
6	 3	 3	 5	 -27.228305	 2.646160
6	 3	 3	 6	 -32.140406	 4.264712
6	 3	 4	 1	 -43.249934	 6.347833
6	 3	 4	 2	 -29.062981	 3.342671
6	 3	 4	 3	 -36.470583	 4.586526
6	 3	 4	 4	 -33.854656	 5.214696
6	 3	 4	 5	 -28.603872	 5.853194
6	 3	 4	 6	 -30.172326	 7.065017
6	 3	 5	 1	 -28.464046	 3.857726
6	 3	 5	 2	 -31.712790	 4.225699
6	 3	 5	 3	 -32.771717	 7.462092
6	 3	 5	 4	 -35.208248	 4.817456
6	 3	 5	 5	 -30.169809	 6.046770
6	 3	 5	 6	 -34.673140	 10.328488
6	 3	 6	 1	 -23.983256	 4.107821
6	 3	 6	 2	 -23.722985	 4.303546
6	 3	 6	 3	 -38.794803	 14.613359
6	 3	 6	 4	 -27.529523	 0.151601
6	 3	 6	 5	 -24.003027	 12.437071
6	 3	 6	 6	 -25.299723	 0.174288
6	 3	 7	 1	 -49.284177	 42.237872
6	 3	 7	 2	 -25.924623	 9.906900
6	 3	 7	 3	 -29.496091	 13.175856
6	 3	 7	 4	 -28.783223	 0.892460
6	 3	 7	 5	 -29.516223	 1.479960
6	 3	 7	 6	 -36.269723	 2.732220
6	 4	 1	 1	 -14.110260	 1.202000
6	 4	 1	 2	 -25.975560	 0.147039
6	 4	 1	 3	 -26.460060	 0.055938
6	 4	 1	 4	 -25.950260	 0.031462
6	 4	 1	 5	 -25.723260	 0.030099
6	 4	 1	 6	 -23.997119	 3.319111
6	 4	 2	 1	 -26.037160	 0.026540
6	 4	 2	 2	 -24.654869	 3.194471
6	 4	 2	 3	 -28.043841	 4.495863
6	 4	 2	 4	 -28.912548	 6.105661
6	 4	 2	 5	 -24.460223	 3.234047
6	 4	 2	 6	 -35.550372	 5.383816
6	 4	 3	 1	 -32.166844	 3.295153
6	 4	 3	 2	 -28.669781	 3.268378
6	 4	 3	 3	 -27.757512	 4.428213
6	 4	 3	 4	 -30.918914	 3.863932
6	 4	 3	 5	 -31.450156	 3.145443
6	 4	 3	 6	 -30.952741	 3.997708
6	 4	 4	 1	 -33.094642	 4.496202
6	 4	 4	 2	 -41.941520	 4.817838
6	 4	 4	 3	 -32.855667	 3.776147
6	 4	 4	 4	 -37.535661	 5.094835
6	 4	 4	 5	 -25.412060	 0.063203
6	 4	 4	 6	 -30.310217	 4.709043
6	 4	 5	 1	 -36.786375	 4.884216
6	 4	 5	 2	 -26.781387	 4.000756
6	 4	 5	 3	 -37.837086	 9.027798
6	 4	 5	 4	 -27.563416	 5.826587
6	 4	 5	 5	 -27.152258	 5.116361
6	 4	 5	 6	 -44.153521	 8.590387
6	 4	 6	 1	 -25.049166	 5.902281
6	 4	 6	 2	 -28.719261	 5.423662
6	 4	 6	 3	 -26.085559	 8.194405
6	 4	 6	 4	 -27.125860	 0.385480
6	 4	 6	 5	 -26.757247	 13.148174
6	 4	 6	 6	 -23.532308	 11.670104
6	 4	 7	 1	 -26.852060	 0.106700
6	 4	 7	 2	 -29.926660	 0.653589
6	 4	 7	 3	 -32.152360	 0.810159
6	 4	 7	 4	 -31.098460	 1.583650
6	 4	 7	 5	 -32.475660	 1.784530
6	 4	 7	 6	 -33.183060	 2.707830
6	 5	 1	 1	 13.381140	 23.836597
6	 5	 1	 2	 17.395567	 8.176813
6	 5	 1	 3	 10.179616	 12.716328
6	 5	 1	 4	 -2.466754	 30.671440
6	 5	 1	 5	 21.032509	 7.380320
6	 5	 1	 6	 24.694920	 11.838697
6	 5	 2	 1	 14.491567	 7.770245
6	 5	 2	 2	 8.982448	 9.117922
6	 5	 2	 3	 11.758536	 8.463886
6	 5	 2	 4	 25.047270	 9.096925
6	 5	 2	 5	 20.227418	 9.809646
6	 5	 2	 6	 17.025783	 5.806490
6	 5	 3	 1	 23.437125	 0.033142
6	 5	 3	 2	 11.152860	 6.453294
6	 5	 3	 3	 17.001459	 5.584331
6	 5	 3	 4	 9.862262	 8.524185
6	 5	 3	 5	 13.906613	 6.086005
6	 5	 3	 6	 21.698913	 5.448017
6	 5	 4	 1	 26.089774	 11.181628
6	 5	 4	 2	 20.345618	 9.152724
6	 5	 4	 3	 11.560299	 8.400201
6	 5	 4	 4	 17.948880	 5.879775
6	 5	 4	 5	 16.420127	 10.118833
6	 5	 4	 6	 19.461000	 11.091288
6	 5	 5	 1	 8.657221	 7.349796
6	 5	 5	 2	 19.100370	 6.424658
6	 5	 5	 3	 16.737411	 8.710771
6	 5	 5	 4	 19.533514	 11.286198
6	 5	 5	 5	 6.653827	 11.567476
6	 5	 5	 6	 15.855850	 11.241022
6	 5	 6	 1	 26.859097	 9.145946
6	 5	 6	 2	 28.175769	 21.040816
6	 5	 6	 3	 16.437027	 12.838408
6	 5	 6	 4	 22.264425	 4.279000
6	 5	 6	 5	 18.548325	 1.250090
6	 5	 6	 6	 16.553727	 16.333134
6	 5	 7	 1	 15.517931	 39.994744
6	 5	 7	 2	 16.120937	 52.154126
6	 5	 7	 3	 21.469425	 6.854000
6	 5	 7	 4	 13.671825	 1.783080
6	 5	 7	 5	 12.402425	 2.687400
6	 5	 7	 6	 29.429825	 5.761190
6	 6	 1	 1	 13.297742	 15.044761
6	 6	 1	 2	 15.886768	 19.488077
6	 6	 1	 3	 35.270765	 16.590781
6	 6	 1	 4	 18.597904	 11.415028
6	 6	 1	 5	 26.106939	 9.477822
6	 6	 1	 6	 16.351347	 8.331835
6	 6	 2	 1	 -1.532615	 9.039194
6	 6	 2	 2	 11.144078	 9.188263
6	 6	 2	 3	 16.562522	 5.817524
6	 6	 2	 4	 17.242697	 10.938556
6	 6	 2	 5	 15.551473	 6.228052
6	 6	 2	 6	 17.335242	 5.638813
6	 6	 3	 1	 10.894056	 8.558238
6	 6	 3	 2	 17.966561	 5.765681
6	 6	 3	 3	 16.011452	 5.986279
6	 6	 3	 4	 3.820506	 9.938024
6	 6	 3	 5	 2.617583	 9.998158
6	 6	 3	 6	 6.795246	 7.313861
6	 6	 4	 1	 17.527192	 7.433413
6	 6	 4	 2	 7.146834	 5.675533
6	 6	 4	 3	 12.553190	 8.390329
6	 6	 4	 4	 7.362115	 8.838018
6	 6	 4	 5	 14.946588	 8.661680
6	 6	 4	 6	 17.085567	 5.794952
6	 6	 5	 1	 26.072284	 9.266033
6	 6	 5	 2	 6.732655	 9.990067
6	 6	 5	 3	 9.832584	 11.133968
6	 6	 5	 4	 1.749258	 13.096122
6	 6	 5	 5	 18.518933	 6.527798
6	 6	 5	 6	 27.755232	 10.554606
6	 6	 6	 1	 22.227381	 15.302137
6	 6	 6	 2	 22.250105	 10.317137
6	 6	 6	 3	 6.888693	 13.753342
6	 6	 6	 4	 18.747790	 9.754911
6	 6	 6	 5	 30.648369	 18.123350
6	 6	 6	 6	 11.108061	 14.466441
6	 6	 7	 1	 25.309759	 18.306182
6	 6	 7	 2	 18.879451	 20.657823
6	 6	 7	 3	 30.196530	 22.491300
6	 6	 7	 4	 27.940596	 23.034123
6	 6	 7	 5	 29.434824	 54.077843
6	 6	 7	 6	 42.233630	 16.587400
