#& Sector Superlayer Slot Cable T0Correction T0Error
1	 1	 1	 1	 2.501407	 0.026925
1	 1	 1	 2	 3.924605	 0.017755
1	 1	 1	 3	 3.633693	 0.011387
1	 1	 1	 4	 2.551547	 0.014589
1	 1	 1	 5	 3.964795	 0.016166
1	 1	 1	 6	 4.322313	 0.017966
1	 1	 2	 1	 3.413886	 0.004691
1	 1	 2	 2	 3.517248	 0.011439
1	 1	 2	 3	 5.440280	 0.015370
1	 1	 2	 4	 4.263287	 0.015429
1	 1	 2	 5	 4.895950	 0.016019
1	 1	 2	 6	 5.321620	 0.016242
1	 1	 3	 1	 4.307803	 0.016101
1	 1	 3	 2	 6.981940	 0.023866
1	 1	 3	 3	 3.736056	 0.017734
1	 1	 3	 4	 3.735759	 0.019505
1	 1	 3	 5	 5.741250	 0.020104
1	 1	 3	 6	 5.484210	 0.021515
1	 1	 4	 1	 4.835640	 0.021526
1	 1	 4	 2	 6.009340	 0.023417
1	 1	 4	 3	 2.350650	 0.035467
1	 1	 4	 4	 2.764130	 0.022901
1	 1	 4	 5	 4.418610	 0.024544
1	 1	 4	 6	 5.635400	 0.028295
1	 1	 5	 1	 6.050220	 0.027855
1	 1	 5	 2	 3.911125	 0.031542
1	 1	 5	 3	 5.857970	 0.033236
1	 1	 5	 4	 6.244890	 0.036712
1	 1	 5	 5	 5.811380	 0.039272
1	 1	 5	 6	 6.274930	 0.042458
1	 1	 6	 1	 6.635640	 0.063593
1	 1	 6	 2	 6.467710	 0.030817
1	 1	 6	 3	 6.037420	 0.065940
1	 1	 6	 4	 4.691270	 0.055702
1	 1	 6	 5	 5.735030	 0.082849
1	 1	 6	 6	 6.268310	 0.100727
1	 1	 7	 1	 6.601840	 0.102668
1	 1	 7	 2	 7.750210	 0.153868
1	 1	 7	 3	 4.733740	 0.126261
1	 1	 7	 4	 7.446730	 0.043473
1	 1	 7	 5	 3.937045	 0.131229
1	 1	 7	 6	 5.076050	 0.220162
1	 2	 1	 1	 -18.985908	 0.015213
1	 2	 1	 2	 -18.155908	 0.019937
1	 2	 1	 3	 -18.989508	 0.020746
1	 2	 1	 4	 -18.717608	 0.033656
1	 2	 1	 5	 -18.841608	 0.020968
1	 2	 1	 6	 -18.385208	 0.017526
1	 2	 2	 1	 -18.646308	 0.017882
1	 2	 2	 2	 -18.110808	 0.016686
1	 2	 2	 3	 -20.106408	 0.016662
1	 2	 2	 4	 -20.210008	 0.016433
1	 2	 2	 5	 -19.220008	 0.017910
1	 2	 2	 6	 -19.509708	 0.018158
1	 2	 3	 1	 -19.705308	 0.017321
1	 2	 3	 2	 -18.002808	 0.031051
1	 2	 3	 3	 -19.538308	 0.020154
1	 2	 3	 4	 -19.025008	 0.021081
1	 2	 3	 5	 -18.565708	 0.022248
1	 2	 3	 6	 -18.576108	 0.026564
1	 2	 4	 1	 -19.171008	 0.022660
1	 2	 4	 2	 -19.109408	 0.024665
1	 2	 4	 3	 -20.033108	 0.023390
1	 2	 4	 4	 -19.014908	 0.026681
1	 2	 4	 5	 -18.942308	 0.027085
1	 2	 4	 6	 -18.523408	 0.036670
1	 2	 5	 1	 -19.348608	 0.031412
1	 2	 5	 2	 -19.135608	 0.038390
1	 2	 5	 3	 -19.138508	 0.035246
1	 2	 5	 4	 -19.716108	 0.036730
1	 2	 5	 5	 -18.278008	 0.036861
1	 2	 5	 6	 -19.177508	 0.045449
1	 2	 6	 1	 -19.551908	 0.050838
1	 2	 6	 2	 -18.790808	 0.058813
1	 2	 6	 3	 -19.907208	 0.063557
1	 2	 6	 4	 -20.098508	 0.075553
1	 2	 6	 5	 -19.964508	 0.075428
1	 2	 6	 6	 -18.997808	 0.105442
1	 2	 7	 1	 -20.131408	 0.102732
1	 2	 7	 2	 -19.038508	 0.143885
1	 2	 7	 3	 -19.710308	 0.142191
1	 2	 7	 4	 -20.897708	 0.135391
1	 2	 7	 5	 -19.440508	 0.176544
1	 2	 7	 6	 -21.738908	 0.152579
1	 3	 1	 1	 -15.138907	 3.818290
1	 3	 1	 2	 -13.927407	 0.073424
1	 3	 1	 3	 -16.489307	 0.032217
1	 3	 1	 4	 -16.471707	 0.029691
1	 3	 1	 5	 -16.147207	 0.027174
1	 3	 1	 6	 -15.480407	 0.027887
1	 3	 2	 1	 -16.712607	 0.028137
1	 3	 2	 2	 -15.721107	 0.026589
1	 3	 2	 3	 -16.919907	 0.028799
1	 3	 2	 4	 -15.896507	 0.024747
1	 3	 2	 5	 -15.143407	 0.027208
1	 3	 2	 6	 -15.369807	 0.028262
1	 3	 3	 1	 -16.607907	 0.027344
1	 3	 3	 2	 -15.821107	 0.043382
1	 3	 3	 3	 -15.816707	 0.033937
1	 3	 3	 4	 -16.162907	 0.034081
1	 3	 3	 5	 -15.695707	 0.032697
1	 3	 3	 6	 -14.623507	 0.035054
1	 3	 4	 1	 -15.334707	 0.038213
1	 3	 4	 2	 -15.361407	 0.040526
1	 3	 4	 3	 -15.616407	 0.048464
1	 3	 4	 4	 -16.072207	 0.045850
1	 3	 4	 5	 -14.249007	 0.052486
1	 3	 4	 6	 -15.034507	 0.052187
1	 3	 5	 1	 -14.167207	 0.062650
1	 3	 5	 2	 -14.998807	 0.068546
1	 3	 5	 3	 -14.726907	 0.070909
1	 3	 5	 4	 -14.719507	 0.077177
1	 3	 5	 5	 -13.812907	 0.124744
1	 3	 5	 6	 -14.332707	 0.123062
1	 3	 6	 1	 -15.432807	 0.154873
1	 3	 6	 2	 -15.955007	 0.111099
1	 3	 6	 3	 -14.643407	 0.170783
1	 3	 6	 4	 -15.696507	 0.131280
1	 3	 6	 5	 -15.096507	 0.558248
1	 3	 6	 6	 -16.098807	 0.941267
1	 3	 7	 1	 -15.166607	 0.053604
1	 3	 7	 2	 -14.907007	 0.317304
1	 3	 7	 3	 -19.384807	 0.710913
1	 3	 7	 4	 -20.590907	 0.994972
1	 3	 7	 5	 -19.179807	 1.749730
1	 3	 7	 6	 -22.158507	 3.606850
1	 4	 1	 1	 -24.887457	 14.528700
1	 4	 1	 2	 -18.000557	 0.162276
1	 4	 1	 3	 -16.544357	 0.051202
1	 4	 1	 4	 -17.388157	 0.036478
1	 4	 1	 5	 -16.637757	 0.026415
1	 4	 1	 6	 -16.449857	 0.028198
1	 4	 2	 1	 -17.738357	 0.025591
1	 4	 2	 2	 -16.909357	 0.026129
1	 4	 2	 3	 -17.211557	 0.026461
1	 4	 2	 4	 -17.787457	 0.026922
1	 4	 2	 5	 -17.276057	 0.028957
1	 4	 2	 6	 -17.613357	 0.031303
1	 4	 3	 1	 -16.794757	 0.031482
1	 4	 3	 2	 -18.404457	 0.033037
1	 4	 3	 3	 -18.077757	 0.031253
1	 4	 3	 4	 -17.344857	 0.036175
1	 4	 3	 5	 -16.858357	 0.036323
1	 4	 3	 6	 -16.530557	 0.040724
1	 4	 4	 1	 -17.238157	 0.039475
1	 4	 4	 2	 -17.043057	 0.040450
1	 4	 4	 3	 -17.527057	 0.046094
1	 4	 4	 4	 -18.461257	 0.044147
1	 4	 4	 5	 -16.785957	 0.049521
1	 4	 4	 6	 -16.749057	 0.055545
1	 4	 5	 1	 -17.969557	 0.059031
1	 4	 5	 2	 -18.475557	 0.067481
1	 4	 5	 3	 -17.385957	 0.072034
1	 4	 5	 4	 -17.677957	 0.087903
1	 4	 5	 5	 -17.239057	 0.108222
1	 4	 5	 6	 -16.706057	 0.124205
1	 4	 6	 1	 -17.948557	 0.102324
1	 4	 6	 2	 -18.880957	 0.116043
1	 4	 6	 3	 -17.567057	 0.166741
1	 4	 6	 4	 -19.633957	 0.328302
1	 4	 6	 5	 -19.160357	 0.375588
1	 4	 6	 6	 -19.073957	 0.125591
1	 4	 7	 1	 -16.603257	 0.180590
1	 4	 7	 2	 -18.756857	 0.683434
1	 4	 7	 3	 -20.356057	 0.902941
1	 4	 7	 4	 -23.867457	 1.971960
1	 4	 7	 5	 -9.478057	 99.887500
1	 4	 7	 6	 -21.635157	 2.748620
1	 5	 1	 1	 4.252846	 5.943560
1	 5	 1	 2	 25.999186	 0.037361
1	 5	 1	 3	 27.103586	 0.017739
1	 5	 1	 4	 25.963186	 0.012902
1	 5	 1	 5	 26.144386	 0.019533
1	 5	 1	 6	 27.258586	 0.018420
1	 5	 2	 1	 26.128386	 0.016346
1	 5	 2	 2	 28.715186	 0.023073
1	 5	 2	 3	 27.864386	 0.018948
1	 5	 2	 4	 26.070786	 0.010864
1	 5	 2	 5	 26.401686	 0.016378
1	 5	 2	 6	 28.063286	 0.030024
1	 5	 3	 1	 27.494786	 0.030526
1	 5	 3	 2	 29.430386	 0.034463
1	 5	 3	 3	 29.171786	 0.037219
1	 5	 3	 4	 28.169186	 0.040539
1	 5	 3	 5	 27.588686	 0.046823
1	 5	 3	 6	 29.479286	 0.054228
1	 5	 4	 1	 28.262986	 0.062739
1	 5	 4	 2	 26.747786	 0.062136
1	 5	 4	 3	 27.747586	 0.074309
1	 5	 4	 4	 27.376186	 0.086689
1	 5	 4	 5	 26.751586	 0.098194
1	 5	 4	 6	 28.691486	 0.113600
1	 5	 5	 1	 27.984786	 0.106213
1	 5	 5	 2	 27.215086	 0.119125
1	 5	 5	 3	 26.991386	 0.238216
1	 5	 5	 4	 25.851586	 0.185382
1	 5	 5	 5	 29.844986	 0.297304
1	 5	 5	 6	 26.400886	 0.212095
1	 5	 6	 1	 23.756286	 0.237034
1	 5	 6	 2	 25.348686	 0.624763
1	 5	 6	 3	 21.018086	 0.057410
1	 5	 6	 4	 20.354386	 0.713254
1	 5	 6	 5	 19.374886	 0.743962
1	 5	 6	 6	 19.460986	 2.615300
1	 5	 7	 1	 40.172586	 52.194600
1	 5	 7	 2	 19.626786	 1.433250
1	 5	 7	 3	 15.964086	 1.953950
1	 5	 7	 4	 32.101386	 7.634000
1	 5	 7	 5	 38.795486	 0.866746
1	 5	 7	 6	 42.329186	 13.204500
1	 6	 1	 1	 18.889603	 1.330310
1	 6	 1	 2	 21.290903	 0.102320
1	 6	 1	 3	 21.033903	 0.036913
1	 6	 1	 4	 22.598203	 0.036847
1	 6	 1	 5	 25.652803	 0.043838
1	 6	 1	 6	 21.040803	 0.023278
1	 6	 2	 1	 22.043103	 0.018491
1	 6	 2	 2	 21.974303	 0.012555
1	 6	 2	 3	 20.987803	 0.019343
1	 6	 2	 4	 20.874103	 0.012207
1	 6	 2	 5	 21.595003	 0.022217
1	 6	 2	 6	 20.937503	 0.014547
1	 6	 3	 1	 22.497003	 0.020414
1	 6	 3	 2	 22.830903	 0.036581
1	 6	 3	 3	 22.766103	 0.041609
1	 6	 3	 4	 22.698203	 0.045265
1	 6	 3	 5	 22.037003	 0.047699
1	 6	 3	 6	 21.118603	 0.056636
1	 6	 4	 1	 22.663603	 0.063720
1	 6	 4	 2	 22.663203	 0.073669
1	 6	 4	 3	 22.932703	 0.074448
1	 6	 4	 4	 23.282203	 0.084452
1	 6	 4	 5	 26.099203	 0.084651
1	 6	 4	 6	 22.528903	 0.109905
1	 6	 5	 1	 27.359703	 0.122820
1	 6	 5	 2	 27.600803	 0.166351
1	 6	 5	 3	 25.396403	 0.089847
1	 6	 5	 4	 26.647803	 0.130531
1	 6	 5	 5	 27.246103	 0.198071
1	 6	 5	 6	 21.991503	 0.342879
1	 6	 6	 1	 24.841803	 0.561410
1	 6	 6	 2	 16.975703	 0.424999
1	 6	 6	 3	 29.340103	 0.165570
1	 6	 6	 4	 18.319103	 0.566717
1	 6	 6	 5	 19.509603	 0.829000
1	 6	 6	 6	 24.746503	 2.250170
1	 6	 7	 1	 20.250103	 1.027210
1	 6	 7	 2	 27.240003	 5.225000
1	 6	 7	 3	 35.757703	 17.593800
1	 6	 7	 4	 22.294703	 1.876520
1	 6	 7	 5	 26.660703	 3.214290
1	 6	 7	 6	 27.240003	 5.225000
2	 1	 1	 1	 14.407894	 0.046275
2	 1	 1	 2	 13.970394	 0.022351
2	 1	 1	 3	 14.507694	 0.020454
2	 1	 1	 4	 12.300384	 0.023326
2	 1	 1	 5	 14.108294	 0.033377
2	 1	 1	 6	 13.489794	 0.027570
2	 1	 2	 1	 12.144954	 0.020709
2	 1	 2	 2	 13.892594	 0.018227
2	 1	 2	 3	 14.169194	 0.018263
2	 1	 2	 4	 15.434294	 0.020313
2	 1	 2	 5	 17.081294	 0.018377
2	 1	 2	 6	 19.112494	 0.021097
2	 1	 3	 1	 14.957094	 0.021055
2	 1	 3	 2	 15.484094	 0.021641
2	 1	 3	 3	 14.680194	 0.022196
2	 1	 3	 4	 15.462994	 0.025132
2	 1	 3	 5	 15.558694	 0.023824
2	 1	 3	 6	 13.544994	 0.022961
2	 1	 4	 1	 13.984994	 0.020630
2	 1	 4	 2	 15.087994	 0.024310
2	 1	 4	 3	 13.816294	 0.033060
2	 1	 4	 4	 13.630294	 0.024761
2	 1	 4	 5	 15.094594	 0.024808
2	 1	 4	 6	 15.029494	 0.027885
2	 1	 5	 1	 14.202294	 0.032849
2	 1	 5	 2	 15.338694	 0.033238
2	 1	 5	 3	 14.415594	 0.028862
2	 1	 5	 4	 15.532894	 0.035329
2	 1	 5	 5	 15.550094	 0.038114
2	 1	 5	 6	 14.901194	 0.044027
2	 1	 6	 1	 14.679194	 0.038805
2	 1	 6	 2	 18.509794	 0.011630
2	 1	 6	 3	 16.486394	 1.500780
2	 1	 6	 4	 12.888694	 0.069201
2	 1	 6	 5	 12.370364	 0.074272
2	 1	 6	 6	 20.194994	 0.197277
2	 1	 7	 1	 12.080544	 0.167166
2	 1	 7	 2	 15.526394	 0.138212
2	 1	 7	 3	 14.299094	 0.166562
2	 1	 7	 4	 13.533494	 0.063647
2	 1	 7	 5	 13.325594	 0.222250
2	 1	 7	 6	 17.085694	 0.193318
2	 2	 1	 1	 18.260176	 0.059361
2	 2	 1	 2	 18.625876	 0.022215
2	 2	 1	 3	 17.639976	 0.020466
2	 2	 1	 4	 18.012576	 0.023015
2	 2	 1	 5	 17.993276	 0.022152
2	 2	 1	 6	 17.062276	 0.020084
2	 2	 2	 1	 21.039076	 0.020193
2	 2	 2	 2	 20.196876	 0.019491
2	 2	 2	 3	 19.222676	 0.018349
2	 2	 2	 4	 20.378776	 0.019191
2	 2	 2	 5	 16.087276	 0.017772
2	 2	 2	 6	 17.606876	 0.018452
2	 2	 3	 1	 14.129676	 0.019974
2	 2	 3	 2	 16.797476	 0.018855
2	 2	 3	 3	 14.101976	 0.020326
2	 2	 3	 4	 13.380376	 0.028657
2	 2	 3	 5	 13.803876	 0.020935
2	 2	 3	 6	 14.098476	 0.024500
2	 2	 4	 1	 17.015476	 0.024723
2	 2	 4	 2	 16.461776	 0.034955
2	 2	 4	 3	 17.724876	 0.027284
2	 2	 4	 4	 16.107976	 0.027858
2	 2	 4	 5	 19.197676	 0.032488
2	 2	 4	 6	 17.029076	 0.035482
2	 2	 5	 1	 12.930736	 0.030040
2	 2	 5	 2	 13.893176	 0.037303
2	 2	 5	 3	 13.876176	 0.034991
2	 2	 5	 4	 14.760576	 0.047008
2	 2	 5	 5	 13.790476	 0.046390
2	 2	 5	 6	 16.302376	 0.052736
2	 2	 6	 1	 16.096676	 0.054326
2	 2	 6	 2	 17.469076	 0.059018
2	 2	 6	 3	 15.379076	 0.060289
2	 2	 6	 4	 13.945076	 0.077988
2	 2	 6	 5	 16.311676	 0.083733
2	 2	 6	 6	 16.781976	 0.164073
2	 2	 7	 1	 15.072376	 0.146483
2	 2	 7	 2	 15.797176	 0.690234
2	 2	 7	 3	 18.500976	 0.313706
2	 2	 7	 4	 15.484176	 0.211912
2	 2	 7	 5	 16.059576	 0.257461
2	 2	 7	 6	 16.334776	 0.249777
2	 3	 1	 1	 30.498581	 2.363320
2	 3	 1	 2	 24.401181	 0.082556
2	 3	 1	 3	 23.548981	 0.045471
2	 3	 1	 4	 17.737281	 0.030521
2	 3	 1	 5	 17.542881	 0.029133
2	 3	 1	 6	 17.483981	 0.028629
2	 3	 2	 1	 18.966281	 0.024457
2	 3	 2	 2	 18.698381	 0.024969
2	 3	 2	 3	 18.137181	 0.026830
2	 3	 2	 4	 18.762481	 0.025870
2	 3	 2	 5	 19.407481	 0.027461
2	 3	 2	 6	 18.524881	 0.027239
2	 3	 3	 1	 17.715581	 0.028820
2	 3	 3	 2	 19.285581	 0.034596
2	 3	 3	 3	 18.895181	 0.029145
2	 3	 3	 4	 17.784181	 0.040635
2	 3	 3	 5	 17.517481	 0.041370
2	 3	 3	 6	 18.070781	 0.043994
2	 3	 4	 1	 19.984081	 0.036497
2	 3	 4	 2	 21.083681	 0.042341
2	 3	 4	 3	 18.804881	 0.048665
2	 3	 4	 4	 20.450681	 0.058847
2	 3	 4	 5	 20.379881	 0.047306
2	 3	 4	 6	 20.120781	 0.053359
2	 3	 5	 1	 18.941781	 0.056943
2	 3	 5	 2	 18.514581	 0.060848
2	 3	 5	 3	 19.498881	 0.074810
2	 3	 5	 4	 20.469081	 0.072571
2	 3	 5	 5	 19.414481	 0.105252
2	 3	 5	 6	 20.416481	 0.113773
2	 3	 6	 1	 19.451881	 0.109636
2	 3	 6	 2	 21.653481	 0.123075
2	 3	 6	 3	 18.400181	 0.073256
2	 3	 6	 4	 19.804381	 0.220489
2	 3	 6	 5	 19.837281	 0.230312
2	 3	 6	 6	 16.953381	 0.496099
2	 3	 7	 1	 16.332281	 0.522438
2	 3	 7	 2	 20.411881	 0.214053
2	 3	 7	 3	 15.609581	 0.798274
2	 3	 7	 4	 17.049981	 1.355320
2	 3	 7	 5	 21.052881	 9.533030
2	 3	 7	 6	 19.483681	 2.710580
2	 4	 1	 1	 34.496894	 6.497670
2	 4	 1	 2	 19.683494	 0.162418
2	 4	 1	 3	 19.116794	 0.062235
2	 4	 1	 4	 20.756094	 0.058303
2	 4	 1	 5	 18.631094	 0.035261
2	 4	 1	 6	 19.405994	 0.030044
2	 4	 2	 1	 17.780794	 0.029193
2	 4	 2	 2	 18.357094	 0.025379
2	 4	 2	 3	 18.833894	 0.029171
2	 4	 2	 4	 19.659694	 0.031265
2	 4	 2	 5	 19.066694	 0.030119
2	 4	 2	 6	 19.392294	 0.036485
2	 4	 3	 1	 18.402394	 0.034965
2	 4	 3	 2	 17.975294	 0.034855
2	 4	 3	 3	 19.158894	 0.036144
2	 4	 3	 4	 18.123694	 0.038900
2	 4	 3	 5	 18.466294	 0.045998
2	 4	 3	 6	 19.056894	 0.040019
2	 4	 4	 1	 17.401994	 0.043461
2	 4	 4	 2	 17.095194	 0.051908
2	 4	 4	 3	 18.153394	 0.057549
2	 4	 4	 4	 17.711494	 0.071496
2	 4	 4	 5	 18.657794	 0.058792
2	 4	 4	 6	 18.169394	 0.060749
2	 4	 5	 1	 17.738594	 0.067306
2	 4	 5	 2	 17.455894	 0.085841
2	 4	 5	 3	 15.066794	 1.042820
2	 4	 5	 4	 17.566594	 0.087666
2	 4	 5	 5	 17.620994	 0.147676
2	 4	 5	 6	 18.886494	 0.121574
2	 4	 6	 1	 19.390694	 0.207210
2	 4	 6	 2	 18.480694	 0.425495
2	 4	 6	 3	 17.674894	 0.433299
2	 4	 6	 4	 24.558394	 2.101000
2	 4	 6	 5	 19.232694	 0.298066
2	 4	 6	 6	 18.620394	 0.222373
2	 4	 7	 1	 24.607394	 2.804000
2	 4	 7	 2	 16.115094	 0.767783
2	 4	 7	 3	 15.151094	 0.981205
2	 4	 7	 4	 14.359794	 1.266970
2	 4	 7	 5	 15.702494	 1.997930
2	 4	 7	 6	 26.529394	 21.482100
2	 5	 1	 1	 14.430312	 1.543640
2	 5	 1	 2	 27.476012	 0.023863
2	 5	 1	 3	 26.750612	 0.051452
2	 5	 1	 4	 26.077412	 0.042090
2	 5	 1	 5	 28.602112	 0.010591
2	 5	 1	 6	 27.583412	 0.012624
2	 5	 2	 1	 27.527412	 0.008872
2	 5	 2	 2	 28.612312	 0.008067
2	 5	 2	 3	 28.649912	 0.009328
2	 5	 2	 4	 28.681312	 0.010527
2	 5	 2	 5	 30.716512	 0.031651
2	 5	 2	 6	 30.547212	 0.031355
2	 5	 3	 1	 31.476512	 0.033113
2	 5	 3	 2	 29.730812	 0.034956
2	 5	 3	 3	 31.464512	 0.041395
2	 5	 3	 4	 30.261212	 0.043544
2	 5	 3	 5	 30.946812	 0.052403
2	 5	 3	 6	 32.066312	 0.058558
2	 5	 4	 1	 31.330512	 0.064793
2	 5	 4	 2	 29.336812	 0.058858
2	 5	 4	 3	 28.723912	 0.070524
2	 5	 4	 4	 27.015112	 0.088530
2	 5	 4	 5	 29.676512	 0.085882
2	 5	 4	 6	 29.158612	 0.099895
2	 5	 5	 1	 28.013112	 0.117673
2	 5	 5	 2	 25.954412	 0.064352
2	 5	 5	 3	 26.756412	 0.194959
2	 5	 5	 4	 21.673412	 0.334476
2	 5	 5	 5	 31.552412	 0.444922
2	 5	 5	 6	 16.530412	 0.439217
2	 5	 6	 1	 15.814112	 0.599622
2	 5	 6	 2	 15.438012	 0.569938
2	 5	 6	 3	 16.932912	 0.734133
2	 5	 6	 4	 19.522412	 16.433000
2	 5	 6	 5	 17.936912	 0.965394
2	 5	 6	 6	 15.462912	 0.836154
2	 5	 7	 1	 30.214312	 4.388000
2	 5	 7	 2	 14.106212	 1.639410
2	 5	 7	 3	 15.230412	 3.114220
2	 5	 7	 4	 16.463512	 2.673060
2	 5	 7	 5	 24.300612	 283.133000
2	 5	 7	 6	 30.214312	 4.388000
2	 6	 1	 1	 24.906906	 0.059037
2	 6	 1	 2	 25.961606	 0.069831
2	 6	 1	 3	 23.904206	 0.022267
2	 6	 1	 4	 23.936006	 0.020534
2	 6	 1	 5	 26.408106	 0.035232
2	 6	 1	 6	 24.808106	 0.033370
2	 6	 2	 1	 25.167706	 0.026153
2	 6	 2	 2	 25.350206	 0.028717
2	 6	 2	 3	 26.571406	 0.030220
2	 6	 2	 4	 24.265406	 0.018887
2	 6	 2	 5	 26.396806	 0.028619
2	 6	 2	 6	 34.795606	 0.037107
2	 6	 3	 1	 27.937206	 0.037445
2	 6	 3	 2	 29.914606	 0.015590
2	 6	 3	 3	 29.799406	 0.010397
2	 6	 3	 4	 26.842706	 0.045196
2	 6	 3	 5	 27.104506	 0.048575
2	 6	 3	 6	 29.636206	 0.056641
2	 6	 4	 1	 27.881506	 0.064625
2	 6	 4	 2	 25.936306	 0.070255
2	 6	 4	 3	 25.876706	 0.077202
2	 6	 4	 4	 27.066106	 0.090032
2	 6	 4	 5	 27.235206	 0.094492
2	 6	 4	 6	 26.580706	 0.106498
2	 6	 5	 1	 26.369906	 0.110345
2	 6	 5	 2	 26.244406	 0.140253
2	 6	 5	 3	 24.096406	 0.176311
2	 6	 5	 4	 25.586106	 0.217793
2	 6	 5	 5	 15.433706	 0.327768
2	 6	 5	 6	 14.185706	 0.498838
2	 6	 6	 1	 13.085806	 0.668412
2	 6	 6	 2	 13.476406	 0.453162
2	 6	 6	 3	 31.975406	 0.743358
2	 6	 6	 4	 31.311806	 0.166102
2	 6	 6	 5	 15.179006	 0.601690
2	 6	 6	 6	 27.936306	 0.109236
2	 6	 7	 1	 11.103146	 1.393920
2	 6	 7	 2	 28.008806	 0.206273
2	 6	 7	 3	 16.749606	 2.617740
2	 6	 7	 4	 22.450806	 1.712620
2	 6	 7	 5	 44.421506	 1.549530
2	 6	 7	 6	 27.491806	 4.021000
3	 1	 1	 1	 41.025419	 0.035350
3	 1	 1	 2	 42.356219	 0.021457
3	 1	 1	 3	 41.562619	 0.016929
3	 1	 1	 4	 41.014819	 0.019155
3	 1	 1	 5	 40.086119	 0.017251
3	 1	 1	 6	 40.608819	 0.017657
3	 1	 2	 1	 42.126919	 0.017173
3	 1	 2	 2	 43.749619	 0.016635
3	 1	 2	 3	 41.863819	 0.016384
3	 1	 2	 4	 45.358819	 0.017782
3	 1	 2	 5	 42.362719	 0.015888
3	 1	 2	 6	 41.654619	 0.016449
3	 1	 3	 1	 41.519519	 0.017606
3	 1	 3	 2	 41.363219	 0.020275
3	 1	 3	 3	 41.336719	 0.020584
3	 1	 3	 4	 41.464219	 0.022613
3	 1	 3	 5	 42.220819	 0.022130
3	 1	 3	 6	 42.080419	 0.023472
3	 1	 4	 1	 44.098919	 0.021331
3	 1	 4	 2	 43.524219	 0.022265
3	 1	 4	 3	 39.600019	 0.020725
3	 1	 4	 4	 42.132119	 0.024004
3	 1	 4	 5	 42.980819	 0.015033
3	 1	 4	 6	 43.717119	 0.026000
3	 1	 5	 1	 41.814619	 0.031795
3	 1	 5	 2	 40.855419	 0.032096
3	 1	 5	 3	 40.095019	 0.031103
3	 1	 5	 4	 43.916619	 0.995119
3	 1	 5	 5	 41.838919	 0.037932
3	 1	 5	 6	 44.925419	 0.636391
3	 1	 6	 1	 42.022719	 0.035104
3	 1	 6	 2	 41.885619	 0.049618
3	 1	 6	 3	 41.696019	 0.051136
3	 1	 6	 4	 42.740019	 0.067271
3	 1	 6	 5	 40.843819	 0.085434
3	 1	 6	 6	 44.071219	 0.087696
3	 1	 7	 1	 43.952719	 0.122635
3	 1	 7	 2	 42.828119	 0.085349
3	 1	 7	 3	 45.502319	 0.111262
3	 1	 7	 4	 44.386719	 0.122981
3	 1	 7	 5	 44.172919	 0.161231
3	 1	 7	 6	 43.451419	 0.176222
3	 2	 1	 1	 44.647469	 0.068317
3	 2	 1	 2	 47.418869	 0.023882
3	 2	 1	 3	 45.531269	 0.018825
3	 2	 1	 4	 44.758469	 0.019885
3	 2	 1	 5	 45.020569	 0.019504
3	 2	 1	 6	 46.535169	 0.020603
3	 2	 2	 1	 45.657369	 0.018593
3	 2	 2	 2	 47.332469	 0.018940
3	 2	 2	 3	 44.168769	 0.017658
3	 2	 2	 4	 45.497069	 0.019261
3	 2	 2	 5	 44.936869	 0.018861
3	 2	 2	 6	 45.882969	 0.019611
3	 2	 3	 1	 44.170769	 0.020998
3	 2	 3	 2	 45.463869	 0.021943
3	 2	 3	 3	 43.692469	 0.021336
3	 2	 3	 4	 45.423669	 0.022235
3	 2	 3	 5	 44.929669	 0.022184
3	 2	 3	 6	 45.041669	 0.025228
3	 2	 4	 1	 42.273169	 0.023445
3	 2	 4	 2	 44.347869	 0.025797
3	 2	 4	 3	 41.738369	 0.027141
3	 2	 4	 4	 44.674969	 0.027870
3	 2	 4	 5	 41.065769	 0.028400
3	 2	 4	 6	 42.715169	 0.044750
3	 2	 5	 1	 43.651669	 0.033330
3	 2	 5	 2	 45.568769	 0.038069
3	 2	 5	 3	 40.471969	 0.036420
3	 2	 5	 4	 44.602769	 0.036951
3	 2	 5	 5	 42.375269	 0.038728
3	 2	 5	 6	 43.743369	 0.047135
3	 2	 6	 1	 42.874969	 0.057869
3	 2	 6	 2	 43.399669	 0.051937
3	 2	 6	 3	 43.564469	 0.060501
3	 2	 6	 4	 43.146669	 0.752093
3	 2	 6	 5	 43.468669	 0.019735
3	 2	 6	 6	 44.164169	 0.091867
3	 2	 7	 1	 44.198869	 0.103410
3	 2	 7	 2	 45.827169	 0.164161
3	 2	 7	 3	 43.988969	 0.199742
3	 2	 7	 4	 46.076169	 0.155239
3	 2	 7	 5	 44.272569	 0.261522
3	 2	 7	 6	 45.817169	 0.243205
3	 3	 1	 1	 45.633008	 2.420030
3	 3	 1	 2	 40.383008	 0.094106
3	 3	 1	 3	 39.214008	 0.048930
3	 3	 1	 4	 40.176308	 0.036665
3	 3	 1	 5	 40.891408	 0.015853
3	 3	 1	 6	 42.699208	 0.030400
3	 3	 2	 1	 44.259108	 0.028143
3	 3	 2	 2	 43.497408	 0.034534
3	 3	 2	 3	 43.622708	 0.029409
3	 3	 2	 4	 44.004408	 0.024944
3	 3	 2	 5	 45.688708	 0.030254
3	 3	 2	 6	 45.355008	 0.032913
3	 3	 3	 1	 44.627708	 0.038121
3	 3	 3	 2	 43.335608	 0.038312
3	 3	 3	 3	 43.198408	 0.036704
3	 3	 3	 4	 45.200308	 0.043054
3	 3	 3	 5	 45.281108	 0.042401
3	 3	 3	 6	 44.914908	 0.041728
3	 3	 4	 1	 44.179808	 0.038921
3	 3	 4	 2	 45.657708	 0.046401
3	 3	 4	 3	 46.290008	 0.044331
3	 3	 4	 4	 44.417108	 0.071735
3	 3	 4	 5	 41.179608	 0.055354
3	 3	 4	 6	 40.483708	 0.064235
3	 3	 5	 1	 40.072108	 0.063282
3	 3	 5	 2	 41.278308	 0.066939
3	 3	 5	 3	 41.926708	 0.068461
3	 3	 5	 4	 43.461208	 0.098605
3	 3	 5	 5	 44.187808	 0.120991
3	 3	 5	 6	 45.370808	 0.113597
3	 3	 6	 1	 42.841608	 0.113426
3	 3	 6	 2	 41.429608	 0.134270
3	 3	 6	 3	 38.421808	 0.359420
3	 3	 6	 4	 40.822308	 0.084506
3	 3	 6	 5	 41.650808	 0.120021
3	 3	 6	 6	 41.241608	 0.404038
3	 3	 7	 1	 40.401708	 0.433051
3	 3	 7	 2	 40.943208	 0.512733
3	 3	 7	 3	 38.260708	 0.693647
3	 3	 7	 4	 39.145808	 1.415060
3	 3	 7	 5	 39.015408	 1.746690
3	 3	 7	 6	 42.238208	 18.623600
3	 4	 1	 1	 51.983301	 5.662000
3	 4	 1	 2	 40.439501	 0.137028
3	 4	 1	 3	 41.318301	 0.051981
3	 4	 1	 4	 41.419601	 0.038008
3	 4	 1	 5	 41.554001	 0.032020
3	 4	 1	 6	 41.709301	 0.030056
3	 4	 2	 1	 40.401601	 0.028098
3	 4	 2	 2	 41.101201	 0.027021
3	 4	 2	 3	 42.344201	 0.029684
3	 4	 2	 4	 43.819801	 0.033033
3	 4	 2	 5	 43.763901	 0.033310
3	 4	 2	 6	 44.095801	 0.034354
3	 4	 3	 1	 41.374501	 0.033271
3	 4	 3	 2	 44.174401	 0.042952
3	 4	 3	 3	 44.128901	 0.040541
3	 4	 3	 4	 41.271001	 0.039088
3	 4	 3	 5	 41.704201	 0.045562
3	 4	 3	 6	 41.585201	 0.042488
3	 4	 4	 1	 47.904201	 0.050191
3	 4	 4	 2	 46.353701	 0.051752
3	 4	 4	 3	 46.145001	 0.053794
3	 4	 4	 4	 43.133701	 0.078959
3	 4	 4	 5	 46.883801	 0.055884
3	 4	 4	 6	 47.256001	 0.058509
3	 4	 5	 1	 43.505301	 0.077337
3	 4	 5	 2	 43.485001	 0.092681
3	 4	 5	 3	 43.680701	 0.117903
3	 4	 5	 4	 42.237701	 0.098387
3	 4	 5	 5	 46.813601	 0.165727
3	 4	 5	 6	 43.438601	 0.275834
3	 4	 6	 1	 47.572701	 0.113423
3	 4	 6	 2	 54.529901	 0.234493
3	 4	 6	 3	 48.925901	 0.195384
3	 4	 6	 4	 49.793301	 3.640000
3	 4	 6	 5	 45.214501	 0.470036
3	 4	 6	 6	 53.743101	 1.725010
3	 4	 7	 1	 44.607301	 0.544026
3	 4	 7	 2	 45.791501	 0.670948
3	 4	 7	 3	 38.561201	 0.987559
3	 4	 7	 4	 39.489601	 1.363280
3	 4	 7	 5	 40.222701	 1.866040
3	 4	 7	 6	 44.990301	 2.295420
3	 5	 1	 1	 52.428745	 7.210680
3	 5	 1	 2	 75.364445	 1.073440
3	 5	 1	 3	 72.580645	 0.033158
3	 5	 1	 4	 71.481645	 0.031451
3	 5	 1	 5	 72.674845	 0.039983
3	 5	 1	 6	 73.363245	 0.027802
3	 5	 2	 1	 71.423245	 0.016100
3	 5	 2	 2	 71.322645	 0.013210
3	 5	 2	 3	 75.139245	 0.397265
3	 5	 2	 4	 72.608045	 0.015577
3	 5	 2	 5	 72.528745	 0.024229
3	 5	 2	 6	 73.221445	 0.030409
3	 5	 3	 1	 73.548145	 0.032694
3	 5	 3	 2	 72.477045	 0.035953
3	 5	 3	 3	 72.248445	 0.039707
3	 5	 3	 4	 72.087445	 0.044188
3	 5	 3	 5	 73.948445	 0.051299
3	 5	 3	 6	 74.500945	 0.060803
3	 5	 4	 1	 72.671445	 0.060278
3	 5	 4	 2	 74.182145	 0.071752
3	 5	 4	 3	 73.484845	 0.075912
3	 5	 4	 4	 71.754745	 0.084847
3	 5	 4	 5	 73.924245	 0.097682
3	 5	 4	 6	 73.951245	 0.117641
3	 5	 5	 1	 64.346045	 0.126529
3	 5	 5	 2	 57.437245	 0.130261
3	 5	 5	 3	 63.587245	 0.153306
3	 5	 5	 4	 57.935445	 0.246662
3	 5	 5	 5	 55.187345	 0.127715
3	 5	 5	 6	 60.416245	 0.280597
3	 5	 6	 1	 64.775445	 0.418876
3	 5	 6	 2	 64.588445	 0.519751
3	 5	 6	 3	 57.754145	 0.290654
3	 5	 6	 4	 55.069545	 0.266287
3	 5	 6	 5	 54.289245	 0.375893
3	 5	 6	 6	 57.211745	 0.958898
3	 5	 7	 1	 47.090345	 1.783270
3	 5	 7	 2	 57.814545	 0.316749
3	 5	 7	 3	 51.048345	 1.733850
3	 5	 7	 4	 50.013745	 2.537120
3	 5	 7	 5	 62.005645	 12.885000
3	 5	 7	 6	 62.005645	 12.885000
3	 6	 1	 1	 62.608706	 1.489290
3	 6	 1	 2	 65.989106	 0.147504
3	 6	 1	 3	 66.220506	 0.091759
3	 6	 1	 4	 63.501706	 0.090348
3	 6	 1	 5	 66.665106	 0.057863
3	 6	 1	 6	 66.979206	 0.053363
3	 6	 2	 1	 66.084506	 0.037508
3	 6	 2	 2	 65.405606	 0.034511
3	 6	 2	 3	 65.155706	 0.031441
3	 6	 2	 4	 66.334006	 0.031158
3	 6	 2	 5	 67.195306	 0.035227
3	 6	 2	 6	 66.041006	 0.036060
3	 6	 3	 1	 58.103406	 0.132880
3	 6	 3	 2	 65.816106	 0.039634
3	 6	 3	 3	 64.921206	 0.043465
3	 6	 3	 4	 64.932306	 0.050577
3	 6	 3	 5	 65.231606	 0.053583
3	 6	 3	 6	 65.276806	 0.063186
3	 6	 4	 1	 66.100906	 0.072258
3	 6	 4	 2	 65.661906	 0.075034
3	 6	 4	 3	 68.408006	 0.163580
3	 6	 4	 4	 65.643206	 0.095695
3	 6	 4	 5	 69.469906	 0.025015
3	 6	 4	 6	 66.968406	 0.102357
3	 6	 5	 1	 56.663006	 0.149538
3	 6	 5	 2	 49.730906	 0.077574
3	 6	 5	 3	 50.476906	 0.074723
3	 6	 5	 4	 52.267006	 0.175832
3	 6	 5	 5	 55.883606	 0.218473
3	 6	 5	 6	 50.748606	 0.108319
3	 6	 6	 1	 44.722406	 0.401522
3	 6	 6	 2	 44.807406	 0.538859
3	 6	 6	 3	 46.263906	 0.589510
3	 6	 6	 4	 44.745306	 0.695749
3	 6	 6	 5	 45.729306	 0.968472
3	 6	 6	 6	 45.074206	 1.251850
3	 6	 7	 1	 42.827206	 1.271970
3	 6	 7	 2	 39.917606	 1.321450
3	 6	 7	 3	 46.933506	 1.980430
3	 6	 7	 4	 49.628306	 1.638570
3	 6	 7	 5	 58.173806	 2.188620
3	 6	 7	 6	 56.640506	 10.619000
4	 1	 1	 1	 7.406425	 0.038349
4	 1	 1	 2	 8.195985	 0.019535
4	 1	 1	 3	 8.005905	 0.016713
4	 1	 1	 4	 6.701835	 0.016157
4	 1	 1	 5	 7.627625	 0.017730
4	 1	 1	 6	 7.029955	 0.017821
4	 1	 2	 1	 7.098655	 0.016182
4	 1	 2	 2	 7.463245	 0.017036
4	 1	 2	 3	 7.656195	 0.015824
4	 1	 2	 4	 6.522795	 0.015303
4	 1	 2	 5	 7.078725	 0.016562
4	 1	 2	 6	 8.594735	 0.017104
4	 1	 3	 1	 6.539245	 0.016289
4	 1	 3	 2	 7.773855	 0.019223
4	 1	 3	 3	 7.503775	 0.017657
4	 1	 3	 4	 7.133215	 0.019321
4	 1	 3	 5	 8.419295	 0.019778
4	 1	 3	 6	 7.984295	 0.020231
4	 1	 4	 1	 8.442555	 0.023782
4	 1	 4	 2	 9.129035	 0.025223
4	 1	 4	 3	 7.285385	 0.023571
4	 1	 4	 4	 8.216155	 0.026677
4	 1	 4	 5	 7.533785	 0.026582
4	 1	 4	 6	 9.302655	 0.030718
4	 1	 5	 1	 8.173275	 0.028049
4	 1	 5	 2	 8.494235	 0.035673
4	 1	 5	 3	 8.656135	 0.035150
4	 1	 5	 4	 8.618285	 0.035096
4	 1	 5	 5	 7.432435	 0.038061
4	 1	 5	 6	 8.312705	 0.043280
4	 1	 6	 1	 7.315265	 0.042446
4	 1	 6	 2	 8.423305	 0.048054
4	 1	 6	 3	 7.272715	 0.045877
4	 1	 6	 4	 8.470595	 0.056753
4	 1	 6	 5	 7.779945	 0.068145
4	 1	 6	 6	 8.158285	 0.095196
4	 1	 7	 1	 7.083345	 0.096403
4	 1	 7	 2	 7.268545	 0.103486
4	 1	 7	 3	 8.119305	 0.143487
4	 1	 7	 4	 8.357835	 0.147717
4	 1	 7	 5	 7.931735	 0.135373
4	 1	 7	 6	 8.047225	 0.238131
4	 2	 1	 1	 34.799377	 0.055125
4	 2	 1	 2	 36.408777	 0.024537
4	 2	 1	 3	 34.730177	 0.023520
4	 2	 1	 4	 34.437277	 0.017508
4	 2	 1	 5	 34.983677	 0.017531
4	 2	 1	 6	 35.449877	 0.016833
4	 2	 2	 1	 34.914777	 0.026237
4	 2	 2	 2	 49.532077	 0.021775
4	 2	 2	 3	 34.084877	 0.013511
4	 2	 2	 4	 35.243777	 0.018383
4	 2	 2	 5	 34.494677	 0.017995
4	 2	 2	 6	 35.666977	 0.019672
4	 2	 3	 1	 35.137277	 0.019654
4	 2	 3	 2	 34.850777	 0.019605
4	 2	 3	 3	 33.012577	 0.022009
4	 2	 3	 4	 33.290177	 0.023291
4	 2	 3	 5	 36.094077	 0.022967
4	 2	 3	 6	 34.325477	 0.022351
4	 2	 4	 1	 35.645477	 0.025231
4	 2	 4	 2	 35.015277	 0.026455
4	 2	 4	 3	 34.674377	 0.023184
4	 2	 4	 4	 35.050377	 0.028059
4	 2	 4	 5	 35.196177	 0.031700
4	 2	 4	 6	 35.570477	 0.033485
4	 2	 5	 1	 35.780877	 0.032116
4	 2	 5	 2	 36.953077	 0.037295
4	 2	 5	 3	 36.599877	 0.040340
4	 2	 5	 4	 33.522377	 0.039473
4	 2	 5	 5	 33.515377	 0.045230
4	 2	 5	 6	 34.424377	 0.041575
4	 2	 6	 1	 34.270677	 0.056125
4	 2	 6	 2	 33.338777	 0.069368
4	 2	 6	 3	 33.934177	 0.058416
4	 2	 6	 4	 32.829377	 0.080263
4	 2	 6	 5	 33.336377	 0.087137
4	 2	 6	 6	 32.861777	 0.115461
4	 2	 7	 1	 32.749777	 0.095080
4	 2	 7	 2	 33.789877	 0.123501
4	 2	 7	 3	 30.700777	 0.103276
4	 2	 7	 4	 52.184777	 0.182859
4	 2	 7	 5	 32.884577	 0.155404
4	 2	 7	 6	 32.131477	 0.167025
4	 3	 1	 1	 17.457959	 2.016820
4	 3	 1	 2	 15.716159	 0.076953
4	 3	 1	 3	 15.584759	 0.038579
4	 3	 1	 4	 16.408959	 0.033759
4	 3	 1	 5	 15.958059	 0.039058
4	 3	 1	 6	 15.853759	 0.033707
4	 3	 2	 1	 12.624759	 0.029328
4	 3	 2	 2	 12.017959	 0.025850
4	 3	 2	 3	 13.669159	 0.035256
4	 3	 2	 4	 13.121859	 0.029512
4	 3	 2	 5	 15.179759	 0.030604
4	 3	 2	 6	 14.705759	 0.034116
4	 3	 3	 1	 12.788859	 0.031420
4	 3	 3	 2	 13.501859	 0.031023
4	 3	 3	 3	 12.877759	 0.007588
4	 3	 3	 4	 13.279159	 0.035532
4	 3	 3	 5	 13.820959	 0.037782
4	 3	 3	 6	 13.697259	 0.040649
4	 3	 4	 1	 14.156259	 0.039379
4	 3	 4	 2	 14.633159	 0.043261
4	 3	 4	 3	 14.787159	 0.047128
4	 3	 4	 4	 13.893259	 0.047953
4	 3	 4	 5	 14.991459	 0.054995
4	 3	 4	 6	 14.415759	 0.051119
4	 3	 5	 1	 13.735759	 0.051869
4	 3	 5	 2	 12.755059	 0.052877
4	 3	 5	 3	 13.403259	 0.071267
4	 3	 5	 4	 12.878059	 0.100590
4	 3	 5	 5	 14.233959	 0.093587
4	 3	 5	 6	 14.062159	 0.184808
4	 3	 6	 1	 16.999359	 0.046742
4	 3	 6	 2	 14.452059	 0.184177
4	 3	 6	 3	 13.790559	 0.169107
4	 3	 6	 4	 13.233459	 0.301173
4	 3	 6	 5	 14.497359	 0.185635
4	 3	 6	 6	 12.882359	 0.039586
4	 3	 7	 1	 14.900759	 0.241189
4	 3	 7	 2	 12.855059	 0.351662
4	 3	 7	 3	 10.840389	 0.698024
4	 3	 7	 4	 18.064259	 0.580228
4	 3	 7	 5	 8.405059	 1.837770
4	 3	 7	 6	 15.817059	 1.859180
4	 4	 1	 1	 12.073212	 5.969970
4	 4	 1	 2	 12.077212	 0.181820
4	 4	 1	 3	 12.499312	 0.054319
4	 4	 1	 4	 11.328112	 0.043296
4	 4	 1	 5	 13.061112	 0.035712
4	 4	 1	 6	 12.508112	 0.032700
4	 4	 2	 1	 12.291712	 0.029515
4	 4	 2	 2	 11.808912	 0.029191
4	 4	 2	 3	 11.592812	 0.028561
4	 4	 2	 4	 11.242912	 0.032235
4	 4	 2	 5	 11.320912	 0.030785
4	 4	 2	 6	 11.793212	 0.032244
4	 4	 3	 1	 12.101012	 0.034155
4	 4	 3	 2	 11.152612	 0.037416
4	 4	 3	 3	 11.132412	 0.039044
4	 4	 3	 4	 11.218812	 0.038499
4	 4	 3	 5	 11.052512	 0.041124
4	 4	 3	 6	 11.295612	 0.042302
4	 4	 4	 1	 11.370412	 0.051988
4	 4	 4	 2	 11.059512	 0.054196
4	 4	 4	 3	 10.803812	 0.048084
4	 4	 4	 4	 10.359212	 0.051665
4	 4	 4	 5	 11.664412	 0.057991
4	 4	 4	 6	 10.614712	 0.048183
4	 4	 5	 1	 11.904912	 0.069931
4	 4	 5	 2	 13.088812	 0.355773
4	 4	 5	 3	 10.676712	 0.080506
4	 4	 5	 4	 11.692012	 0.079632
4	 4	 5	 5	 11.445612	 0.166685
4	 4	 5	 6	 10.168612	 0.210516
4	 4	 6	 1	 10.585012	 0.273437
4	 4	 6	 2	 14.501412	 0.166126
4	 4	 6	 3	 11.155112	 0.232682
4	 4	 6	 4	 12.485812	 0.214010
4	 4	 6	 5	 9.226412	 0.464972
4	 4	 6	 6	 9.121612	 0.485188
4	 4	 7	 1	 8.717012	 0.669568
4	 4	 7	 2	 8.976412	 0.831715
4	 4	 7	 3	 6.902052	 1.094060
4	 4	 7	 4	 15.302112	 3.539000
4	 4	 7	 5	 6.144492	 1.744610
4	 4	 7	 6	 4.900802	 4.105340
4	 5	 1	 1	 55.111434	 2.477000
4	 5	 1	 2	 51.087934	 0.181315
4	 5	 1	 3	 51.943934	 0.064645
4	 5	 1	 4	 50.910234	 0.049128
4	 5	 1	 5	 53.328534	 0.010727
4	 5	 1	 6	 52.059634	 0.085670
4	 5	 2	 1	 52.485434	 0.023119
4	 5	 2	 2	 53.257434	 0.020826
4	 5	 2	 3	 52.271534	 0.009891
4	 5	 2	 4	 53.523134	 0.013711
4	 5	 2	 5	 55.314034	 0.027097
4	 5	 2	 6	 54.961034	 0.027293
4	 5	 3	 1	 56.164934	 0.033428
4	 5	 3	 2	 54.731334	 0.035024
4	 5	 3	 3	 55.422334	 0.040137
4	 5	 3	 4	 54.980234	 0.044730
4	 5	 3	 5	 55.485334	 0.049304
4	 5	 3	 6	 56.353234	 0.059940
4	 5	 4	 1	 56.278934	 0.058358
4	 5	 4	 2	 56.252234	 0.061538
4	 5	 4	 3	 54.451934	 0.070849
4	 5	 4	 4	 55.536734	 0.241652
4	 5	 4	 5	 53.634034	 0.096717
4	 5	 4	 6	 54.620634	 0.098165
4	 5	 5	 1	 53.432534	 0.110143
4	 5	 5	 2	 51.823934	 0.117821
4	 5	 5	 3	 49.950834	 0.148894
4	 5	 5	 4	 49.978834	 0.117262
4	 5	 5	 5	 43.065334	 0.344351
4	 5	 5	 6	 48.753134	 0.169101
4	 5	 6	 1	 34.489834	 2.021220
4	 5	 6	 2	 54.990334	 0.509110
4	 5	 6	 3	 45.172334	 0.633388
4	 5	 6	 4	 53.274434	 1.141880
4	 5	 6	 5	 56.178434	 8.957000
4	 5	 6	 6	 55.019834	 1.454030
4	 5	 7	 1	 39.429234	 0.966351
4	 5	 7	 2	 65.540334	 1.039480
4	 5	 7	 3	 38.855534	 0.587365
4	 5	 7	 4	 44.029634	 1.792610
4	 5	 7	 5	 55.507434	 10.186000
4	 5	 7	 6	 55.507434	 10.186000
4	 6	 1	 1	 32.231123	 1.928830
4	 6	 1	 2	 45.586023	 0.129365
4	 6	 1	 3	 45.087823	 0.020590
4	 6	 1	 4	 46.199123	 0.013812
4	 6	 1	 5	 45.070023	 0.012093
4	 6	 1	 6	 46.281823	 0.015193
4	 6	 2	 1	 47.503823	 0.030218
4	 6	 2	 2	 47.046023	 0.027965
4	 6	 2	 3	 47.480523	 0.028416
4	 6	 2	 4	 52.274823	 0.011003
4	 6	 2	 5	 49.395423	 0.029210
4	 6	 2	 6	 49.185223	 0.033886
4	 6	 3	 1	 52.700023	 0.035698
4	 6	 3	 2	 52.377623	 0.036656
4	 6	 3	 3	 52.674923	 0.023995
4	 6	 3	 4	 47.344923	 0.042656
4	 6	 3	 5	 47.478923	 0.048968
4	 6	 3	 6	 46.526323	 0.054739
4	 6	 4	 1	 48.791923	 0.064618
4	 6	 4	 2	 48.109523	 0.069898
4	 6	 4	 3	 48.290423	 0.084016
4	 6	 4	 4	 49.098423	 1.414210
4	 6	 4	 5	 51.060723	 0.016821
4	 6	 4	 6	 55.142023	 0.465687
4	 6	 5	 1	 49.307723	 0.135259
4	 6	 5	 2	 47.898323	 0.136484
4	 6	 5	 3	 50.885823	 0.257945
4	 6	 5	 4	 51.034723	 0.210779
4	 6	 5	 5	 50.125423	 0.232266
4	 6	 5	 6	 51.931023	 0.230227
4	 6	 6	 1	 33.973323	 5.245230
4	 6	 6	 2	 38.485723	 0.795254
4	 6	 6	 3	 38.608123	 0.616966
4	 6	 6	 4	 45.772123	 0.890432
4	 6	 6	 5	 54.654823	 7.619000
4	 6	 6	 6	 43.143623	 0.910470
4	 6	 7	 1	 47.674823	 9.627000
4	 6	 7	 2	 40.085623	 1.347730
4	 6	 7	 3	 42.591823	 1.357660
4	 6	 7	 4	 51.861823	 7.357000
4	 6	 7	 5	 60.170623	 2.141150
4	 6	 7	 6	 58.039523	 0.724527
5	 1	 1	 1	 42.794897	 0.047207
5	 1	 1	 2	 32.481997	 0.022585
5	 1	 1	 3	 31.046297	 0.020261
5	 1	 1	 4	 25.727697	 0.018046
5	 1	 1	 5	 25.059797	 0.016969
5	 1	 1	 6	 25.918997	 0.018017
5	 1	 2	 1	 29.557897	 0.016078
5	 1	 2	 2	 27.431597	 0.004159
5	 1	 2	 3	 28.057797	 0.014477
5	 1	 2	 4	 28.801297	 0.016665
5	 1	 2	 5	 28.094197	 0.024389
5	 1	 2	 6	 26.594797	 0.005548
5	 1	 3	 1	 28.781897	 0.017536
5	 1	 3	 2	 28.506797	 0.018562
5	 1	 3	 3	 29.005997	 0.018626
5	 1	 3	 4	 27.677197	 0.018930
5	 1	 3	 5	 28.171497	 0.018406
5	 1	 3	 6	 28.375797	 0.022631
5	 1	 4	 1	 28.377897	 0.021336
5	 1	 4	 2	 29.497697	 0.023241
5	 1	 4	 3	 28.193697	 0.022188
5	 1	 4	 4	 28.745697	 0.023936
5	 1	 4	 5	 30.088497	 0.025598
5	 1	 4	 6	 29.126097	 0.026956
5	 1	 5	 1	 30.013997	 0.027146
5	 1	 5	 2	 30.299397	 0.031971
5	 1	 5	 3	 29.677297	 0.034534
5	 1	 5	 4	 28.256097	 0.039245
5	 1	 5	 5	 30.604097	 0.034206
5	 1	 5	 6	 33.262597	 0.045171
5	 1	 6	 1	 29.319097	 0.048181
5	 1	 6	 2	 29.090597	 0.048734
5	 1	 6	 3	 29.864697	 0.051399
5	 1	 6	 4	 29.194297	 0.077764
5	 1	 6	 5	 28.330597	 0.079438
5	 1	 6	 6	 29.762797	 0.095271
5	 1	 7	 1	 29.485097	 0.106169
5	 1	 7	 2	 29.275797	 0.120479
5	 1	 7	 3	 29.526497	 0.132971
5	 1	 7	 4	 31.513097	 0.135324
5	 1	 7	 5	 31.535997	 0.059412
5	 1	 7	 6	 32.721397	 0.230490
5	 2	 1	 1	 4.929270	 0.066404
5	 2	 1	 2	 5.262280	 0.022922
5	 2	 1	 3	 3.257743	 0.018931
5	 2	 1	 4	 4.451570	 0.021719
5	 2	 1	 5	 5.257540	 0.019757
5	 2	 1	 6	 4.341830	 0.017845
5	 2	 2	 1	 3.212392	 0.016756
5	 2	 2	 2	 4.724310	 0.017385
5	 2	 2	 3	 4.072680	 0.016708
5	 2	 2	 4	 3.596300	 0.017041
5	 2	 2	 5	 3.755915	 0.016327
5	 2	 2	 6	 3.348945	 0.017799
5	 2	 3	 1	 2.971465	 0.018274
5	 2	 3	 2	 3.763702	 0.020273
5	 2	 3	 3	 2.426475	 0.017915
5	 2	 3	 4	 3.956890	 0.022035
5	 2	 3	 5	 3.982460	 0.020076
5	 2	 3	 6	 3.259715	 0.020894
5	 2	 4	 1	 4.662480	 0.024296
5	 2	 4	 2	 4.260160	 0.024715
5	 2	 4	 3	 4.068740	 0.025241
5	 2	 4	 4	 4.253070	 0.024778
5	 2	 4	 5	 3.338208	 0.027901
5	 2	 4	 6	 4.838440	 0.028471
5	 2	 5	 1	 3.372658	 0.032755
5	 2	 5	 2	 3.555031	 0.032853
5	 2	 5	 3	 2.244884	 0.031133
5	 2	 5	 4	 3.181946	 0.033988
5	 2	 5	 5	 3.284820	 0.040513
5	 2	 5	 6	 3.587310	 0.041164
5	 2	 6	 1	 4.076570	 0.050038
5	 2	 6	 2	 3.756839	 0.055153
5	 2	 6	 3	 2.154887	 0.064355
5	 2	 6	 4	 4.704140	 0.068701
5	 2	 6	 5	 4.143370	 0.068450
5	 2	 6	 6	 3.898199	 0.106078
5	 2	 7	 1	 2.951824	 0.158942
5	 2	 7	 2	 3.430752	 0.235224
5	 2	 7	 3	 3.069825	 0.129498
5	 2	 7	 4	 3.702304	 0.171391
5	 2	 7	 5	 2.940488	 0.127713
5	 2	 7	 6	 4.582620	 0.228274
5	 3	 1	 1	 10.715027	 4.254900
5	 3	 1	 2	 12.910657	 0.109522
5	 3	 1	 3	 11.299307	 0.035381
5	 3	 1	 4	 12.486057	 0.029319
5	 3	 1	 5	 12.515257	 0.027811
5	 3	 1	 6	 12.346167	 0.023795
5	 3	 2	 1	 11.862367	 0.024683
5	 3	 2	 2	 12.305267	 0.023415
5	 3	 2	 3	 12.330817	 0.024468
5	 3	 2	 4	 11.294997	 0.022674
5	 3	 2	 5	 11.909367	 0.026256
5	 3	 2	 6	 11.517677	 0.028655
5	 3	 3	 1	 12.547657	 0.026657
5	 3	 3	 2	 11.534857	 0.029069
5	 3	 3	 3	 10.893077	 0.029169
5	 3	 3	 4	 11.928217	 0.031100
5	 3	 3	 5	 12.128827	 0.031500
5	 3	 3	 6	 12.456267	 0.035145
5	 3	 4	 1	 15.019857	 0.037779
5	 3	 4	 2	 14.481557	 0.041515
5	 3	 4	 3	 14.295957	 0.039774
5	 3	 4	 4	 14.180657	 0.042684
5	 3	 4	 5	 10.907067	 0.038660
5	 3	 4	 6	 11.666107	 0.051052
5	 3	 5	 1	 11.479137	 0.055740
5	 3	 5	 2	 11.684747	 0.056985
5	 3	 5	 3	 11.864907	 0.065482
5	 3	 5	 4	 11.495987	 0.079667
5	 3	 5	 5	 11.633967	 0.076596
5	 3	 5	 6	 11.892767	 0.092572
5	 3	 6	 1	 13.692257	 0.109916
5	 3	 6	 2	 13.087957	 0.125652
5	 3	 6	 3	 10.787857	 0.171597
5	 3	 6	 4	 12.564557	 0.220428
5	 3	 6	 5	 11.463767	 0.127837
5	 3	 6	 6	 12.038397	 0.144791
5	 3	 7	 1	 10.462657	 0.171780
5	 3	 7	 2	 12.907357	 0.455167
5	 3	 7	 3	 10.491107	 0.688711
5	 3	 7	 4	 13.158757	 0.288429
5	 3	 7	 5	 14.396157	 1.111480
5	 3	 7	 6	 9.899177	 3.777730
5	 4	 1	 1	 16.560073	 4.590380
5	 4	 1	 2	 15.508673	 0.428280
5	 4	 1	 3	 11.530903	 0.050407
5	 4	 1	 4	 12.376173	 0.034539
5	 4	 1	 5	 13.003973	 0.032662
5	 4	 1	 6	 11.955843	 0.026378
5	 4	 2	 1	 12.188973	 0.027654
5	 4	 2	 2	 11.782493	 0.025229
5	 4	 2	 3	 11.588053	 0.026043
5	 4	 2	 4	 11.157963	 0.025885
5	 4	 2	 5	 12.430473	 0.028191
5	 4	 2	 6	 13.377773	 2.125850
5	 4	 3	 1	 12.198373	 0.031081
5	 4	 3	 2	 12.768373	 0.032930
5	 4	 3	 3	 11.874593	 0.035962
5	 4	 3	 4	 11.764263	 0.035075
5	 4	 3	 5	 11.780873	 0.038374
5	 4	 3	 6	 12.194173	 0.043358
5	 4	 4	 1	 13.492973	 0.049715
5	 4	 4	 2	 12.573773	 0.048307
5	 4	 4	 3	 11.773643	 0.050522
5	 4	 4	 4	 12.133153	 0.044946
5	 4	 4	 5	 13.516873	 0.051190
5	 4	 4	 6	 12.457173	 0.058800
5	 4	 5	 1	 12.605973	 0.057336
5	 4	 5	 2	 13.605073	 0.084945
5	 4	 5	 3	 11.292413	 0.082710
5	 4	 5	 4	 13.018173	 0.091093
5	 4	 5	 5	 15.529673	 0.328400
5	 4	 5	 6	 14.115073	 0.130779
5	 4	 6	 1	 14.479873	 0.367969
5	 4	 6	 2	 14.045373	 0.150596
5	 4	 6	 3	 11.367403	 0.202584
5	 4	 6	 4	 11.452333	 0.281460
5	 4	 6	 5	 10.996973	 0.128540
5	 4	 6	 6	 8.668933	 0.493827
5	 4	 7	 1	 11.481943	 2.146940
5	 4	 7	 2	 18.841973	 4.407000
5	 4	 7	 3	 11.793463	 0.910163
5	 4	 7	 4	 6.475263	 1.356980
5	 4	 7	 5	 18.841973	 4.407000
5	 4	 7	 6	 18.841973	 4.407000
5	 5	 1	 1	 35.719431	 3.359150
5	 5	 1	 2	 46.422631	 23.172000
5	 5	 1	 3	 51.833831	 0.050625
5	 5	 1	 4	 51.862731	 0.045183
5	 5	 1	 5	 51.082731	 0.035349
5	 5	 1	 6	 50.819231	 0.032934
5	 5	 2	 1	 54.412631	 0.014233
5	 5	 2	 2	 54.442231	 0.011176
5	 5	 2	 3	 55.555731	 0.009650
5	 5	 2	 4	 51.918831	 0.027284
5	 5	 2	 5	 52.833131	 0.029603
5	 5	 2	 6	 53.803531	 0.032365
5	 5	 3	 1	 52.761531	 0.034933
5	 5	 3	 2	 52.523831	 0.035655
5	 5	 3	 3	 53.213431	 0.041428
5	 5	 3	 4	 50.685231	 0.040901
5	 5	 3	 5	 54.670331	 0.048712
5	 5	 3	 6	 52.611831	 0.058222
5	 5	 4	 1	 51.183531	 0.059242
5	 5	 4	 2	 51.650631	 0.062409
5	 5	 4	 3	 51.635131	 0.070578
5	 5	 4	 4	 49.446231	 0.068545
5	 5	 4	 5	 51.274431	 0.088016
5	 5	 4	 6	 49.817131	 0.088589
5	 5	 5	 1	 49.400831	 0.112701
5	 5	 5	 2	 52.569431	 0.202752
5	 5	 5	 3	 48.370531	 0.149840
5	 5	 5	 4	 49.908231	 0.170121
5	 5	 5	 5	 50.290831	 0.242077
5	 5	 5	 6	 51.179131	 0.482212
5	 5	 6	 1	 39.124931	 0.465497
5	 5	 6	 2	 48.200331	 0.346050
5	 5	 6	 3	 50.206131	 5.697000
5	 5	 6	 4	 47.876631	 0.449941
5	 5	 6	 5	 52.113131	 15.424000
5	 5	 6	 6	 52.113131	 15.424000
5	 5	 7	 1	 40.213331	 0.892900
5	 5	 7	 2	 52.113131	 15.424000
5	 5	 7	 3	 47.835731	 0.881924
5	 5	 7	 4	 52.642831	 12.138100
5	 5	 7	 5	 43.732631	 3.377560
5	 5	 7	 6	 57.958831	 11.686400
5	 6	 1	 1	 40.355735	 0.417408
5	 6	 1	 2	 43.336035	 0.094424
5	 6	 1	 3	 44.030935	 0.062554
5	 6	 1	 4	 43.426435	 0.054656
5	 6	 1	 5	 44.780735	 0.044206
5	 6	 1	 6	 42.945035	 0.037146
5	 6	 2	 1	 48.374935	 0.031030
5	 6	 2	 2	 46.110635	 0.025148
5	 6	 2	 3	 46.008035	 0.018562
5	 6	 2	 4	 48.057435	 0.024725
5	 6	 2	 5	 48.461335	 0.029467
5	 6	 2	 6	 48.686135	 0.029231
5	 6	 3	 1	 47.523935	 0.030198
5	 6	 3	 2	 48.112435	 0.036026
5	 6	 3	 3	 46.961735	 0.010124
5	 6	 3	 4	 46.085035	 0.075406
5	 6	 3	 5	 46.371035	 0.048646
5	 6	 3	 6	 46.133435	 0.051851
5	 6	 4	 1	 45.142435	 0.077243
5	 6	 4	 2	 45.943835	 0.066982
5	 6	 4	 3	 45.805335	 0.015199
5	 6	 4	 4	 54.745235	 3.394540
5	 6	 4	 5	 50.081635	 0.080715
5	 6	 4	 6	 48.425335	 0.112174
5	 6	 5	 1	 45.994435	 0.149887
5	 6	 5	 2	 45.641435	 0.128262
5	 6	 5	 3	 47.285935	 0.143778
5	 6	 5	 4	 48.836535	 0.186837
5	 6	 5	 5	 50.490835	 0.260926
5	 6	 5	 6	 48.874535	 0.283286
5	 6	 6	 1	 46.727635	 0.244639
5	 6	 6	 2	 46.422935	 0.144855
5	 6	 6	 3	 48.611635	 0.123673
5	 6	 6	 4	 46.878635	 0.647374
5	 6	 6	 5	 47.460335	 6.187000
5	 6	 6	 6	 34.876635	 0.910148
5	 6	 7	 1	 47.569835	 1.801600
5	 6	 7	 2	 51.204335	 8.904000
5	 6	 7	 3	 36.820535	 1.052270
5	 6	 7	 4	 40.777635	 1.688950
5	 6	 7	 5	 49.723535	 1.536170
5	 6	 7	 6	 78.622435	 176.966000
6	 1	 1	 1	 7.238456	 0.034791
6	 1	 1	 2	 7.494096	 0.019298
6	 1	 1	 3	 6.071336	 0.015945
6	 1	 1	 4	 10.773276	 0.019634
6	 1	 1	 5	 11.730036	 0.019790
6	 1	 1	 6	 12.391246	 0.019815
6	 1	 2	 1	 9.989146	 0.018294
6	 1	 2	 2	 9.823386	 0.017413
6	 1	 2	 3	 10.085496	 0.017245
6	 1	 2	 4	 10.107726	 0.017927
6	 1	 2	 5	 10.664776	 0.015437
6	 1	 2	 6	 10.068696	 0.020391
6	 1	 3	 1	 9.571186	 0.018037
6	 1	 3	 2	 9.820336	 0.018996
6	 1	 3	 3	 9.272786	 0.022516
6	 1	 3	 4	 8.261986	 0.021581
6	 1	 3	 5	 9.709336	 0.020765
6	 1	 3	 6	 8.205086	 0.021217
6	 1	 4	 1	 11.258986	 0.025257
6	 1	 4	 2	 10.866566	 0.025423
6	 1	 4	 3	 10.931546	 0.023024
6	 1	 4	 4	 12.104026	 0.032124
6	 1	 4	 5	 11.070576	 0.025889
6	 1	 4	 6	 12.288326	 0.030729
6	 1	 5	 1	 6.702876	 0.028715
6	 1	 5	 2	 8.880976	 0.030018
6	 1	 5	 3	 5.658666	 0.028739
6	 1	 5	 4	 11.064786	 0.041320
6	 1	 5	 5	 11.029766	 0.040583
6	 1	 5	 6	 11.613196	 0.043048
6	 1	 6	 1	 8.373806	 0.053854
6	 1	 6	 2	 8.685026	 0.058718
6	 1	 6	 3	 7.853556	 0.059449
6	 1	 6	 4	 6.440636	 0.062354
6	 1	 6	 5	 6.255146	 0.081195
6	 1	 6	 6	 7.247136	 0.092542
6	 1	 7	 1	 8.498966	 0.108113
6	 1	 7	 2	 10.833416	 0.141363
6	 1	 7	 3	 8.675766	 0.120706
6	 1	 7	 4	 9.627206	 0.130825
6	 1	 7	 5	 9.216356	 0.095615
6	 1	 7	 6	 9.855406	 0.047324
6	 2	 1	 1	 14.001079	 0.079804
6	 2	 1	 2	 12.854899	 0.026848
6	 2	 1	 3	 10.342659	 0.019732
6	 2	 1	 4	 11.941639	 0.019143
6	 2	 1	 5	 10.367269	 0.021253
6	 2	 1	 6	 9.873489	 0.019153
6	 2	 2	 1	 9.182569	 0.018587
6	 2	 2	 2	 9.645769	 0.018177
6	 2	 2	 3	 8.085019	 0.018581
6	 2	 2	 4	 9.507669	 0.017492
6	 2	 2	 5	 10.658699	 0.019081
6	 2	 2	 6	 10.851009	 0.020081
6	 2	 3	 1	 9.414889	 0.019018
6	 2	 3	 2	 10.400319	 0.021618
6	 2	 3	 3	 8.926149	 0.020809
6	 2	 3	 4	 9.440639	 0.021671
6	 2	 3	 5	 9.057059	 0.022965
6	 2	 3	 6	 7.979649	 0.023995
6	 2	 4	 1	 11.084339	 0.023737
6	 2	 4	 2	 10.667679	 0.033436
6	 2	 4	 3	 11.136379	 0.034136
6	 2	 4	 4	 8.473839	 0.025464
6	 2	 4	 5	 8.246589	 0.027850
6	 2	 4	 6	 8.708599	 0.030708
6	 2	 5	 1	 9.182619	 0.031176
6	 2	 5	 2	 13.566469	 0.037662
6	 2	 5	 3	 11.503989	 0.039949
6	 2	 5	 4	 7.210349	 0.074995
6	 2	 5	 5	 9.260659	 0.042344
6	 2	 5	 6	 9.348419	 0.051302
6	 2	 6	 1	 7.250949	 0.045962
6	 2	 6	 2	 7.570289	 0.062503
6	 2	 6	 3	 7.745299	 0.051247
6	 2	 6	 4	 12.491429	 0.090012
6	 2	 6	 5	 12.048719	 0.102377
6	 2	 6	 6	 12.336769	 0.115892
6	 2	 7	 1	 11.128029	 0.098149
6	 2	 7	 2	 12.275019	 0.143137
6	 2	 7	 3	 10.320019	 0.192677
6	 2	 7	 4	 4.872239	 0.147430
6	 2	 7	 5	 7.495009	 0.179757
6	 2	 7	 6	 6.564529	 0.222671
6	 3	 1	 1	 -26.538538	 2.345780
6	 3	 1	 2	 -26.464838	 0.082366
6	 3	 1	 3	 -28.154038	 1.421300
6	 3	 1	 4	 -27.532038	 0.033538
6	 3	 1	 5	 -27.897538	 0.030564
6	 3	 1	 6	 -28.219838	 0.017684
6	 3	 2	 1	 -26.907838	 0.024512
6	 3	 2	 2	 -26.700238	 0.025581
6	 3	 2	 3	 -28.937938	 0.036365
6	 3	 2	 4	 -28.467538	 0.027271
6	 3	 2	 5	 -26.940738	 0.028299
6	 3	 2	 6	 -28.305038	 0.027810
6	 3	 3	 1	 -28.051638	 0.014068
6	 3	 3	 2	 -27.472538	 0.030488
6	 3	 3	 3	 -28.968638	 0.031119
6	 3	 3	 4	 -28.697738	 0.031369
6	 3	 3	 5	 -27.034938	 0.033271
6	 3	 3	 6	 -26.566038	 0.037764
6	 3	 4	 1	 -28.199138	 0.034042
6	 3	 4	 2	 -27.429438	 0.037851
6	 3	 4	 3	 -28.141538	 0.042669
6	 3	 4	 4	 -28.093138	 0.042085
6	 3	 4	 5	 -27.110338	 0.046865
6	 3	 4	 6	 -26.848638	 0.051965
6	 3	 5	 1	 -27.064638	 0.053014
6	 3	 5	 2	 -25.542738	 0.060807
6	 3	 5	 3	 -25.089338	 0.080628
6	 3	 5	 4	 -27.940238	 0.078875
6	 3	 5	 5	 -26.213538	 0.091227
6	 3	 5	 6	 -25.195938	 0.082762
6	 3	 6	 1	 -25.640238	 0.105007
6	 3	 6	 2	 -25.070938	 0.127494
6	 3	 6	 3	 -26.109338	 0.158763
6	 3	 6	 4	 -27.624638	 0.151601
6	 3	 6	 5	 -26.175338	 0.233418
6	 3	 6	 6	 -25.394838	 0.174288
6	 3	 7	 1	 -25.118438	 1.869000
6	 3	 7	 2	 -26.019738	 9.906900
6	 3	 7	 3	 -29.366638	 0.749895
6	 3	 7	 4	 -28.878338	 0.892460
6	 3	 7	 5	 -29.611338	 1.479960
6	 3	 7	 6	 -36.364838	 2.732220
6	 4	 1	 1	 -14.944551	 1.202000
6	 4	 1	 2	 -26.809851	 0.147039
6	 4	 1	 3	 -27.294351	 0.055938
6	 4	 1	 4	 -26.784551	 0.031462
6	 4	 1	 5	 -26.557551	 0.030099
6	 4	 1	 6	 -26.095251	 0.022260
6	 4	 2	 1	 -26.871451	 0.026540
6	 4	 2	 2	 -27.170251	 0.026488
6	 4	 2	 3	 -27.363951	 0.025467
6	 4	 2	 4	 -27.466251	 0.034846
6	 4	 2	 5	 -27.784851	 0.027870
6	 4	 2	 6	 -27.695151	 0.029965
6	 4	 3	 1	 -25.898751	 0.029933
6	 4	 3	 2	 -27.818351	 0.031263
6	 4	 3	 3	 -27.950651	 0.033697
6	 4	 3	 4	 -27.256551	 0.036599
6	 4	 3	 5	 -26.622451	 0.039379
6	 4	 3	 6	 -26.221351	 0.036805
6	 4	 4	 1	 -27.201251	 0.043317
6	 4	 4	 2	 -27.118151	 0.047085
6	 4	 4	 3	 -26.798451	 0.056759
6	 4	 4	 4	 -26.944551	 0.076477
6	 4	 4	 5	 -26.246351	 0.063203
6	 4	 4	 6	 -26.923051	 0.066026
6	 4	 5	 1	 -26.136051	 0.065763
6	 4	 5	 2	 -26.439751	 0.063933
6	 4	 5	 3	 -26.841251	 0.077140
6	 4	 5	 4	 -26.510951	 0.092803
6	 4	 5	 5	 -27.122251	 0.100714
6	 4	 5	 6	 -27.273651	 0.090337
6	 4	 6	 1	 -26.634851	 0.129292
6	 4	 6	 2	 -28.004151	 0.062829
6	 4	 6	 3	 -26.943551	 0.080026
6	 4	 6	 4	 -27.960151	 0.385480
6	 4	 6	 5	 -29.381851	 0.391772
6	 4	 6	 6	 -29.682951	 0.422999
6	 4	 7	 1	 -27.686351	 0.106700
6	 4	 7	 2	 -30.760951	 0.653589
6	 4	 7	 3	 -32.986651	 0.810159
6	 4	 7	 4	 -31.932751	 1.583650
6	 4	 7	 5	 -33.309951	 1.784530
6	 4	 7	 6	 -34.017351	 2.707830
6	 5	 1	 1	 11.400662	 2.964480
6	 5	 1	 2	 24.058662	 0.211970
6	 5	 1	 3	 22.152662	 0.099897
6	 5	 1	 4	 25.727462	 0.058529
6	 5	 1	 5	 27.564362	 0.046662
6	 5	 1	 6	 26.752462	 0.036977
6	 5	 2	 1	 23.394662	 0.013248
6	 5	 2	 2	 26.382662	 0.060359
6	 5	 2	 3	 22.315462	 0.011507
6	 5	 2	 4	 28.491262	 0.035060
6	 5	 2	 5	 28.304662	 0.013088
6	 5	 2	 6	 26.005662	 0.032647
6	 5	 3	 1	 25.199862	 0.033142
6	 5	 3	 2	 24.150562	 0.037002
6	 5	 3	 3	 23.782362	 0.042181
6	 5	 3	 4	 23.972162	 0.045811
6	 5	 3	 5	 25.656562	 0.054399
6	 5	 3	 6	 26.575662	 0.062693
6	 5	 4	 1	 28.172262	 0.067746
6	 5	 4	 2	 30.603262	 0.061982
6	 5	 4	 3	 29.867362	 0.074099
6	 5	 4	 4	 24.750962	 0.082702
6	 5	 4	 5	 23.736462	 0.093083
6	 5	 4	 6	 26.945662	 0.117948
6	 5	 5	 1	 24.539762	 0.104557
6	 5	 5	 2	 26.137662	 0.107201
6	 5	 5	 3	 22.885062	 0.190753
6	 5	 5	 4	 21.233362	 0.427252
6	 5	 5	 5	 24.026662	 0.502583
6	 5	 5	 6	 24.197962	 0.320080
6	 5	 6	 1	 19.663862	 0.371811
6	 5	 6	 2	 14.908562	 0.470465
6	 5	 6	 3	 11.478162	 0.575848
6	 5	 6	 4	 24.027162	 4.279000
6	 5	 6	 5	 20.311062	 1.250090
6	 5	 6	 6	 20.636262	 0.217657
6	 5	 7	 1	 23.232162	 6.854000
6	 5	 7	 2	 17.589662	 0.802511
6	 5	 7	 3	 23.232162	 6.854000
6	 5	 7	 4	 15.434562	 1.783080
6	 5	 7	 5	 14.165162	 2.687400
6	 5	 7	 6	 31.192562	 5.761190
6	 6	 1	 1	 15.050863	 1.264610
6	 6	 1	 2	 25.522963	 1.191000
6	 6	 1	 3	 18.988063	 0.127236
6	 6	 1	 4	 20.794663	 0.068081
6	 6	 1	 5	 20.479363	 0.052622
6	 6	 1	 6	 20.791663	 0.042894
6	 6	 2	 1	 19.985463	 0.033758
6	 6	 2	 2	 19.371663	 0.034200
6	 6	 2	 3	 18.699863	 0.029898
6	 6	 2	 4	 19.752063	 2.602030
6	 6	 2	 5	 17.818563	 0.027898
6	 6	 2	 6	 18.370063	 0.031292
6	 6	 3	 1	 21.938363	 0.048344
6	 6	 3	 2	 20.644163	 0.050385
6	 6	 3	 3	 20.685063	 0.049772
6	 6	 3	 4	 14.718163	 0.070487
6	 6	 3	 5	 19.171563	 0.056437
6	 6	 3	 6	 19.180763	 0.061063
6	 6	 4	 1	 20.371563	 0.078784
6	 6	 4	 2	 19.464763	 0.079782
6	 6	 4	 3	 20.968563	 0.085134
6	 6	 4	 4	 20.405863	 2.171060
6	 6	 4	 5	 21.619863	 0.110031
6	 6	 4	 6	 20.317063	 0.128821
6	 6	 5	 1	 23.366563	 0.128411
6	 6	 5	 2	 23.359863	 0.134130
6	 6	 5	 3	 24.907563	 0.174956
6	 6	 5	 4	 22.063863	 0.211571
6	 6	 5	 5	 25.735263	 0.197305
6	 6	 5	 6	 11.269363	 0.477421
6	 6	 6	 1	 22.000563	 0.145203
6	 6	 6	 2	 7.405433	 0.468026
6	 6	 6	 3	 7.995693	 0.517495
6	 6	 6	 4	 9.712203	 0.623637
6	 6	 6	 5	 13.871263	 0.105891
6	 6	 6	 6	 23.680563	 0.600396
6	 6	 7	 1	 19.785363	 3.289930
6	 6	 7	 2	 12.323063	 0.876249
6	 6	 7	 3	 30.590963	 22.491300
6	 6	 7	 4	 22.948963	 3.904000
6	 6	 7	 5	 28.642063	 2.298580
6	 6	 7	 6	 42.628063	 16.587400
