#& Sector Superlayer Slot Cable T0Correction T0Error
1	 1	 1	 1	 1.343440	 1.858230
1	 1	 1	 2	 1.639595	 1.186452
1	 1	 1	 3	 2.152554	 0.949981
1	 1	 1	 4	 -1.190651	 1.316257
1	 1	 1	 5	 1.870741	 0.946971
1	 1	 1	 6	 2.030173	 0.954763
1	 1	 2	 1	 1.158382	 1.030740
1	 1	 2	 2	 1.256666	 1.066127
1	 1	 2	 3	 2.696512	 0.971850
1	 1	 2	 4	 2.005152	 1.116193
1	 1	 2	 5	 2.939520	 1.000620
1	 1	 2	 6	 3.915272	 0.016242
1	 1	 3	 1	 1.925497	 1.066577
1	 1	 3	 2	 4.425349	 1.611157
1	 1	 3	 3	 0.962086	 0.990383
1	 1	 3	 4	 2.181771	 1.119994
1	 1	 3	 5	 2.127863	 1.155604
1	 1	 3	 6	 2.156608	 2.034953
1	 1	 4	 1	 1.245752	 1.035222
1	 1	 4	 2	 2.585399	 1.263523
1	 1	 4	 3	 -1.932911	 1.730029
1	 1	 4	 4	 0.136351	 1.505159
1	 1	 4	 5	 3.277816	 1.132645
1	 1	 4	 6	 3.082295	 1.415271
1	 1	 5	 1	 -0.694491	 1.516544
1	 1	 5	 2	 1.344968	 1.589573
1	 1	 5	 3	 2.732401	 1.568271
1	 1	 5	 4	 2.219703	 1.342077
1	 1	 5	 5	 3.512460	 2.765386
1	 1	 5	 6	 -1.522587	 3.517894
1	 1	 6	 1	 3.440559	 3.437913
1	 1	 6	 2	 -2.565017	 5.667803
1	 1	 6	 3	 1.736783	 2.043770
1	 1	 6	 4	 2.706873	 4.478926
1	 1	 6	 5	 2.078611	 2.559832
1	 1	 6	 6	 0.891000	 4.060295
1	 1	 7	 1	 6.410392	 4.713004
1	 1	 7	 2	 -3.396213	 6.199517
1	 1	 7	 3	 3.327392	 0.126261
1	 1	 7	 4	 -13.485260	 20.037076
1	 1	 7	 5	 2.530697	 0.131229
1	 1	 7	 6	 3.669702	 0.220162
1	 2	 1	 1	 -20.114984	 6.208347
1	 2	 1	 2	 -17.819520	 1.941266
1	 2	 1	 3	 -19.465703	 2.321050
1	 2	 1	 4	 -18.891634	 2.076894
1	 2	 1	 5	 -18.528836	 1.828412
1	 2	 1	 6	 -20.101231	 2.454320
1	 2	 2	 1	 -20.016035	 2.343637
1	 2	 2	 2	 -18.117867	 1.881292
1	 2	 2	 3	 -23.879281	 3.897437
1	 2	 2	 4	 -20.548947	 2.880466
1	 2	 2	 5	 -20.113138	 2.595640
1	 2	 2	 6	 -20.162034	 0.018158
1	 2	 3	 1	 -19.385036	 2.261512
1	 2	 3	 2	 -22.578473	 2.519870
1	 2	 3	 3	 -21.851455	 3.248921
1	 2	 3	 4	 -19.795030	 2.585614
1	 2	 3	 5	 -21.639972	 3.490744
1	 2	 3	 6	 -22.483998	 3.909707
1	 2	 4	 1	 -22.156841	 3.071144
1	 2	 4	 2	 -19.791518	 2.690965
1	 2	 4	 3	 -22.982554	 2.566306
1	 2	 4	 4	 -20.414581	 2.262633
1	 2	 4	 5	 -19.594634	 0.027085
1	 2	 4	 6	 -21.472721	 3.979507
1	 2	 5	 1	 -21.510861	 3.808022
1	 2	 5	 2	 -23.117867	 5.300647
1	 2	 5	 3	 -23.560830	 5.492148
1	 2	 5	 4	 -23.853040	 6.501364
1	 2	 5	 5	 -24.401949	 7.688698
1	 2	 5	 6	 -19.829834	 0.045449
1	 2	 6	 1	 -22.559349	 6.768791
1	 2	 6	 2	 -18.593269	 4.388779
1	 2	 6	 3	 -21.029613	 6.155942
1	 2	 6	 4	 -22.618380	 6.084163
1	 2	 6	 5	 -20.616834	 0.075428
1	 2	 6	 6	 -19.650134	 0.105442
1	 2	 7	 1	 -24.302978	 7.721002
1	 2	 7	 2	 -24.064887	 6.320109
1	 2	 7	 3	 -20.362634	 0.142191
1	 2	 7	 4	 -24.743082	 10.529604
1	 2	 7	 5	 -20.092834	 0.176544
1	 2	 7	 6	 -22.391234	 0.152579
1	 3	 1	 1	 -15.165393	 3.818290
1	 3	 1	 2	 -13.953893	 0.073424
1	 3	 1	 3	 -16.515793	 0.032217
1	 3	 1	 4	 -16.498193	 0.029691
1	 3	 1	 5	 -16.404585	 1.323915
1	 3	 1	 6	 -15.506893	 0.027887
1	 3	 2	 1	 -16.739093	 0.028137
1	 3	 2	 2	 -17.082631	 1.495235
1	 3	 2	 3	 -16.946393	 0.028799
1	 3	 2	 4	 -17.808381	 1.644542
1	 3	 2	 5	 -16.799249	 1.537958
1	 3	 2	 6	 -15.396293	 0.028262
1	 3	 3	 1	 -16.634393	 0.027344
1	 3	 3	 2	 -16.608588	 1.414659
1	 3	 3	 3	 -17.302819	 1.638077
1	 3	 3	 4	 -16.189393	 0.034081
1	 3	 3	 5	 -16.894152	 1.592300
1	 3	 3	 6	 -16.277427	 1.485184
1	 3	 4	 1	 -15.361193	 0.038213
1	 3	 4	 2	 -17.158072	 1.668790
1	 3	 4	 3	 -15.642893	 0.048464
1	 3	 4	 4	 -19.457469	 2.585514
1	 3	 4	 5	 -17.041391	 2.018120
1	 3	 4	 6	 -17.872704	 2.260342
1	 3	 5	 1	 -14.193693	 0.062650
1	 3	 5	 2	 -15.025293	 0.068546
1	 3	 5	 3	 -19.164260	 3.741207
1	 3	 5	 4	 -14.745993	 0.077177
1	 3	 5	 5	 -13.839393	 0.124744
1	 3	 5	 6	 -14.359193	 0.123062
1	 3	 6	 1	 -15.459293	 0.154873
1	 3	 6	 2	 -11.846251	 2.893888
1	 3	 6	 3	 -14.669893	 0.170783
1	 3	 6	 4	 -22.196981	 9.479562
1	 3	 6	 5	 -15.122993	 0.558248
1	 3	 6	 6	 -21.491453	 8.348417
1	 3	 7	 1	 -15.193093	 0.053604
1	 3	 7	 2	 -10.407951	 6.261047
1	 3	 7	 3	 -19.411293	 0.710913
1	 3	 7	 4	 -20.617393	 0.994972
1	 3	 7	 5	 -19.206293	 1.749730
1	 3	 7	 6	 -22.184993	 3.606850
1	 4	 1	 1	 -25.693035	 14.528700
1	 4	 1	 2	 -18.806135	 0.162276
1	 4	 1	 3	 -17.349935	 0.051202
1	 4	 1	 4	 -18.193735	 0.036478
1	 4	 1	 5	 -17.443335	 0.026415
1	 4	 1	 6	 -17.255435	 0.028198
1	 4	 2	 1	 -18.543935	 0.025591
1	 4	 2	 2	 -17.714935	 0.026129
1	 4	 2	 3	 -18.017135	 0.026461
1	 4	 2	 4	 -18.593035	 0.026922
1	 4	 2	 5	 -18.081635	 0.028957
1	 4	 2	 6	 -18.418935	 0.031303
1	 4	 3	 1	 -17.600335	 0.031482
1	 4	 3	 2	 -19.210035	 0.033037
1	 4	 3	 3	 -20.711692	 1.907470
1	 4	 3	 4	 -18.150435	 0.036175
1	 4	 3	 5	 -17.663935	 0.036323
1	 4	 3	 6	 -17.336135	 0.040724
1	 4	 4	 1	 -18.043735	 0.039475
1	 4	 4	 2	 -17.848635	 0.040450
1	 4	 4	 3	 -20.912779	 2.068937
1	 4	 4	 4	 -22.583381	 2.822460
1	 4	 4	 5	 -17.591535	 0.049521
1	 4	 4	 6	 -22.980132	 3.360403
1	 4	 5	 1	 -18.775135	 0.059031
1	 4	 5	 2	 -19.281135	 0.067481
1	 4	 5	 3	 -21.652149	 3.465781
1	 4	 5	 4	 -18.483535	 0.087903
1	 4	 5	 5	 -18.044635	 0.108222
1	 4	 5	 6	 -17.511635	 0.124205
1	 4	 6	 1	 -20.708344	 5.280425
1	 4	 6	 2	 -19.686535	 0.116043
1	 4	 6	 3	 -15.994648	 3.924069
1	 4	 6	 4	 -23.762951	 6.510607
1	 4	 6	 5	 -16.487093	 5.271693
1	 4	 6	 6	 -19.879535	 0.125591
1	 4	 7	 1	 -17.408835	 0.180590
1	 4	 7	 2	 -19.562435	 0.683434
1	 4	 7	 3	 -21.161635	 0.902941
1	 4	 7	 4	 -24.673035	 1.971960
1	 4	 7	 5	 -10.283635	 99.887500
1	 4	 7	 6	 -22.440735	 2.748620
1	 5	 1	 1	 7.053494	 5.943560
1	 5	 1	 2	 28.799834	 0.037361
1	 5	 1	 3	 29.904234	 0.017739
1	 5	 1	 4	 28.772745	 3.612290
1	 5	 1	 5	 28.945034	 0.019533
1	 5	 1	 6	 30.059234	 0.018420
1	 5	 2	 1	 28.929034	 0.016346
1	 5	 2	 2	 31.515834	 0.023073
1	 5	 2	 3	 30.665034	 0.018948
1	 5	 2	 4	 28.871434	 0.010864
1	 5	 2	 5	 29.202334	 0.016378
1	 5	 2	 6	 30.863934	 0.030024
1	 5	 3	 1	 30.295434	 0.030526
1	 5	 3	 2	 32.231034	 0.034463
1	 5	 3	 3	 31.972434	 0.037219
1	 5	 3	 4	 30.969834	 0.040539
1	 5	 3	 5	 30.389334	 0.046823
1	 5	 3	 6	 32.279934	 0.054228
1	 5	 4	 1	 31.063634	 0.062739
1	 5	 4	 2	 25.934464	 4.624527
1	 5	 4	 3	 26.988304	 4.135767
1	 5	 4	 4	 27.516913	 4.067094
1	 5	 4	 5	 27.372987	 4.119152
1	 5	 4	 6	 31.492134	 0.113600
1	 5	 5	 1	 27.494928	 4.585363
1	 5	 5	 2	 24.009389	 5.846122
1	 5	 5	 3	 29.792034	 0.238216
1	 5	 5	 4	 24.358333	 6.018064
1	 5	 5	 5	 32.645634	 0.297304
1	 5	 5	 6	 28.220441	 5.926602
1	 5	 6	 1	 26.606486	 7.312753
1	 5	 6	 2	 21.249255	 10.606018
1	 5	 6	 3	 23.818734	 0.057410
1	 5	 6	 4	 32.863204	 14.973140
1	 5	 6	 5	 22.175534	 0.743962
1	 5	 6	 6	 -38.840992	 65.678750
1	 5	 7	 1	 42.973234	 52.194600
1	 5	 7	 2	 32.970719	 24.081809
1	 5	 7	 3	 18.764734	 1.953950
1	 5	 7	 4	 34.902034	 7.634000
1	 5	 7	 5	 41.596134	 0.866746
1	 5	 7	 6	 45.129834	 13.204500
1	 6	 1	 1	 21.907857	 1.330310
1	 6	 1	 2	 24.309157	 0.102320
1	 6	 1	 3	 24.052157	 0.036913
1	 6	 1	 4	 22.176774	 5.930555
1	 6	 1	 5	 25.871424	 4.303473
1	 6	 1	 6	 24.059057	 0.023278
1	 6	 2	 1	 25.061357	 0.018491
1	 6	 2	 2	 24.992557	 0.012555
1	 6	 2	 3	 24.006057	 0.019343
1	 6	 2	 4	 23.892357	 0.012207
1	 6	 2	 5	 24.613257	 0.022217
1	 6	 2	 6	 23.955757	 0.014547
1	 6	 3	 1	 25.515257	 0.020414
1	 6	 3	 2	 25.849157	 0.036581
1	 6	 3	 3	 25.784357	 0.041609
1	 6	 3	 4	 25.716457	 0.045265
1	 6	 3	 5	 25.055257	 0.047699
1	 6	 3	 6	 24.136857	 0.056636
1	 6	 4	 1	 25.681857	 0.063720
1	 6	 4	 2	 25.681457	 0.073669
1	 6	 4	 3	 25.950957	 0.074448
1	 6	 4	 4	 26.300457	 0.084452
1	 6	 4	 5	 29.117457	 0.084651
1	 6	 4	 6	 25.547157	 0.109905
1	 6	 5	 1	 30.377957	 0.122820
1	 6	 5	 2	 24.218582	 5.925709
1	 6	 5	 3	 28.414657	 0.089847
1	 6	 5	 4	 24.220614	 5.855688
1	 6	 5	 5	 30.264357	 0.198071
1	 6	 5	 6	 25.679782	 6.241275
1	 6	 6	 1	 27.112549	 6.727761
1	 6	 6	 2	 25.999472	 8.110930
1	 6	 6	 3	 13.135962	 13.924168
1	 6	 6	 4	 27.123288	 10.001376
1	 6	 6	 5	 6.424794	 22.330579
1	 6	 6	 6	 27.764757	 2.250170
1	 6	 7	 1	 23.268357	 1.027210
1	 6	 7	 2	 34.654501	 18.795171
1	 6	 7	 3	 27.289524	 16.528184
1	 6	 7	 4	 25.312957	 1.876520
1	 6	 7	 5	 29.678957	 3.214290
1	 6	 7	 6	 30.258257	 5.225000
2	 1	 1	 1	 12.957497	 4.763578
2	 1	 1	 2	 11.818662	 2.404283
2	 1	 1	 3	 13.279476	 3.540912
2	 1	 1	 4	 6.065276	 3.210722
2	 1	 1	 5	 10.768898	 2.643706
2	 1	 1	 6	 9.648381	 5.586006
2	 1	 2	 1	 11.185000	 2.770223
2	 1	 2	 2	 11.275202	 1.978272
2	 1	 2	 3	 10.721671	 2.157799
2	 1	 2	 4	 14.410133	 0.020313
2	 1	 2	 5	 14.301978	 3.611885
2	 1	 2	 6	 15.188720	 2.615968
2	 1	 3	 1	 12.727262	 2.753852
2	 1	 3	 2	 14.708422	 3.285647
2	 1	 3	 3	 9.386994	 2.612766
2	 1	 3	 4	 14.438833	 0.025132
2	 1	 3	 5	 12.532478	 4.059671
2	 1	 3	 6	 11.443458	 2.273261
2	 1	 4	 1	 11.813569	 2.217087
2	 1	 4	 2	 9.826094	 2.694064
2	 1	 4	 3	 9.184238	 3.833321
2	 1	 4	 4	 12.555333	 3.131047
2	 1	 4	 5	 12.105683	 2.499385
2	 1	 4	 6	 12.824511	 3.247556
2	 1	 5	 1	 10.283667	 4.082112
2	 1	 5	 2	 9.349318	 4.542546
2	 1	 5	 3	 12.795907	 3.358113
2	 1	 5	 4	 12.810212	 2.781770
2	 1	 5	 5	 14.525933	 0.038114
2	 1	 5	 6	 13.020517	 4.593633
2	 1	 6	 1	 12.476654	 4.802332
2	 1	 6	 2	 15.806731	 6.791522
2	 1	 6	 3	 15.462233	 1.500780
2	 1	 6	 4	 3.816794	 6.507986
2	 1	 6	 5	 8.308243	 5.216164
2	 1	 6	 6	 19.170833	 0.197277
2	 1	 7	 1	 7.673512	 5.202417
2	 1	 7	 2	 7.582976	 9.472217
2	 1	 7	 3	 13.274933	 0.166562
2	 1	 7	 4	 12.509333	 0.063647
2	 1	 7	 5	 12.301433	 0.222250
2	 1	 7	 6	 16.061533	 0.193318
2	 2	 1	 1	 16.169744	 7.059936
2	 2	 1	 2	 16.047287	 2.507645
2	 2	 1	 3	 14.816446	 3.425731
2	 2	 1	 4	 16.210597	 2.850685
2	 2	 1	 5	 13.963228	 2.669320
2	 2	 1	 6	 14.696231	 2.440432
2	 2	 2	 1	 16.664271	 3.227582
2	 2	 2	 2	 20.141057	 3.282190
2	 2	 2	 3	 16.779470	 2.955816
2	 2	 2	 4	 17.353313	 4.144564
2	 2	 2	 5	 14.518350	 3.285160
2	 2	 2	 6	 13.639886	 2.707533
2	 2	 3	 1	 11.416265	 4.059629
2	 2	 3	 2	 8.381762	 5.249543
2	 2	 3	 3	 11.644863	 2.057736
2	 2	 3	 4	 11.419275	 2.202376
2	 2	 3	 5	 10.167450	 2.447641
2	 2	 3	 6	 13.333380	 2.595411
2	 2	 4	 1	 12.628793	 3.197599
2	 2	 4	 2	 15.378616	 0.034955
2	 2	 4	 3	 13.165622	 3.231213
2	 2	 4	 4	 14.636320	 4.080047
2	 2	 4	 5	 13.889470	 3.323423
2	 2	 4	 6	 14.127683	 3.374059
2	 2	 5	 1	 10.758651	 3.726906
2	 2	 5	 2	 8.380585	 2.694924
2	 2	 5	 3	 6.147925	 7.722533
2	 2	 5	 4	 6.993230	 6.305796
2	 2	 5	 5	 11.541694	 3.493593
2	 2	 5	 6	 7.030350	 10.561748
2	 2	 6	 1	 9.044144	 4.889042
2	 2	 6	 2	 15.371723	 4.910775
2	 2	 6	 3	 7.465743	 6.403248
2	 2	 6	 4	 4.863683	 8.498179
2	 2	 6	 5	 13.113406	 7.435100
2	 2	 6	 6	 8.401959	 10.610515
2	 2	 7	 1	 12.128389	 10.533900
2	 2	 7	 2	 14.714016	 0.690234
2	 2	 7	 3	 17.417816	 0.313706
2	 2	 7	 4	 10.785471	 8.732826
2	 2	 7	 5	 -199.951347	 994.722513
2	 2	 7	 6	 -2870.938704	 232582.590757
2	 3	 1	 1	 29.153358	 2.363320
2	 3	 1	 2	 23.055958	 0.082556
2	 3	 1	 3	 20.990314	 3.521264
2	 3	 1	 4	 16.392058	 0.030521
2	 3	 1	 5	 15.871087	 2.336203
2	 3	 1	 6	 16.138758	 0.028629
2	 3	 2	 1	 17.621058	 0.024457
2	 3	 2	 2	 17.353158	 0.024969
2	 3	 2	 3	 16.791958	 0.026830
2	 3	 2	 4	 17.417258	 0.025870
2	 3	 2	 5	 18.062258	 0.027461
2	 3	 2	 6	 16.120184	 2.434241
2	 3	 3	 1	 16.370358	 0.028820
2	 3	 3	 2	 17.940358	 0.034596
2	 3	 3	 3	 17.549958	 0.029145
2	 3	 3	 4	 14.803551	 3.222042
2	 3	 3	 5	 16.172258	 0.041370
2	 3	 3	 6	 14.086790	 3.893126
2	 3	 4	 1	 15.604211	 2.645136
2	 3	 4	 2	 15.842946	 2.898858
2	 3	 4	 3	 13.190630	 3.421568
2	 3	 4	 4	 19.105458	 0.058847
2	 3	 4	 5	 15.751845	 3.216716
2	 3	 4	 6	 15.957908	 3.106899
2	 3	 5	 1	 15.368644	 3.743938
2	 3	 5	 2	 15.641370	 3.843992
2	 3	 5	 3	 16.032328	 4.306401
2	 3	 5	 4	 19.123858	 0.072571
2	 3	 5	 5	 14.385239	 6.260026
2	 3	 5	 6	 19.071258	 0.113773
2	 3	 6	 1	 15.621574	 10.685997
2	 3	 6	 2	 20.308258	 0.123075
2	 3	 6	 3	 13.931266	 11.779565
2	 3	 6	 4	 18.459158	 0.220489
2	 3	 6	 5	 18.492058	 0.230312
2	 3	 6	 6	 15.608158	 0.496099
2	 3	 7	 1	 8.705361	 18.729234
2	 3	 7	 2	 19.066658	 0.214053
2	 3	 7	 3	 14.264358	 0.798274
2	 3	 7	 4	 15.704758	 1.355320
2	 3	 7	 5	 19.707658	 9.533030
2	 3	 7	 6	 18.138458	 2.710580
2	 4	 1	 1	 33.616256	 6.497670
2	 4	 1	 2	 18.802856	 0.162418
2	 4	 1	 3	 18.236156	 0.062235
2	 4	 1	 4	 19.875456	 0.058303
2	 4	 1	 5	 17.879609	 2.347992
2	 4	 1	 6	 18.525356	 0.030044
2	 4	 2	 1	 16.900156	 0.029193
2	 4	 2	 2	 17.883704	 2.345361
2	 4	 2	 3	 17.141667	 2.485416
2	 4	 2	 4	 18.779056	 0.031265
2	 4	 2	 5	 18.186056	 0.030119
2	 4	 2	 6	 18.511656	 0.036485
2	 4	 3	 1	 17.521756	 0.034965
2	 4	 3	 2	 14.637436	 2.770160
2	 4	 3	 3	 17.104836	 2.342370
2	 4	 3	 4	 17.243056	 0.038900
2	 4	 3	 5	 17.585656	 0.045998
2	 4	 3	 6	 15.220999	 2.968036
2	 4	 4	 1	 16.030344	 2.800047
2	 4	 4	 2	 14.198554	 3.173265
2	 4	 4	 3	 14.180419	 3.323685
2	 4	 4	 4	 16.678707	 2.826887
2	 4	 4	 5	 15.338511	 3.545564
2	 4	 4	 6	 15.663712	 3.624299
2	 4	 5	 1	 16.857956	 0.067306
2	 4	 5	 2	 14.927020	 4.329072
2	 4	 5	 3	 14.440706	 4.966032
2	 4	 5	 4	 13.506281	 5.299409
2	 4	 5	 5	 16.740356	 0.147676
2	 4	 5	 6	 17.447553	 5.308214
2	 4	 6	 1	 18.510056	 0.207210
2	 4	 6	 2	 14.357600	 8.887455
2	 4	 6	 3	 16.794256	 0.433299
2	 4	 6	 4	 15.211490	 8.014396
2	 4	 6	 5	 15.925919	 10.638133
2	 4	 6	 6	 17.739756	 0.222373
2	 4	 7	 1	 23.726756	 2.804000
2	 4	 7	 2	 15.234456	 0.767783
2	 4	 7	 3	 14.270456	 0.981205
2	 4	 7	 4	 13.479156	 1.266970
2	 4	 7	 5	 14.821856	 1.997930
2	 4	 7	 6	 25.648756	 21.482100
2	 5	 1	 1	 16.791526	 1.543640
2	 5	 1	 2	 29.837226	 0.023863
2	 5	 1	 3	 29.111826	 0.051452
2	 5	 1	 4	 28.438626	 0.042090
2	 5	 1	 5	 30.963326	 0.010591
2	 5	 1	 6	 29.944626	 0.012624
2	 5	 2	 1	 29.888626	 0.008872
2	 5	 2	 2	 30.973526	 0.008067
2	 5	 2	 3	 31.011126	 0.009328
2	 5	 2	 4	 31.042526	 0.010527
2	 5	 2	 5	 33.077726	 0.031651
2	 5	 2	 6	 32.908426	 0.031355
2	 5	 3	 1	 33.837726	 0.033113
2	 5	 3	 2	 32.092026	 0.034956
2	 5	 3	 3	 33.825726	 0.041395
2	 5	 3	 4	 32.622426	 0.043544
2	 5	 3	 5	 33.308026	 0.052403
2	 5	 3	 6	 34.427526	 0.058558
2	 5	 4	 1	 33.691726	 0.064793
2	 5	 4	 2	 31.698026	 0.058858
2	 5	 4	 3	 31.085126	 0.070524
2	 5	 4	 4	 29.376326	 0.088530
2	 5	 4	 5	 32.037726	 0.085882
2	 5	 4	 6	 31.519826	 0.099895
2	 5	 5	 1	 30.374326	 0.117673
2	 5	 5	 2	 28.315626	 0.064352
2	 5	 5	 3	 27.103041	 5.426411
2	 5	 5	 4	 23.322517	 7.382325
2	 5	 5	 5	 33.913626	 0.444922
2	 5	 5	 6	 25.014953	 7.535936
2	 5	 6	 1	 18.175326	 0.599622
2	 5	 6	 2	 14.669773	 6.451657
2	 5	 6	 3	 23.194009	 9.322638
2	 5	 6	 4	 17.323189	 23.336718
2	 5	 6	 5	 20.298126	 0.965394
2	 5	 6	 6	 17.824126	 0.836154
2	 5	 7	 1	 32.575526	 4.388000
2	 5	 7	 2	 31.258475	 20.705655
2	 5	 7	 3	 9.701513	 13.346502
2	 5	 7	 4	 17.722105	 47.728095
2	 5	 7	 5	 26.661826	 283.133000
2	 5	 7	 6	 32.575526	 4.388000
2	 6	 1	 1	 24.579636	 0.059037
2	 6	 1	 2	 25.634336	 0.069831
2	 6	 1	 3	 23.576936	 0.022267
2	 6	 1	 4	 23.608736	 0.020534
2	 6	 1	 5	 26.080836	 0.035232
2	 6	 1	 6	 23.407997	 5.520482
2	 6	 2	 1	 24.840436	 0.026153
2	 6	 2	 2	 25.022936	 0.028717
2	 6	 2	 3	 26.244136	 0.030220
2	 6	 2	 4	 23.938136	 0.018887
2	 6	 2	 5	 26.069536	 0.028619
2	 6	 2	 6	 34.468336	 0.037107
2	 6	 3	 1	 27.609936	 0.037445
2	 6	 3	 2	 29.587336	 0.015590
2	 6	 3	 3	 29.472136	 0.010397
2	 6	 3	 4	 26.515436	 0.045196
2	 6	 3	 5	 26.777236	 0.048575
2	 6	 3	 6	 28.303538	 4.026972
2	 6	 4	 1	 27.554236	 0.064625
2	 6	 4	 2	 25.609036	 0.070255
2	 6	 4	 3	 25.549436	 0.077202
2	 6	 4	 4	 26.738836	 0.090032
2	 6	 4	 5	 23.907246	 4.924608
2	 6	 4	 6	 26.212971	 4.786057
2	 6	 5	 1	 26.042636	 0.110345
2	 6	 5	 2	 25.917136	 0.140253
2	 6	 5	 3	 16.500036	 5.250982
2	 6	 5	 4	 25.258836	 0.217793
2	 6	 5	 5	 15.106436	 0.327768
2	 6	 5	 6	 18.385683	 4.801701
2	 6	 6	 1	 12.758536	 0.668412
2	 6	 6	 2	 17.519244	 10.895483
2	 6	 6	 3	 26.018872	 8.622506
2	 6	 6	 4	 10.126874	 8.661125
2	 6	 6	 5	 14.851736	 0.601690
2	 6	 6	 6	 -4.904043	 19.203886
2	 6	 7	 1	 19.317889	 21.625257
2	 6	 7	 2	 19.161579	 19.236010
2	 6	 7	 3	 12.592262	 15.695255
2	 6	 7	 4	 9.562885	 29.683816
2	 6	 7	 5	 24.845179	 34.161180
2	 6	 7	 6	 27.164536	 4.021000
3	 1	 1	 1	 39.146266	 11.487596
3	 1	 1	 2	 40.811976	 6.457234
3	 1	 1	 3	 39.801968	 5.808614
3	 1	 1	 4	 39.172236	 6.681572
3	 1	 1	 5	 37.402121	 5.081768
3	 1	 1	 6	 40.018293	 5.644444
3	 1	 2	 1	 40.097516	 5.832568
3	 1	 2	 2	 41.087531	 5.785043
3	 1	 2	 3	 39.305189	 6.821371
3	 1	 2	 4	 42.728051	 7.274220
3	 1	 2	 5	 40.331482	 6.513238
3	 1	 2	 6	 38.678997	 5.165968
3	 1	 3	 1	 37.718643	 7.729085
3	 1	 3	 2	 38.559735	 7.748863
3	 1	 3	 3	 40.954198	 5.849200
3	 1	 3	 4	 40.390631	 0.022613
3	 1	 3	 5	 39.964683	 6.813293
3	 1	 3	 6	 39.783733	 7.121158
3	 1	 4	 1	 43.025331	 0.021331
3	 1	 4	 2	 40.282964	 10.084806
3	 1	 4	 3	 36.553305	 5.036806
3	 1	 4	 4	 37.918358	 7.423665
3	 1	 4	 5	 39.090154	 9.026898
3	 1	 4	 6	 42.643531	 0.026000
3	 1	 5	 1	 35.758374	 12.828609
3	 1	 5	 2	 39.781831	 0.032096
3	 1	 5	 3	 37.576583	 7.823006
3	 1	 5	 4	 39.841465	 7.197576
3	 1	 5	 5	 38.373457	 12.336452
3	 1	 5	 6	 39.168789	 9.138705
3	 1	 6	 1	 39.974546	 8.840769
3	 1	 6	 2	 36.820463	 13.360128
3	 1	 6	 3	 41.317372	 13.187290
3	 1	 6	 4	 38.098029	 15.428854
3	 1	 6	 5	 37.577966	 21.622856
3	 1	 6	 6	 42.997631	 0.087696
3	 1	 7	 1	 41.647531	 27.366673
3	 1	 7	 2	 41.754531	 0.085349
3	 1	 7	 3	 36.560476	 20.823144
3	 1	 7	 4	 43.313131	 0.122981
3	 1	 7	 5	 36.831835	 19.922493
3	 1	 7	 6	 15.506852	 66.172275
3	 2	 1	 1	 40.429222	 15.981689
3	 2	 1	 2	 45.957164	 0.023882
3	 2	 1	 3	 43.839880	 6.914495
3	 2	 1	 4	 41.986433	 7.566824
3	 2	 1	 5	 41.277969	 7.785611
3	 2	 1	 6	 45.073464	 0.020603
3	 2	 2	 1	 43.675970	 6.343540
3	 2	 2	 2	 44.237882	 9.044925
3	 2	 2	 3	 42.303151	 8.119892
3	 2	 2	 4	 42.210816	 8.048762
3	 2	 2	 5	 44.425149	 6.490325
3	 2	 2	 6	 42.990213	 8.115208
3	 2	 3	 1	 40.795504	 9.850607
3	 2	 3	 2	 44.075497	 9.848108
3	 2	 3	 3	 41.075364	 8.981522
3	 2	 3	 4	 41.590567	 9.224774
3	 2	 3	 5	 43.467964	 0.022184
3	 2	 3	 6	 42.764830	 8.910221
3	 2	 4	 1	 38.934821	 6.027687
3	 2	 4	 2	 34.036711	 10.253798
3	 2	 4	 3	 35.744064	 6.196456
3	 2	 4	 4	 37.196683	 8.206833
3	 2	 4	 5	 37.039919	 10.854102
3	 2	 4	 6	 38.399397	 11.336158
3	 2	 5	 1	 42.189964	 0.033330
3	 2	 5	 2	 43.296497	 7.541211
3	 2	 5	 3	 34.097226	 6.562437
3	 2	 5	 4	 37.000567	 18.068495
3	 2	 5	 5	 39.020293	 12.761977
3	 2	 5	 6	 42.744937	 13.146881
3	 2	 6	 1	 39.415823	 10.261214
3	 2	 6	 2	 38.038768	 15.370086
3	 2	 6	 3	 39.336334	 17.042008
3	 2	 6	 4	 14.040966	 37.011356
3	 2	 6	 5	 36.718159	 17.716270
3	 2	 6	 6	 44.589874	 17.827455
3	 2	 7	 1	 38.630508	 32.987792
3	 2	 7	 2	 37.279136	 24.185671
3	 2	 7	 3	 42.527264	 0.199742
3	 2	 7	 4	 44.614464	 0.155239
3	 2	 7	 5	 4.704845	 64.624787
3	 2	 7	 6	 44.355464	 0.243205
3	 3	 1	 1	 46.046094	 2.420030
3	 3	 1	 2	 40.796094	 0.094106
3	 3	 1	 3	 38.107278	 6.381968
3	 3	 1	 4	 40.589394	 0.036665
3	 3	 1	 5	 41.304494	 0.015853
3	 3	 1	 6	 43.112294	 0.030400
3	 3	 2	 1	 43.989189	 5.156484
3	 3	 2	 2	 43.058715	 5.777523
3	 3	 2	 3	 44.035794	 0.029409
3	 3	 2	 4	 44.417494	 0.024944
3	 3	 2	 5	 46.101794	 0.030254
3	 3	 2	 6	 45.768094	 0.032913
3	 3	 3	 1	 42.080906	 6.242827
3	 3	 3	 2	 41.172009	 6.524116
3	 3	 3	 3	 41.161792	 7.043824
3	 3	 3	 4	 41.975458	 6.638942
3	 3	 3	 5	 45.694194	 0.042401
3	 3	 3	 6	 45.327994	 0.041728
3	 3	 4	 1	 42.604660	 6.757271
3	 3	 4	 2	 46.070794	 0.046401
3	 3	 4	 3	 46.703094	 0.044331
3	 3	 4	 4	 37.280243	 8.356977
3	 3	 4	 5	 41.592694	 0.055354
3	 3	 4	 6	 40.896794	 0.064235
3	 3	 5	 1	 40.485194	 0.063282
3	 3	 5	 2	 41.691394	 0.066939
3	 3	 5	 3	 42.339794	 0.068461
3	 3	 5	 4	 41.086488	 8.831845
3	 3	 5	 5	 44.600894	 0.120991
3	 3	 5	 6	 45.783894	 0.113597
3	 3	 6	 1	 39.158633	 14.511506
3	 3	 6	 2	 41.842694	 0.134270
3	 3	 6	 3	 23.303555	 49.433555
3	 3	 6	 4	 35.380760	 22.355284
3	 3	 6	 5	 21.210920	 64.282233
3	 3	 6	 6	 41.654694	 0.404038
3	 3	 7	 1	 40.814794	 0.433051
3	 3	 7	 2	 27.310925	 37.314014
3	 3	 7	 3	 38.673794	 0.693647
3	 3	 7	 4	 39.558894	 1.415060
3	 3	 7	 5	 39.428494	 1.746690
3	 3	 7	 6	 42.651294	 18.623600
3	 4	 1	 1	 52.521271	 5.662000
3	 4	 1	 2	 40.977471	 0.137028
3	 4	 1	 3	 41.856271	 0.051981
3	 4	 1	 4	 41.957571	 0.038008
3	 4	 1	 5	 41.295273	 5.293611
3	 4	 1	 6	 42.247271	 0.030056
3	 4	 2	 1	 40.939571	 0.028098
3	 4	 2	 2	 41.639171	 0.027021
3	 4	 2	 3	 42.882171	 0.029684
3	 4	 2	 4	 44.357771	 0.033033
3	 4	 2	 5	 44.301871	 0.033310
3	 4	 2	 6	 44.633771	 0.034354
3	 4	 3	 1	 38.179041	 6.138758
3	 4	 3	 2	 44.712371	 0.042952
3	 4	 3	 3	 44.666871	 0.040541
3	 4	 3	 4	 40.434225	 5.549272
3	 4	 3	 5	 39.358005	 6.194328
3	 4	 3	 6	 40.946096	 5.573190
3	 4	 4	 1	 48.442171	 0.050191
3	 4	 4	 2	 46.891671	 0.051752
3	 4	 4	 3	 43.826868	 8.723242
3	 4	 4	 4	 43.671671	 0.078959
3	 4	 4	 5	 47.421771	 0.055884
3	 4	 4	 6	 44.373689	 10.484223
3	 4	 5	 1	 28.275974	 18.318746
3	 4	 5	 2	 23.583340	 21.637586
3	 4	 5	 3	 32.402618	 12.958443
3	 4	 5	 4	 42.775671	 0.098387
3	 4	 5	 5	 41.748895	 15.979620
3	 4	 5	 6	 43.214435	 14.918551
3	 4	 6	 1	 48.110671	 0.113423
3	 4	 6	 2	 55.067871	 0.234493
3	 4	 6	 3	 44.358281	 29.295053
3	 4	 6	 4	 40.010535	 30.922696
3	 4	 6	 5	 45.752471	 0.470036
3	 4	 6	 6	 43.087559	 53.924084
3	 4	 7	 1	 45.145271	 0.544026
3	 4	 7	 2	 49.483766	 33.258928
3	 4	 7	 3	 39.099171	 0.987559
3	 4	 7	 4	 40.027571	 1.363280
3	 4	 7	 5	 40.760671	 1.866040
3	 4	 7	 6	 45.528271	 2.295420
3	 5	 1	 1	 51.737629	 7.210680
3	 5	 1	 2	 74.673329	 1.073440
3	 5	 1	 3	 71.889529	 0.033158
3	 5	 1	 4	 70.790529	 0.031451
3	 5	 1	 5	 71.983729	 0.039983
3	 5	 1	 6	 72.672129	 0.027802
3	 5	 2	 1	 70.732129	 0.016100
3	 5	 2	 2	 70.631529	 0.013210
3	 5	 2	 3	 74.448129	 0.397265
3	 5	 2	 4	 71.916929	 0.015577
3	 5	 2	 5	 71.837629	 0.024229
3	 5	 2	 6	 72.530329	 0.030409
3	 5	 3	 1	 72.857029	 0.032694
3	 5	 3	 2	 71.785929	 0.035953
3	 5	 3	 3	 71.557329	 0.039707
3	 5	 3	 4	 71.396329	 0.044188
3	 5	 3	 5	 73.257329	 0.051299
3	 5	 3	 6	 73.809829	 0.060803
3	 5	 4	 1	 71.980329	 0.060278
3	 5	 4	 2	 73.491029	 0.071752
3	 5	 4	 3	 67.409238	 9.891467
3	 5	 4	 4	 71.063629	 0.084847
3	 5	 4	 5	 73.233129	 0.097682
3	 5	 4	 6	 73.260129	 0.117641
3	 5	 5	 1	 59.609781	 9.124380
3	 5	 5	 2	 56.746129	 0.130261
3	 5	 5	 3	 62.896129	 0.153306
3	 5	 5	 4	 51.092108	 13.741801
3	 5	 5	 5	 49.632811	 16.012225
3	 5	 5	 6	 55.090405	 14.576461
3	 5	 6	 1	 57.510534	 16.615991
3	 5	 6	 2	 63.897329	 0.519751
3	 5	 6	 3	 57.063029	 0.290654
3	 5	 6	 4	 52.923772	 20.281815
3	 5	 6	 5	 52.218782	 41.623900
3	 5	 6	 6	 50.463549	 24.187287
3	 5	 7	 1	 53.933331	 42.432292
3	 5	 7	 2	 44.392156	 31.580945
3	 5	 7	 3	 41.065149	 42.284387
3	 5	 7	 4	 49.322629	 2.537120
3	 5	 7	 5	 61.314529	 12.885000
3	 5	 7	 6	 61.314529	 12.885000
3	 6	 1	 1	 64.704139	 1.489290
3	 6	 1	 2	 64.666207	 12.724635
3	 6	 1	 3	 59.580662	 11.239612
3	 6	 1	 4	 65.597139	 0.090348
3	 6	 1	 5	 68.760539	 0.057863
3	 6	 1	 6	 66.846293	 10.382844
3	 6	 2	 1	 67.193166	 9.192956
3	 6	 2	 2	 67.501039	 0.034511
3	 6	 2	 3	 67.251139	 0.031441
3	 6	 2	 4	 68.429439	 0.031158
3	 6	 2	 5	 69.290739	 0.035227
3	 6	 2	 6	 68.136439	 0.036060
3	 6	 3	 1	 66.441959	 9.487127
3	 6	 3	 2	 67.911539	 0.039634
3	 6	 3	 3	 67.016639	 0.043465
3	 6	 3	 4	 67.027739	 0.050577
3	 6	 3	 5	 67.327039	 0.053583
3	 6	 3	 6	 66.920354	 9.166911
3	 6	 4	 1	 64.410575	 10.913247
3	 6	 4	 2	 60.719190	 12.821050
3	 6	 4	 3	 65.572237	 10.061816
3	 6	 4	 4	 67.738639	 0.095695
3	 6	 4	 5	 62.495864	 9.245020
3	 6	 4	 6	 62.713226	 12.581436
3	 6	 5	 1	 53.161812	 12.814139
3	 6	 5	 2	 51.826339	 0.077574
3	 6	 5	 3	 51.195846	 13.621446
3	 6	 5	 4	 54.847769	 12.289834
3	 6	 5	 5	 52.382084	 15.348411
3	 6	 5	 6	 54.023910	 14.345883
3	 6	 6	 1	 52.003345	 12.988469
3	 6	 6	 2	 46.902839	 0.538859
3	 6	 6	 3	 58.583921	 18.143734
3	 6	 6	 4	 58.809700	 19.681824
3	 6	 6	 5	 48.948235	 15.545405
3	 6	 6	 6	 39.087460	 19.591753
3	 6	 7	 1	 49.189776	 42.384638
3	 6	 7	 2	 41.787880	 24.419171
3	 6	 7	 3	 45.604293	 30.105853
3	 6	 7	 4	 51.723739	 1.638570
3	 6	 7	 5	 60.269239	 2.188620
3	 6	 7	 6	 58.735939	 10.619000
4	 1	 1	 1	 5.718266	 2.394875
4	 1	 1	 2	 7.331543	 0.019535
4	 1	 1	 3	 6.234212	 1.305693
4	 1	 1	 4	 4.857984	 1.429264
4	 1	 1	 5	 6.347834	 1.183331
4	 1	 1	 6	 5.966750	 1.293447
4	 1	 2	 1	 6.917517	 1.182739
4	 1	 2	 2	 6.431381	 1.343578
4	 1	 2	 3	 5.005269	 1.462608
4	 1	 2	 4	 4.959031	 1.541352
4	 1	 2	 5	 5.373410	 1.478585
4	 1	 2	 6	 4.737865	 2.555046
4	 1	 3	 1	 5.826369	 1.394058
4	 1	 3	 2	 4.558692	 1.707818
4	 1	 3	 3	 1.782819	 2.020778
4	 1	 3	 4	 5.344735	 1.562144
4	 1	 3	 5	 5.493580	 1.555173
4	 1	 3	 6	 6.104201	 1.385101
4	 1	 4	 1	 4.205442	 1.480376
4	 1	 4	 2	 8.206314	 2.338517
4	 1	 4	 3	 4.267316	 1.576081
4	 1	 4	 4	 4.278081	 1.600364
4	 1	 4	 5	 4.176116	 1.681290
4	 1	 4	 6	 4.885926	 1.444788
4	 1	 5	 1	 4.316022	 1.706041
4	 1	 5	 2	 6.123755	 3.255611
4	 1	 5	 3	 4.927713	 2.015326
4	 1	 5	 4	 6.417993	 3.649988
4	 1	 5	 5	 5.640180	 2.019438
4	 1	 5	 6	 7.448263	 0.043280
4	 1	 6	 1	 4.684910	 2.446182
4	 1	 6	 2	 5.061334	 2.700280
4	 1	 6	 3	 4.324549	 2.915657
4	 1	 6	 4	 6.298608	 3.716200
4	 1	 6	 5	 5.218401	 3.125322
4	 1	 6	 6	 3.379310	 8.552034
4	 1	 7	 1	 7.125536	 5.280023
4	 1	 7	 2	 6.404103	 0.103486
4	 1	 7	 3	 0.891702	 4.486559
4	 1	 7	 4	 7.493393	 0.147717
4	 1	 7	 5	 7.067293	 0.135373
4	 1	 7	 6	 -34.643168	 28.872648
4	 2	 1	 1	 32.041985	 11.529939
4	 2	 1	 2	 35.513330	 0.024537
4	 2	 1	 3	 33.454735	 5.530406
4	 2	 1	 4	 33.029733	 6.043237
4	 2	 1	 5	 34.103088	 4.899613
4	 2	 1	 6	 34.256980	 4.939286
4	 2	 2	 1	 33.774209	 5.059739
4	 2	 2	 2	 48.636630	 0.021775
4	 2	 2	 3	 33.695219	 5.247099
4	 2	 2	 4	 33.050852	 5.900917
4	 2	 2	 5	 34.731594	 5.041469
4	 2	 2	 6	 32.495270	 4.622565
4	 2	 3	 1	 33.138559	 5.940360
4	 2	 3	 2	 32.775115	 6.255088
4	 2	 3	 3	 29.756753	 4.266671
4	 2	 3	 4	 29.883763	 4.020996
4	 2	 3	 5	 32.847412	 4.634048
4	 2	 3	 6	 28.324897	 8.636438
4	 2	 4	 1	 34.012657	 5.691855
4	 2	 4	 2	 32.105907	 7.373223
4	 2	 4	 3	 30.974456	 5.516905
4	 2	 4	 4	 32.092241	 5.598820
4	 2	 4	 5	 32.527836	 5.644162
4	 2	 4	 6	 31.151963	 6.539673
4	 2	 5	 1	 33.359033	 5.495142
4	 2	 5	 2	 36.349233	 9.300034
4	 2	 5	 3	 33.144539	 6.489748
4	 2	 5	 4	 30.162252	 5.636099
4	 2	 5	 5	 30.138230	 11.310017
4	 2	 5	 6	 31.366695	 8.143680
4	 2	 6	 1	 31.345777	 12.510331
4	 2	 6	 2	 24.053524	 13.750772
4	 2	 6	 3	 28.720201	 10.045827
4	 2	 6	 4	 28.964897	 20.298823
4	 2	 6	 5	 33.080166	 15.111419
4	 2	 6	 6	 34.692041	 10.684503
4	 2	 7	 1	 30.716119	 14.116152
4	 2	 7	 2	 33.278971	 19.671769
4	 2	 7	 3	 29.805330	 0.103276
4	 2	 7	 4	 11.000354	 150.314395
4	 2	 7	 5	 31.989130	 0.155404
4	 2	 7	 6	 31.236030	 0.167025
4	 3	 1	 1	 16.613372	 2.016820
4	 3	 1	 2	 14.871572	 0.076953
4	 3	 1	 3	 14.740172	 0.038579
4	 3	 1	 4	 15.564372	 0.033759
4	 3	 1	 5	 15.113472	 0.039058
4	 3	 1	 6	 15.009172	 0.033707
4	 3	 2	 1	 11.780172	 0.029328
4	 3	 2	 2	 11.173372	 0.025850
4	 3	 2	 3	 12.824572	 0.035256
4	 3	 2	 4	 12.277272	 0.029512
4	 3	 2	 5	 14.335172	 0.030604
4	 3	 2	 6	 13.861172	 0.034116
4	 3	 3	 1	 11.944272	 0.031420
4	 3	 3	 2	 12.657272	 0.031023
4	 3	 3	 3	 12.033172	 0.007588
4	 3	 3	 4	 12.434572	 0.035532
4	 3	 3	 5	 12.976372	 0.037782
4	 3	 3	 6	 12.852672	 0.040649
4	 3	 4	 1	 9.114965	 2.299082
4	 3	 4	 2	 13.788572	 0.043261
4	 3	 4	 3	 13.942572	 0.047128
4	 3	 4	 4	 13.048672	 0.047953
4	 3	 4	 5	 14.146872	 0.054995
4	 3	 4	 6	 1.796435	 6.170027
4	 3	 5	 1	 9.260312	 2.978451
4	 3	 5	 2	 9.406291	 3.279851
4	 3	 5	 3	 12.558672	 0.071267
4	 3	 5	 4	 8.580670	 4.026032
4	 3	 5	 5	 3.769955	 8.965805
4	 3	 5	 6	 -0.666080	 11.876264
4	 3	 6	 1	 16.154772	 0.046742
4	 3	 6	 2	 13.607472	 0.184177
4	 3	 6	 3	 12.945972	 0.169107
4	 3	 6	 4	 -5.564166	 18.482656
4	 3	 6	 5	 14.616904	 12.314509
4	 3	 6	 6	 12.037772	 0.039586
4	 3	 7	 1	 0.534527	 12.127477
4	 3	 7	 2	 12.010472	 0.351662
4	 3	 7	 3	 9.995802	 0.698024
4	 3	 7	 4	 17.219672	 0.580228
4	 3	 7	 5	 7.560472	 1.837770
4	 3	 7	 6	 14.972472	 1.859180
4	 4	 1	 1	 14.730417	 5.969970
4	 4	 1	 2	 14.734417	 0.181820
4	 4	 1	 3	 15.156517	 0.054319
4	 4	 1	 4	 13.985317	 0.043296
4	 4	 1	 5	 15.718317	 0.035712
4	 4	 1	 6	 15.165317	 0.032700
4	 4	 2	 1	 14.948917	 0.029515
4	 4	 2	 2	 14.466117	 0.029191
4	 4	 2	 3	 14.250017	 0.028561
4	 4	 2	 4	 13.900117	 0.032235
4	 4	 2	 5	 13.978117	 0.030785
4	 4	 2	 6	 14.450417	 0.032244
4	 4	 3	 1	 14.758217	 0.034155
4	 4	 3	 2	 13.809817	 0.037416
4	 4	 3	 3	 13.789617	 0.039044
4	 4	 3	 4	 13.876017	 0.038499
4	 4	 3	 5	 13.709717	 0.041124
4	 4	 3	 6	 13.952817	 0.042302
4	 4	 4	 1	 14.027617	 0.051988
4	 4	 4	 2	 13.716717	 0.054196
4	 4	 4	 3	 10.417332	 2.391411
4	 4	 4	 4	 9.022338	 4.211611
4	 4	 4	 5	 14.321617	 0.057991
4	 4	 4	 6	 13.271917	 0.048183
4	 4	 5	 1	 9.797349	 5.026126
4	 4	 5	 2	 3.879036	 6.816605
4	 4	 5	 3	 13.333917	 0.080506
4	 4	 5	 4	 14.349217	 0.079632
4	 4	 5	 5	 14.102817	 0.166685
4	 4	 5	 6	 12.825817	 0.210516
4	 4	 6	 1	 13.957644	 11.409273
4	 4	 6	 2	 17.158617	 0.166126
4	 4	 6	 3	 11.066600	 10.114661
4	 4	 6	 4	 10.125498	 12.220463
4	 4	 6	 5	 5.133466	 13.554624
4	 4	 6	 6	 11.778817	 0.485188
4	 4	 7	 1	 6.575587	 16.006256
4	 4	 7	 2	 11.633617	 0.831715
4	 4	 7	 3	 9.559257	 1.094060
4	 4	 7	 4	 17.959317	 3.539000
4	 4	 7	 5	 8.801697	 1.744610
4	 4	 7	 6	 7.558007	 4.105340
4	 5	 1	 1	 54.705406	 2.477000
4	 5	 1	 2	 50.681906	 0.181315
4	 5	 1	 3	 51.537906	 0.064645
4	 5	 1	 4	 50.504206	 0.049128
4	 5	 1	 5	 52.922506	 0.010727
4	 5	 1	 6	 51.653606	 0.085670
4	 5	 2	 1	 52.079406	 0.023119
4	 5	 2	 2	 52.851406	 0.020826
4	 5	 2	 3	 51.865506	 0.009891
4	 5	 2	 4	 53.117106	 0.013711
4	 5	 2	 5	 54.908006	 0.027097
4	 5	 2	 6	 54.555006	 0.027293
4	 5	 3	 1	 55.758906	 0.033428
4	 5	 3	 2	 54.325306	 0.035024
4	 5	 3	 3	 55.016306	 0.040137
4	 5	 3	 4	 54.574206	 0.044730
4	 5	 3	 5	 55.079306	 0.049304
4	 5	 3	 6	 55.947206	 0.059940
4	 5	 4	 1	 55.872906	 0.058358
4	 5	 4	 2	 55.846206	 0.061538
4	 5	 4	 3	 50.320094	 7.082685
4	 5	 4	 4	 50.914426	 7.219624
4	 5	 4	 5	 53.228006	 0.096717
4	 5	 4	 6	 54.214606	 0.098165
4	 5	 5	 1	 47.494728	 10.136581
4	 5	 5	 2	 48.091565	 9.059047
4	 5	 5	 3	 47.530916	 10.515797
4	 5	 5	 4	 40.927480	 13.711836
4	 5	 5	 5	 50.491740	 10.487984
4	 5	 5	 6	 48.374347	 12.383454
4	 5	 6	 1	 46.807788	 13.796536
4	 5	 6	 2	 54.584306	 0.509110
4	 5	 6	 3	 49.197569	 17.225457
4	 5	 6	 4	 46.149395	 24.199573
4	 5	 6	 5	 55.772406	 8.957000
4	 5	 6	 6	 49.656188	 24.214703
4	 5	 7	 1	 39.023206	 0.966351
4	 5	 7	 2	 41.832426	 31.598558
4	 5	 7	 3	 33.106891	 27.591589
4	 5	 7	 4	 43.623606	 1.792610
4	 5	 7	 5	 55.101406	 10.186000
4	 5	 7	 6	 55.101406	 10.186000
4	 6	 1	 1	 33.332308	 1.928830
4	 6	 1	 2	 46.687208	 0.129365
4	 6	 1	 3	 46.189008	 0.020590
4	 6	 1	 4	 47.300308	 0.013812
4	 6	 1	 5	 46.171208	 0.012093
4	 6	 1	 6	 47.383008	 0.015193
4	 6	 2	 1	 48.605008	 0.030218
4	 6	 2	 2	 48.147208	 0.027965
4	 6	 2	 3	 48.581708	 0.028416
4	 6	 2	 4	 53.376008	 0.011003
4	 6	 2	 5	 50.496608	 0.029210
4	 6	 2	 6	 50.286408	 0.033886
4	 6	 3	 1	 53.801208	 0.035698
4	 6	 3	 2	 53.478808	 0.036656
4	 6	 3	 3	 53.776108	 0.023995
4	 6	 3	 4	 48.446108	 0.042656
4	 6	 3	 5	 48.580108	 0.048968
4	 6	 3	 6	 47.627508	 0.054739
4	 6	 4	 1	 49.893108	 0.064618
4	 6	 4	 2	 49.210708	 0.069898
4	 6	 4	 3	 49.391608	 0.084016
4	 6	 4	 4	 46.905254	 8.349477
4	 6	 4	 5	 52.161908	 0.016821
4	 6	 4	 6	 56.243208	 0.465687
4	 6	 5	 1	 50.408908	 0.135259
4	 6	 5	 2	 43.378395	 12.002201
4	 6	 5	 3	 51.987008	 0.257945
4	 6	 5	 4	 46.368880	 10.697049
4	 6	 5	 5	 46.339218	 11.036383
4	 6	 5	 6	 53.032208	 0.230227
4	 6	 6	 1	 48.097462	 11.903552
4	 6	 6	 2	 39.586908	 0.795254
4	 6	 6	 3	 43.538174	 15.671282
4	 6	 6	 4	 46.942998	 16.233702
4	 6	 6	 5	 26.669348	 48.416787
4	 6	 6	 6	 39.657990	 48.129975
4	 6	 7	 1	 47.337160	 25.019327
4	 6	 7	 2	 11.934822	 76.487713
4	 6	 7	 3	 27.825207	 28.953468
4	 6	 7	 4	 48.905480	 52.309947
4	 6	 7	 5	 61.858834	 51.264638
4	 6	 7	 6	 59.140708	 0.724527
5	 1	 1	 1	 41.479745	 15.894146
5	 1	 1	 2	 27.509375	 9.581844
5	 1	 1	 3	 27.077024	 5.923631
5	 1	 1	 4	 24.582612	 0.018046
5	 1	 1	 5	 23.657523	 3.229523
5	 1	 1	 6	 24.773912	 0.018017
5	 1	 2	 1	 28.412812	 0.016078
5	 1	 2	 2	 24.674412	 4.553933
5	 1	 2	 3	 27.974504	 3.423154
5	 1	 2	 4	 27.691538	 3.736850
5	 1	 2	 5	 23.629339	 5.252073
5	 1	 2	 6	 24.268576	 5.452356
5	 1	 3	 1	 27.336812	 4.086102
5	 1	 3	 2	 26.842499	 4.762684
5	 1	 3	 3	 25.248506	 4.934721
5	 1	 3	 4	 25.250244	 5.257906
5	 1	 3	 5	 26.392826	 4.514215
5	 1	 3	 6	 26.754412	 4.654013
5	 1	 4	 1	 25.583449	 5.447269
5	 1	 4	 2	 26.138541	 5.916467
5	 1	 4	 3	 26.940768	 4.874448
5	 1	 4	 4	 26.243386	 5.797705
5	 1	 4	 5	 25.086867	 6.972685
5	 1	 4	 6	 26.357276	 6.497552
5	 1	 5	 1	 24.089269	 9.345155
5	 1	 5	 2	 28.201843	 8.755250
5	 1	 5	 3	 26.228045	 7.232610
5	 1	 5	 4	 26.379344	 5.041837
5	 1	 5	 5	 29.319746	 8.560135
5	 1	 5	 6	 29.201665	 7.333601
5	 1	 6	 1	 29.075374	 9.788191
5	 1	 6	 2	 27.712473	 8.224713
5	 1	 6	 3	 26.979745	 14.240042
5	 1	 6	 4	 31.683382	 8.769363
5	 1	 6	 5	 23.708288	 11.163383
5	 1	 6	 6	 30.516305	 13.637180
5	 1	 7	 1	 28.340012	 0.106169
5	 1	 7	 2	 28.130712	 0.120479
5	 1	 7	 3	 29.820486	 17.604717
5	 1	 7	 4	 24.691441	 25.647818
5	 1	 7	 5	 30.390912	 0.059412
5	 1	 7	 6	 31.576312	 0.230490
5	 2	 1	 1	 3.207900	 2.138652
5	 2	 1	 2	 3.484295	 2.064274
5	 2	 1	 3	 2.424551	 0.018931
5	 2	 1	 4	 3.618378	 0.021719
5	 2	 1	 5	 4.424348	 0.019757
5	 2	 1	 6	 2.838250	 0.992071
5	 2	 2	 1	 1.285523	 1.086830
5	 2	 2	 2	 3.179112	 0.986019
5	 2	 2	 3	 0.615416	 1.224686
5	 2	 2	 4	 2.868706	 1.004083
5	 2	 2	 5	 1.936880	 1.024993
5	 2	 2	 6	 0.898700	 0.997857
5	 2	 3	 1	 2.566840	 1.093966
5	 2	 3	 2	 1.998712	 0.924132
5	 2	 3	 3	 1.593283	 0.017915
5	 2	 3	 4	 2.077040	 1.148297
5	 2	 3	 5	 2.588667	 1.053668
5	 2	 3	 6	 1.430323	 1.282226
5	 2	 4	 1	 1.674597	 1.271151
5	 2	 4	 2	 1.439332	 1.096511
5	 2	 4	 3	 -0.265144	 1.635174
5	 2	 4	 4	 0.605292	 1.570111
5	 2	 4	 5	 -2.850486	 2.228396
5	 2	 4	 6	 2.672731	 1.372678
5	 2	 5	 1	 2.097812	 1.598902
5	 2	 5	 2	 2.562534	 1.435962
5	 2	 5	 3	 2.316154	 1.441254
5	 2	 5	 4	 1.510252	 1.689143
5	 2	 5	 5	 2.053381	 1.737663
5	 2	 5	 6	 1.138151	 2.115270
5	 2	 6	 1	 1.136181	 2.198098
5	 2	 6	 2	 1.672473	 2.193218
5	 2	 6	 3	 -0.005368	 2.939616
5	 2	 6	 4	 -3.041141	 2.255699
5	 2	 6	 5	 1.418469	 2.646741
5	 2	 6	 6	 -4.856491	 5.802041
5	 2	 7	 1	 -2.305821	 2.665393
5	 2	 7	 2	 2.439115	 3.914371
5	 2	 7	 3	 -0.157560	 4.679063
5	 2	 7	 4	 2.869112	 0.171391
5	 2	 7	 5	 2.107295	 0.127713
5	 2	 7	 6	 3.749428	 0.228274
5	 3	 1	 1	 9.478263	 8.535773
5	 3	 1	 2	 10.777626	 0.109522
5	 3	 1	 3	 8.561574	 2.351732
5	 3	 1	 4	 9.198298	 1.938946
5	 3	 1	 5	 10.382226	 0.027811
5	 3	 1	 6	 10.213136	 0.023795
5	 3	 2	 1	 10.978895	 1.551140
5	 3	 2	 2	 10.172236	 0.023415
5	 3	 2	 3	 10.197786	 0.024468
5	 3	 2	 4	 9.161966	 0.022674
5	 3	 2	 5	 9.776336	 0.026256
5	 3	 2	 6	 9.384646	 0.028655
5	 3	 3	 1	 10.414626	 0.026657
5	 3	 3	 2	 9.401826	 0.029069
5	 3	 3	 3	 8.760046	 0.029169
5	 3	 3	 4	 9.795186	 0.031100
5	 3	 3	 5	 9.995796	 0.031500
5	 3	 3	 6	 10.323236	 0.035145
5	 3	 4	 1	 9.693913	 2.104163
5	 3	 4	 2	 8.681551	 2.300240
5	 3	 4	 3	 9.209244	 2.268139
5	 3	 4	 4	 6.910272	 2.618040
5	 3	 4	 5	 2.764057	 3.533504
5	 3	 4	 6	 5.772525	 2.919009
5	 3	 5	 1	 9.346106	 0.055740
5	 3	 5	 2	 9.551716	 0.056985
5	 3	 5	 3	 7.525842	 3.380618
5	 3	 5	 4	 5.640125	 4.240920
5	 3	 5	 5	 6.482025	 4.634826
5	 3	 5	 6	 9.759736	 0.092572
5	 3	 6	 1	 11.559226	 0.109916
5	 3	 6	 2	 10.954926	 0.125652
5	 3	 6	 3	 5.746765	 6.594100
5	 3	 6	 4	 10.431526	 0.220428
5	 3	 6	 5	 5.222237	 7.536765
5	 3	 6	 6	 12.408552	 11.074384
5	 3	 7	 1	 8.329626	 0.171780
5	 3	 7	 2	 5.809085	 16.704777
5	 3	 7	 3	 8.358076	 0.688711
5	 3	 7	 4	 11.025726	 0.288429
5	 3	 7	 5	 12.263126	 1.111480
5	 3	 7	 6	 7.766146	 3.777730
5	 4	 1	 1	 15.447454	 4.590380
5	 4	 1	 2	 14.396054	 0.428280
5	 4	 1	 3	 10.418284	 0.050407
5	 4	 1	 4	 11.263554	 0.034539
5	 4	 1	 5	 11.891354	 0.032662
5	 4	 1	 6	 10.843224	 0.026378
5	 4	 2	 1	 11.076354	 0.027654
5	 4	 2	 2	 7.909875	 2.055441
5	 4	 2	 3	 10.475434	 0.026043
5	 4	 2	 4	 10.045344	 0.025885
5	 4	 2	 5	 10.438121	 1.748122
5	 4	 2	 6	 12.265154	 2.125850
5	 4	 3	 1	 11.085754	 0.031081
5	 4	 3	 2	 11.655754	 0.032930
5	 4	 3	 3	 10.761974	 0.035962
5	 4	 3	 4	 10.651644	 0.035075
5	 4	 3	 5	 8.607235	 1.969462
5	 4	 3	 6	 8.669967	 2.050424
5	 4	 4	 1	 10.275991	 1.922383
5	 4	 4	 2	 11.461154	 0.048307
5	 4	 4	 3	 10.661024	 0.050522
5	 4	 4	 4	 11.020534	 0.044946
5	 4	 4	 5	 9.528390	 2.585582
5	 4	 4	 6	 11.344554	 0.058800
5	 4	 5	 1	 11.090507	 2.505964
5	 4	 5	 2	 11.979457	 2.570831
5	 4	 5	 3	 10.179794	 0.082710
5	 4	 5	 4	 11.905554	 0.091093
5	 4	 5	 5	 9.193569	 4.055607
5	 4	 5	 6	 13.002454	 0.130779
5	 4	 6	 1	 11.677359	 4.069206
5	 4	 6	 2	 -14.368120	 21.964274
5	 4	 6	 3	 9.413159	 6.351335
5	 4	 6	 4	 10.339714	 0.281460
5	 4	 6	 5	 9.884354	 0.128540
5	 4	 6	 6	 7.556314	 0.493827
5	 4	 7	 1	 3.822208	 18.315643
5	 4	 7	 2	 -17.742723	 36.971726
5	 4	 7	 3	 10.680844	 0.910163
5	 4	 7	 4	 5.362644	 1.356980
5	 4	 7	 5	 17.729354	 4.407000
5	 4	 7	 6	 17.729354	 4.407000
5	 5	 1	 1	 34.312202	 3.359150
5	 5	 1	 2	 45.015402	 23.172000
5	 5	 1	 3	 50.426602	 0.050625
5	 5	 1	 4	 50.455502	 0.045183
5	 5	 1	 5	 49.675502	 0.035349
5	 5	 1	 6	 49.412002	 0.032934
5	 5	 2	 1	 53.005402	 0.014233
5	 5	 2	 2	 52.090388	 6.749325
5	 5	 2	 3	 54.148502	 0.009650
5	 5	 2	 4	 50.511602	 0.027284
5	 5	 2	 5	 51.425902	 0.029603
5	 5	 2	 6	 52.396302	 0.032365
5	 5	 3	 1	 51.354302	 0.034933
5	 5	 3	 2	 51.116602	 0.035655
5	 5	 3	 3	 51.806202	 0.041428
5	 5	 3	 4	 49.278002	 0.040901
5	 5	 3	 5	 52.273251	 6.431001
5	 5	 3	 6	 51.204602	 0.058222
5	 5	 4	 1	 49.776302	 0.059242
5	 5	 4	 2	 50.243402	 0.062409
5	 5	 4	 3	 50.227902	 0.070578
5	 5	 4	 4	 48.039002	 0.068545
5	 5	 4	 5	 49.867202	 0.088016
5	 5	 4	 6	 48.409902	 0.088589
5	 5	 5	 1	 47.993602	 0.112701
5	 5	 5	 2	 51.162202	 0.202752
5	 5	 5	 3	 46.963302	 0.149840
5	 5	 5	 4	 40.748115	 6.842278
5	 5	 5	 5	 43.071726	 8.591383
5	 5	 5	 6	 39.171513	 8.218729
5	 5	 6	 1	 37.717702	 0.465497
5	 5	 6	 2	 46.793102	 0.346050
5	 5	 6	 3	 41.400620	 16.250847
5	 5	 6	 4	 36.451113	 20.492962
5	 5	 6	 5	 43.656339	 24.736871
5	 5	 6	 6	 46.792160	 24.686509
5	 5	 7	 1	 38.806102	 0.892900
5	 5	 7	 2	 50.705902	 15.424000
5	 5	 7	 3	 43.337620	 21.736118
5	 5	 7	 4	 51.235602	 12.138100
5	 5	 7	 5	 42.325402	 3.377560
5	 5	 7	 6	 56.551602	 11.686400
5	 6	 1	 1	 40.860838	 0.417408
5	 6	 1	 2	 43.841138	 0.094424
5	 6	 1	 3	 44.536038	 0.062554
5	 6	 1	 4	 43.931538	 0.054656
5	 6	 1	 5	 45.285838	 0.044206
5	 6	 1	 6	 42.587456	 6.179847
5	 6	 2	 1	 48.880038	 0.031030
5	 6	 2	 2	 46.615738	 0.025148
5	 6	 2	 3	 46.513138	 0.018562
5	 6	 2	 4	 48.562538	 0.024725
5	 6	 2	 5	 48.966438	 0.029467
5	 6	 2	 6	 49.191238	 0.029231
5	 6	 3	 1	 48.029038	 0.030198
5	 6	 3	 2	 48.617538	 0.036026
5	 6	 3	 3	 47.466838	 0.010124
5	 6	 3	 4	 46.590138	 0.075406
5	 6	 3	 5	 46.876138	 0.048646
5	 6	 3	 6	 46.638538	 0.051851
5	 6	 4	 1	 45.647538	 0.077243
5	 6	 4	 2	 46.448938	 0.066982
5	 6	 4	 3	 38.805614	 7.560186
5	 6	 4	 4	 55.250338	 3.394540
5	 6	 4	 5	 50.586738	 0.080715
5	 6	 4	 6	 48.930438	 0.112174
5	 6	 5	 1	 41.350189	 7.668399
5	 6	 5	 2	 42.041960	 7.912379
5	 6	 5	 3	 39.974754	 9.167112
5	 6	 5	 4	 49.341638	 0.186837
5	 6	 5	 5	 36.260595	 15.470546
5	 6	 5	 6	 48.767145	 11.263800
5	 6	 6	 1	 43.612072	 8.840442
5	 6	 6	 2	 46.928038	 0.144855
5	 6	 6	 3	 35.218867	 18.434526
5	 6	 6	 4	 39.922641	 18.973633
5	 6	 6	 5	 40.096160	 13.725336
5	 6	 6	 6	 35.381738	 0.910148
5	 6	 7	 1	 37.419682	 31.439292
5	 6	 7	 2	 35.314008	 28.706576
5	 6	 7	 3	 16.539449	 8.767510
5	 6	 7	 4	 -1.644319	 33.486278
5	 6	 7	 5	 35.734998	 34.218706
5	 6	 7	 6	 79.127538	 176.966000
6	 1	 1	 1	 3.614536	 3.345514
6	 1	 1	 2	 5.657519	 1.233706
6	 1	 1	 3	 4.955183	 0.015945
6	 1	 1	 4	 9.472170	 1.708486
6	 1	 1	 5	 9.281227	 1.710305
6	 1	 1	 6	 9.641141	 1.773766
6	 1	 2	 1	 8.569861	 1.796386
6	 1	 2	 2	 8.680437	 1.882709
6	 1	 2	 3	 6.059723	 2.408027
6	 1	 2	 4	 7.503107	 2.220181
6	 1	 2	 5	 8.882570	 2.032700
6	 1	 2	 6	 8.952543	 0.020391
6	 1	 3	 1	 8.522353	 2.046787
6	 1	 3	 2	 8.482988	 2.348933
6	 1	 3	 3	 8.281691	 2.185189
6	 1	 3	 4	 5.118717	 1.673801
6	 1	 3	 5	 6.011502	 2.743711
6	 1	 3	 6	 7.088933	 0.021217
6	 1	 4	 1	 9.573671	 2.125395
6	 1	 4	 2	 7.509286	 1.953901
6	 1	 4	 3	 7.526276	 2.706647
6	 1	 4	 4	 5.735572	 2.150120
6	 1	 4	 5	 8.130930	 2.805674
6	 1	 4	 6	 9.150537	 3.888955
6	 1	 5	 1	 4.509620	 2.283282
6	 1	 5	 2	 3.956756	 1.899699
6	 1	 5	 3	 0.790636	 3.260841
6	 1	 5	 4	 8.499472	 2.538644
6	 1	 5	 5	 8.620939	 3.421799
6	 1	 5	 6	 6.798717	 6.367647
6	 1	 6	 1	 5.076268	 4.970844
6	 1	 6	 2	 3.515383	 6.009874
6	 1	 6	 3	 4.965997	 3.154112
6	 1	 6	 4	 8.620939	 4.705898
6	 1	 6	 5	 3.998717	 4.948099
6	 1	 6	 6	 7.318257	 4.071209
6	 1	 7	 1	 10.536988	 5.547426
6	 1	 7	 2	 9.509828	 7.882670
6	 1	 7	 3	 3.038717	 13.243292
6	 1	 7	 4	 8.511053	 0.130825
6	 1	 7	 5	 8.100203	 0.095615
6	 1	 7	 6	 8.739253	 0.047324
6	 2	 1	 1	 10.136451	 5.544629
6	 2	 1	 2	 12.140106	 3.017931
6	 2	 1	 3	 6.910305	 1.870402
6	 2	 1	 4	 10.434700	 0.019143
6	 2	 1	 5	 7.858327	 2.236900
6	 2	 1	 6	 8.470405	 2.103916
6	 2	 2	 1	 6.162353	 1.093326
6	 2	 2	 2	 6.401347	 1.455734
6	 2	 2	 3	 6.578080	 0.018581
6	 2	 2	 4	 7.004261	 2.460255
6	 2	 2	 5	 7.982840	 2.273923
6	 2	 2	 6	 8.340612	 2.221157
6	 2	 3	 1	 5.749802	 1.270626
6	 2	 3	 2	 8.301293	 2.266900
6	 2	 3	 3	 5.014822	 1.869255
6	 2	 3	 4	 6.902901	 2.590824
6	 2	 3	 5	 7.334690	 2.391094
6	 2	 3	 6	 6.472710	 0.023995
6	 2	 4	 1	 9.009824	 2.464211
6	 2	 4	 2	 9.160740	 0.033436
6	 2	 4	 3	 7.496873	 2.875479
6	 2	 4	 4	 5.395863	 2.070534
6	 2	 4	 5	 6.739650	 0.027850
6	 2	 4	 6	 5.852543	 1.644602
6	 2	 5	 1	 2.724579	 4.133576
6	 2	 5	 2	 10.086912	 4.171121
6	 2	 5	 3	 5.973608	 2.392769
6	 2	 5	 4	 5.613991	 1.994824
6	 2	 5	 5	 6.607985	 2.642423
6	 2	 5	 6	 5.029114	 2.298764
6	 2	 6	 1	 2.951688	 3.743521
6	 2	 6	 2	 1.331174	 2.966938
6	 2	 6	 3	 3.067244	 4.551129
6	 2	 6	 4	 8.324400	 4.371551
6	 2	 6	 5	 3.148905	 9.763639
6	 2	 6	 6	 10.829830	 0.115892
6	 2	 7	 1	 7.727985	 11.025703
6	 2	 7	 2	 5.872692	 6.277836
6	 2	 7	 3	 11.393464	 7.274193
6	 2	 7	 4	 3.365300	 0.147430
6	 2	 7	 5	 5.347113	 6.365035
6	 2	 7	 6	 5.057590	 0.222671
6	 3	 1	 1	 -27.149132	 2.345780
6	 3	 1	 2	 -27.075432	 0.082366
6	 3	 1	 3	 -30.649289	 4.229297
6	 3	 1	 4	 -28.142632	 0.033538
6	 3	 1	 5	 -28.508132	 0.030564
6	 3	 1	 6	 -28.830432	 0.017684
6	 3	 2	 1	 -28.555601	 2.732209
6	 3	 2	 2	 -30.289228	 3.345914
6	 3	 2	 3	 -29.548532	 0.036365
6	 3	 2	 4	 -29.078132	 0.027271
6	 3	 2	 5	 -27.551332	 0.028299
6	 3	 2	 6	 -28.915632	 0.027810
6	 3	 3	 1	 -31.147475	 3.606329
6	 3	 3	 2	 -28.083132	 0.030488
6	 3	 3	 3	 -29.579232	 0.031119
6	 3	 3	 4	 -29.308332	 0.031369
6	 3	 3	 5	 -27.645532	 0.033271
6	 3	 3	 6	 -30.250482	 3.390726
6	 3	 4	 1	 -31.745533	 4.071205
6	 3	 4	 2	 -28.040032	 0.037851
6	 3	 4	 3	 -30.856866	 3.943095
6	 3	 4	 4	 -29.665547	 3.515665
6	 3	 4	 5	 -28.955455	 3.743736
6	 3	 4	 6	 -27.459232	 0.051965
6	 3	 5	 1	 -31.350600	 5.051982
6	 3	 5	 2	 -26.153332	 0.060807
6	 3	 5	 3	 -30.408455	 5.584726
6	 3	 5	 4	 -31.769504	 7.023897
6	 3	 5	 5	 -32.244901	 8.263715
6	 3	 5	 6	 -25.806532	 0.082762
6	 3	 6	 1	 -51.620681	 37.439074
6	 3	 6	 2	 -27.351761	 6.878436
6	 3	 6	 3	 -31.051673	 8.059739
6	 3	 6	 4	 -31.215508	 11.761859
6	 3	 6	 5	 -42.931213	 37.904599
6	 3	 6	 6	 -24.635912	 12.252102
6	 3	 7	 1	 -64.355644	 59.762390
6	 3	 7	 2	 -35.299854	 20.672667
6	 3	 7	 3	 -29.977232	 0.749895
6	 3	 7	 4	 -29.488932	 0.892460
6	 3	 7	 5	 -30.221932	 1.479960
6	 3	 7	 6	 -36.975432	 2.732220
6	 4	 1	 1	 -15.505013	 1.202000
6	 4	 1	 2	 -27.370313	 0.147039
6	 4	 1	 3	 -27.854813	 0.055938
6	 4	 1	 4	 -27.345013	 0.031462
6	 4	 1	 5	 -27.118013	 0.030099
6	 4	 1	 6	 -26.655713	 0.022260
6	 4	 2	 1	 -27.431913	 0.026540
6	 4	 2	 2	 -27.730713	 0.026488
6	 4	 2	 3	 -27.924413	 0.025467
6	 4	 2	 4	 -28.026713	 0.034846
6	 4	 2	 5	 -28.345313	 0.027870
6	 4	 2	 6	 -28.255613	 0.029965
6	 4	 3	 1	 -26.459213	 0.029933
6	 4	 3	 2	 -28.378813	 0.031263
6	 4	 3	 3	 -28.511113	 0.033697
6	 4	 3	 4	 -27.817013	 0.036599
6	 4	 3	 5	 -27.182913	 0.039379
6	 4	 3	 6	 -26.781813	 0.036805
6	 4	 4	 1	 -27.761713	 0.043317
6	 4	 4	 2	 -27.678613	 0.047085
6	 4	 4	 3	 -27.358913	 0.056759
6	 4	 4	 4	 -27.505013	 0.076477
6	 4	 4	 5	 -31.646612	 4.669307
6	 4	 4	 6	 -27.483513	 0.066026
6	 4	 5	 1	 -26.696513	 0.065763
6	 4	 5	 2	 -27.000213	 0.063933
6	 4	 5	 3	 -29.203204	 4.798537
6	 4	 5	 4	 -32.267575	 6.571275
6	 4	 5	 5	 -27.682713	 0.100714
6	 4	 5	 6	 -29.465728	 6.533944
6	 4	 6	 1	 -32.446199	 10.306901
6	 4	 6	 2	 -40.821689	 22.012741
6	 4	 6	 3	 -39.662557	 15.593437
6	 4	 6	 4	 -28.520613	 0.385480
6	 4	 6	 5	 -29.086699	 8.954376
6	 4	 6	 6	 -35.856420	 15.977475
6	 4	 7	 1	 -28.246813	 0.106700
6	 4	 7	 2	 -31.321413	 0.653589
6	 4	 7	 3	 -33.547113	 0.810159
6	 4	 7	 4	 -32.493213	 1.583650
6	 4	 7	 5	 -33.870413	 1.784530
6	 4	 7	 6	 -34.577813	 2.707830
6	 5	 1	 1	 12.024582	 2.964480
6	 5	 1	 2	 24.682582	 0.211970
6	 5	 1	 3	 22.776582	 0.099897
6	 5	 1	 4	 26.351382	 0.058529
6	 5	 1	 5	 28.188282	 0.046662
6	 5	 1	 6	 27.376382	 0.036977
6	 5	 2	 1	 24.018582	 0.013248
6	 5	 2	 2	 27.006582	 0.060359
6	 5	 2	 3	 22.939382	 0.011507
6	 5	 2	 4	 29.115182	 0.035060
6	 5	 2	 5	 27.600278	 4.277252
6	 5	 2	 6	 26.629582	 0.032647
6	 5	 3	 1	 25.823782	 0.033142
6	 5	 3	 2	 24.774482	 0.037002
6	 5	 3	 3	 24.406282	 0.042181
6	 5	 3	 4	 24.596082	 0.045811
6	 5	 3	 5	 26.280482	 0.054399
6	 5	 3	 6	 24.610094	 4.602249
6	 5	 4	 1	 28.796182	 0.067746
6	 5	 4	 2	 26.607033	 4.517292
6	 5	 4	 3	 30.491282	 0.074099
6	 5	 4	 4	 25.374882	 0.082702
6	 5	 4	 5	 24.360382	 0.093083
6	 5	 4	 6	 25.789711	 4.908029
6	 5	 5	 1	 25.163682	 0.104557
6	 5	 5	 2	 26.761582	 0.107201
6	 5	 5	 3	 23.508982	 0.190753
6	 5	 5	 4	 21.857282	 0.427252
6	 5	 5	 5	 16.166535	 3.805578
6	 5	 5	 6	 18.240926	 5.592204
6	 5	 6	 1	 18.602978	 6.112762
6	 5	 6	 2	 12.897036	 13.627724
6	 5	 6	 3	 11.066723	 8.290764
6	 5	 6	 4	 24.651082	 4.279000
6	 5	 6	 5	 11.063474	 9.830093
6	 5	 6	 6	 18.812348	 12.588970
6	 5	 7	 1	 0.154191	 15.024104
6	 5	 7	 2	 18.213582	 0.802511
6	 5	 7	 3	 23.856082	 6.854000
6	 5	 7	 4	 16.058482	 1.783080
6	 5	 7	 5	 14.789082	 2.687400
6	 5	 7	 6	 31.816482	 5.761190
6	 6	 1	 1	 15.974155	 1.264610
6	 6	 1	 2	 26.446255	 1.191000
6	 6	 1	 3	 -1.779469	 10.230544
6	 6	 1	 4	 6.559872	 10.259734
6	 6	 1	 5	 15.904821	 6.741833
6	 6	 1	 6	 21.714955	 0.042894
6	 6	 2	 1	 20.908755	 0.033758
6	 6	 2	 2	 21.283194	 2.981540
6	 6	 2	 3	 19.623155	 0.029898
6	 6	 2	 4	 20.675355	 2.602030
6	 6	 2	 5	 18.741855	 0.027898
6	 6	 2	 6	 19.293355	 0.031292
6	 6	 3	 1	 22.861655	 0.048344
6	 6	 3	 2	 21.567455	 0.050385
6	 6	 3	 3	 16.895331	 3.650598
6	 6	 3	 4	 15.641455	 0.070487
6	 6	 3	 5	 20.094855	 0.056437
6	 6	 3	 6	 20.104055	 0.061063
6	 6	 4	 1	 19.378755	 3.358549
6	 6	 4	 2	 20.388055	 0.079782
6	 6	 4	 3	 18.988473	 3.504833
6	 6	 4	 4	 16.149308	 4.130572
6	 6	 4	 5	 18.674199	 3.463913
6	 6	 4	 6	 19.528753	 3.648168
6	 6	 5	 1	 19.580688	 4.097465
6	 6	 5	 2	 24.283155	 0.134130
6	 6	 5	 3	 25.830855	 0.174956
6	 6	 5	 4	 18.961721	 4.513837
6	 6	 5	 5	 23.365209	 6.546806
6	 6	 5	 6	 12.192655	 0.477421
6	 6	 6	 1	 15.587307	 6.163172
6	 6	 6	 2	 15.774850	 7.094417
6	 6	 6	 3	 19.276493	 7.110992
6	 6	 6	 4	 17.712801	 8.417537
6	 6	 6	 5	 14.794555	 0.105891
6	 6	 6	 6	 24.603855	 0.600396
6	 6	 7	 1	 20.109015	 16.849224
6	 6	 7	 2	 0.649503	 28.886115
6	 6	 7	 3	 31.514255	 22.491300
6	 6	 7	 4	 23.872255	 3.904000
6	 6	 7	 5	 -24.640777	 67.259350
6	 6	 7	 6	 43.551355	 16.587400
