#& Sector Superlayer Slot Cable T0Correction T0Error
1	 1	 1	 1	 0.939962	 1.559714
1	 1	 1	 2	 3.197737	 0.792211
1	 1	 1	 3	 1.245718	 0.895343
1	 1	 1	 4	 1.883017	 0.812948
1	 1	 1	 5	 1.198792	 0.864522
1	 1	 1	 6	 1.253528	 0.854836
1	 1	 2	 1	 -1.877866	 1.156696
1	 1	 2	 2	 1.834024	 0.011439
1	 1	 2	 3	 1.800627	 0.925608
1	 1	 2	 4	 1.411963	 0.956325
1	 1	 2	 5	 2.881312	 0.831477
1	 1	 2	 6	 2.280230	 0.968327
1	 1	 3	 1	 0.694875	 0.994302
1	 1	 3	 2	 3.608906	 1.455803
1	 1	 3	 3	 1.994801	 0.974273
1	 1	 3	 4	 0.762676	 1.072086
1	 1	 3	 5	 1.816207	 1.023363
1	 1	 3	 6	 2.283803	 0.780790
1	 1	 4	 1	 0.792248	 1.139828
1	 1	 4	 2	 4.326116	 0.023417
1	 1	 4	 3	 -1.857766	 1.439891
1	 1	 4	 4	 1.080906	 0.022901
1	 1	 4	 5	 1.684958	 1.174456
1	 1	 4	 6	 2.999275	 1.121348
1	 1	 5	 1	 0.829677	 1.419198
1	 1	 5	 2	 1.647480	 1.295526
1	 1	 5	 3	 4.174746	 0.033236
1	 1	 5	 4	 4.561666	 0.036712
1	 1	 5	 5	 1.635603	 1.353674
1	 1	 5	 6	 3.906940	 2.308299
1	 1	 6	 1	 3.450374	 2.840053
1	 1	 6	 2	 -0.600872	 3.229849
1	 1	 6	 3	 -1.573384	 2.636974
1	 1	 6	 4	 3.381770	 3.600710
1	 1	 6	 5	 -5.641504	 3.577973
1	 1	 6	 6	 2.084717	 4.628295
1	 1	 7	 1	 -8.990439	 8.799766
1	 1	 7	 2	 -3.723133	 5.744088
1	 1	 7	 3	 3.050516	 0.126261
1	 1	 7	 4	 -2.516075	 8.998287
1	 1	 7	 5	 2.253821	 0.131229
1	 1	 7	 6	 3.392826	 0.220162
1	 2	 1	 1	 -17.501106	 3.143968
1	 2	 1	 2	 -19.167669	 2.036466
1	 2	 1	 3	 -20.628977	 2.393466
1	 2	 1	 4	 -20.977572	 2.308296
1	 2	 1	 5	 -20.844996	 2.202369
1	 2	 1	 6	 -19.875882	 1.989632
1	 2	 2	 1	 -19.283402	 0.017882
1	 2	 2	 2	 -19.499717	 1.977329
1	 2	 2	 3	 -20.743502	 0.016662
1	 2	 2	 4	 -20.847102	 0.016433
1	 2	 2	 5	 -20.646829	 2.354886
1	 2	 2	 6	 -20.567652	 2.406464
1	 2	 3	 1	 -21.657486	 2.214481
1	 2	 3	 2	 -18.639902	 0.031051
1	 2	 3	 3	 -20.175402	 0.020154
1	 2	 3	 4	 -20.733261	 2.360098
1	 2	 3	 5	 -19.202802	 0.022248
1	 2	 3	 6	 -22.211368	 3.138403
1	 2	 4	 1	 -22.352740	 2.759404
1	 2	 4	 2	 -24.398289	 4.110428
1	 2	 4	 3	 -22.630737	 2.043226
1	 2	 4	 4	 -22.145824	 3.517034
1	 2	 4	 5	 -22.341146	 3.558161
1	 2	 4	 6	 -18.911194	 2.401235
1	 2	 5	 1	 -22.103717	 2.134058
1	 2	 5	 2	 -20.679659	 3.238027
1	 2	 5	 3	 -21.551346	 3.651774
1	 2	 5	 4	 -20.080610	 3.357283
1	 2	 5	 5	 -18.915102	 0.036861
1	 2	 5	 6	 -21.003008	 4.530158
1	 2	 6	 1	 -23.752021	 7.131370
1	 2	 6	 2	 -19.016702	 3.887974
1	 2	 6	 3	 -22.453223	 6.766861
1	 2	 6	 4	 -20.735602	 0.075553
1	 2	 6	 5	 -31.152145	 11.808807
1	 2	 6	 6	 -21.922098	 9.801284
1	 2	 7	 1	 -21.655841	 6.629975
1	 2	 7	 2	 -23.839657	 6.780951
1	 2	 7	 3	 -25.718924	 18.618783
1	 2	 7	 4	 -36.813782	 10.190462
1	 2	 7	 5	 -20.077602	 0.176544
1	 2	 7	 6	 -22.376002	 0.152579
1	 3	 1	 1	 -14.889423	 3.818290
1	 3	 1	 2	 -13.677923	 0.073424
1	 3	 1	 3	 -16.239823	 0.032217
1	 3	 1	 4	 -16.222223	 0.029691
1	 3	 1	 5	 -15.897723	 0.027174
1	 3	 1	 6	 -15.230923	 0.027887
1	 3	 2	 1	 -16.463123	 0.028137
1	 3	 2	 2	 -18.454683	 1.948909
1	 3	 2	 3	 -16.670423	 0.028799
1	 3	 2	 4	 -15.647023	 0.024747
1	 3	 2	 5	 -21.931988	 2.852092
1	 3	 2	 6	 -21.250558	 2.664406
1	 3	 3	 1	 -16.358423	 0.027344
1	 3	 3	 2	 -22.591230	 2.938685
1	 3	 3	 3	 -17.531863	 1.738560
1	 3	 3	 4	 -20.106248	 2.456560
1	 3	 3	 5	 -15.446223	 0.032697
1	 3	 3	 6	 -16.493373	 1.619356
1	 3	 4	 1	 -21.038499	 2.772179
1	 3	 4	 2	 -15.111923	 0.040526
1	 3	 4	 3	 -16.198556	 1.706611
1	 3	 4	 4	 -23.237715	 2.362412
1	 3	 4	 5	 -18.674310	 2.600129
1	 3	 4	 6	 -19.640189	 2.950695
1	 3	 5	 1	 -15.589765	 2.149878
1	 3	 5	 2	 -19.684879	 3.353773
1	 3	 5	 3	 -19.361303	 3.650956
1	 3	 5	 4	 -15.825292	 1.915980
1	 3	 5	 5	 -19.946787	 3.173350
1	 3	 5	 6	 -13.695780	 2.300100
1	 3	 6	 1	 -17.331999	 3.206523
1	 3	 6	 2	 -21.929126	 7.788672
1	 3	 6	 3	 -14.393923	 0.170783
1	 3	 6	 4	 -18.631462	 6.394733
1	 3	 6	 5	 -54.306648	 27.782007
1	 3	 6	 6	 -17.374778	 5.112263
1	 3	 7	 1	 -12.344239	 5.984160
1	 3	 7	 2	 -14.657523	 0.317304
1	 3	 7	 3	 -38.682430	 33.266378
1	 3	 7	 4	 -46.294156	 86.158305
1	 3	 7	 5	 -18.930323	 1.749730
1	 3	 7	 6	 -21.909023	 3.606850
1	 4	 1	 1	 -25.192020	 14.528700
1	 4	 1	 2	 -18.305120	 0.162276
1	 4	 1	 3	 -16.848920	 0.051202
1	 4	 1	 4	 -17.692720	 0.036478
1	 4	 1	 5	 -16.942320	 0.026415
1	 4	 1	 6	 -16.754420	 0.028198
1	 4	 2	 1	 -19.106614	 1.763484
1	 4	 2	 2	 -17.213920	 0.026129
1	 4	 2	 3	 -20.081643	 1.933269
1	 4	 2	 4	 -22.745537	 2.518560
1	 4	 2	 5	 -19.923437	 1.969751
1	 4	 2	 6	 -19.819335	 1.940488
1	 4	 3	 1	 -17.099320	 0.031482
1	 4	 3	 2	 -20.411389	 1.944333
1	 4	 3	 3	 -22.005438	 2.322610
1	 4	 3	 4	 -26.101074	 3.444300
1	 4	 3	 5	 -19.120821	 1.859305
1	 4	 3	 6	 -21.063789	 2.219844
1	 4	 4	 1	 -21.826185	 2.551629
1	 4	 4	 2	 -24.258728	 2.169613
1	 4	 4	 3	 -21.327328	 2.504591
1	 4	 4	 4	 -22.512724	 2.853936
1	 4	 4	 5	 -17.090520	 0.049521
1	 4	 4	 6	 -17.053620	 0.055545
1	 4	 5	 1	 -18.274120	 0.059031
1	 4	 5	 2	 -19.409618	 2.646509
1	 4	 5	 3	 -21.223756	 3.595885
1	 4	 5	 4	 -30.804346	 8.399223
1	 4	 5	 5	 -20.226725	 3.382765
1	 4	 5	 6	 -20.636921	 4.427030
1	 4	 6	 1	 -18.627472	 5.072306
1	 4	 6	 2	 -19.185520	 0.116043
1	 4	 6	 3	 -19.717612	 3.677929
1	 4	 6	 4	 -17.333737	 4.472480
1	 4	 6	 5	 -46.459707	 30.533430
1	 4	 6	 6	 -38.953159	 16.746471
1	 4	 7	 1	 -16.907820	 0.180590
1	 4	 7	 2	 -19.061420	 0.683434
1	 4	 7	 3	 -31.050984	 30.398136
1	 4	 7	 4	 -24.172020	 1.971960
1	 4	 7	 5	 -9.782620	 99.887500
1	 4	 7	 6	 -21.939720	 2.748620
1	 5	 1	 1	 6.243256	 5.943560
1	 5	 1	 2	 27.989596	 0.037361
1	 5	 1	 3	 29.093996	 0.017739
1	 5	 1	 4	 15.753006	 7.980662
1	 5	 1	 5	 25.943454	 5.471139
1	 5	 1	 6	 24.698493	 5.916563
1	 5	 2	 1	 21.369014	 7.139602
1	 5	 2	 2	 24.544179	 6.480385
1	 5	 2	 3	 29.854796	 0.018948
1	 5	 2	 4	 21.169424	 7.262770
1	 5	 2	 5	 21.447605	 7.135333
1	 5	 2	 6	 20.827253	 5.039048
1	 5	 3	 1	 29.485196	 0.030526
1	 5	 3	 2	 28.736285	 5.140399
1	 5	 3	 3	 24.294701	 6.368576
1	 5	 3	 4	 22.624547	 6.508478
1	 5	 3	 5	 29.579096	 0.046823
1	 5	 3	 6	 31.469696	 0.054228
1	 5	 4	 1	 25.293885	 6.003192
1	 5	 4	 2	 18.796122	 7.360241
1	 5	 4	 3	 24.849486	 6.062349
1	 5	 4	 4	 22.171306	 6.870158
1	 5	 4	 5	 26.437595	 6.113810
1	 5	 4	 6	 23.267027	 7.171020
1	 5	 5	 1	 23.954617	 7.418573
1	 5	 5	 2	 28.668778	 6.419796
1	 5	 5	 3	 20.497358	 8.399905
1	 5	 5	 4	 26.224400	 7.143835
1	 5	 5	 5	 27.980898	 7.538198
1	 5	 5	 6	 28.730241	 7.882080
1	 5	 6	 1	 20.528747	 11.335016
1	 5	 6	 2	 27.339096	 0.624763
1	 5	 6	 3	 27.134975	 13.344948
1	 5	 6	 4	 27.206063	 21.814530
1	 5	 6	 5	 26.192493	 14.083280
1	 5	 6	 6	 18.053717	 34.611063
1	 5	 7	 1	 42.162996	 52.194600
1	 5	 7	 2	 16.882438	 11.124369
1	 5	 7	 3	 13.745413	 37.959223
1	 5	 7	 4	 40.734845	 24.043924
1	 5	 7	 5	 11.894057	 19.491591
1	 5	 7	 6	 44.319596	 13.204500
1	 6	 1	 1	 23.009263	 5.769801
1	 6	 1	 2	 18.736513	 4.473048
1	 6	 1	 3	 20.844598	 3.861202
1	 6	 1	 4	 13.860233	 4.180640
1	 6	 1	 5	 18.228361	 7.836834
1	 6	 1	 6	 5.066580	 7.362980
1	 6	 2	 1	 20.067081	 5.173983
1	 6	 2	 2	 21.058319	 4.936621
1	 6	 2	 3	 18.873590	 4.090585
1	 6	 2	 4	 22.838792	 0.012207
1	 6	 2	 5	 23.559692	 0.022217
1	 6	 2	 6	 18.867152	 5.416084
1	 6	 3	 1	 12.298269	 4.529276
1	 6	 3	 2	 24.795592	 0.036581
1	 6	 3	 3	 24.730792	 0.041609
1	 6	 3	 4	 22.966323	 4.281088
1	 6	 3	 5	 19.202711	 5.109010
1	 6	 3	 6	 18.088302	 3.761440
1	 6	 4	 1	 22.649843	 4.278197
1	 6	 4	 2	 18.996923	 4.993178
1	 6	 4	 3	 21.555635	 4.536341
1	 6	 4	 4	 21.944152	 4.534964
1	 6	 4	 5	 23.317750	 7.255563
1	 6	 4	 6	 22.311504	 5.332090
1	 6	 5	 1	 25.413438	 7.341887
1	 6	 5	 2	 29.565492	 0.166351
1	 6	 5	 3	 21.791185	 8.760791
1	 6	 5	 4	 17.770772	 9.647661
1	 6	 5	 5	 29.210792	 0.198071
1	 6	 5	 6	 15.294630	 10.998765
1	 6	 6	 1	 18.926137	 10.927930
1	 6	 6	 2	 29.342603	 9.475077
1	 6	 6	 3	 18.151943	 8.204362
1	 6	 6	 4	 20.283792	 0.566717
1	 6	 6	 5	 20.749423	 17.638423
1	 6	 6	 6	 31.347319	 12.974097
1	 6	 7	 1	 25.794528	 18.540273
1	 6	 7	 2	 29.204692	 5.225000
1	 6	 7	 3	 37.722392	 17.593800
1	 6	 7	 4	 10.725972	 22.027309
1	 6	 7	 5	 11.338718	 21.934773
1	 6	 7	 6	 29.204692	 5.225000
2	 1	 1	 1	 11.736140	 3.515848
2	 1	 1	 2	 12.496454	 3.734149
2	 1	 1	 3	 12.371983	 3.247100
2	 1	 1	 4	 9.885592	 2.179035
2	 1	 1	 5	 10.545170	 4.175685
2	 1	 1	 6	 9.581315	 2.357362
2	 1	 2	 1	 9.321352	 1.902610
2	 1	 2	 2	 12.858867	 1.935590
2	 1	 2	 3	 10.938921	 1.828928
2	 1	 2	 4	 12.836930	 2.321616
2	 1	 2	 5	 13.946062	 2.265591
2	 1	 2	 6	 16.529804	 3.828339
2	 1	 3	 1	 9.330974	 3.071398
2	 1	 3	 2	 13.174660	 3.268536
2	 1	 3	 3	 10.643297	 2.033537
2	 1	 3	 4	 12.663503	 3.404921
2	 1	 3	 5	 12.008271	 1.858141
2	 1	 3	 6	 11.344677	 2.010324
2	 1	 4	 1	 11.733338	 2.513201
2	 1	 4	 2	 8.453245	 2.421499
2	 1	 4	 3	 11.640145	 2.893700
2	 1	 4	 4	 11.746509	 2.668482
2	 1	 4	 5	 10.035668	 2.348186
2	 1	 4	 6	 10.532176	 3.454066
2	 1	 5	 1	 12.232799	 2.765682
2	 1	 5	 2	 9.569451	 2.886934
2	 1	 5	 3	 11.770340	 3.234639
2	 1	 5	 4	 13.061049	 4.541631
2	 1	 5	 5	 10.312320	 3.103681
2	 1	 5	 6	 8.690035	 6.926348
2	 1	 6	 1	 11.810035	 6.170432
2	 1	 6	 2	 17.400645	 6.318486
2	 1	 6	 3	 15.444401	 1.500780
2	 1	 6	 4	 11.846701	 0.069201
2	 1	 6	 5	 13.378289	 5.249660
2	 1	 6	 6	 16.513984	 7.905292
2	 1	 7	 1	 11.038551	 0.167166
2	 1	 7	 2	 7.555489	 12.955815
2	 1	 7	 3	 -10.251532	 23.430074
2	 1	 7	 4	 12.491501	 0.063647
2	 1	 7	 5	 12.283601	 0.222250
2	 1	 7	 6	 16.043701	 0.193318
2	 2	 1	 1	 14.304489	 6.623999
2	 2	 1	 2	 15.774924	 3.024059
2	 2	 1	 3	 15.465279	 2.816686
2	 2	 1	 4	 14.848142	 2.874110
2	 2	 1	 5	 15.532797	 2.622409
2	 2	 1	 6	 15.085609	 2.836566
2	 2	 2	 1	 16.725088	 2.598140
2	 2	 2	 2	 17.840351	 2.386680
2	 2	 2	 3	 17.493949	 3.414680
2	 2	 2	 4	 17.381309	 3.499049
2	 2	 2	 5	 13.898161	 3.161505
2	 2	 2	 6	 11.737465	 2.563903
2	 2	 3	 1	 10.721692	 3.621558
2	 2	 3	 2	 15.220278	 2.684541
2	 2	 3	 3	 10.168575	 2.044953
2	 2	 3	 4	 10.303784	 2.010544
2	 2	 3	 5	 9.071126	 2.255836
2	 2	 3	 6	 11.629993	 1.880047
2	 2	 4	 1	 14.025621	 2.437691
2	 2	 4	 2	 14.186959	 2.590961
2	 2	 4	 3	 14.782930	 3.366904
2	 2	 4	 4	 14.739660	 3.509546
2	 2	 4	 5	 16.117009	 2.487091
2	 2	 4	 6	 15.504560	 2.682558
2	 2	 5	 1	 7.751081	 2.185119
2	 2	 5	 2	 12.898526	 0.037303
2	 2	 5	 3	 12.248193	 3.199245
2	 2	 5	 4	 10.221526	 6.368519
2	 2	 5	 5	 10.027966	 3.562597
2	 2	 5	 6	 12.895812	 5.977791
2	 2	 6	 1	 15.102026	 0.054326
2	 2	 6	 2	 14.682117	 4.446166
2	 2	 6	 3	 12.761820	 5.184511
2	 2	 6	 4	 7.910415	 8.173488
2	 2	 6	 5	 15.317026	 0.083733
2	 2	 6	 6	 11.276599	 11.419320
2	 2	 7	 1	 10.221526	 8.947156
2	 2	 7	 2	 -28.210599	 14.832313
2	 2	 7	 3	 17.506326	 0.313706
2	 2	 7	 4	 14.761936	 11.319954
2	 2	 7	 5	 15.064926	 0.257461
2	 2	 7	 6	 15.340126	 0.249777
2	 3	 1	 1	 29.420233	 2.363320
2	 3	 1	 2	 23.322833	 0.082556
2	 3	 1	 3	 22.470633	 0.045471
2	 3	 1	 4	 15.096089	 2.631110
2	 3	 1	 5	 16.464533	 0.029133
2	 3	 1	 6	 16.405633	 0.028629
2	 3	 2	 1	 17.887933	 0.024457
2	 3	 2	 2	 17.620033	 0.024969
2	 3	 2	 3	 17.058833	 0.026830
2	 3	 2	 4	 17.684133	 0.025870
2	 3	 2	 5	 15.257580	 3.995320
2	 3	 2	 6	 14.554551	 3.936351
2	 3	 3	 1	 14.123844	 4.100002
2	 3	 3	 2	 13.811463	 3.993685
2	 3	 3	 3	 14.537781	 3.822191
2	 3	 3	 4	 6.998825	 6.938631
2	 3	 3	 5	 14.287444	 3.382288
2	 3	 3	 6	 16.992433	 0.043994
2	 3	 4	 1	 16.266526	 3.705714
2	 3	 4	 2	 15.231923	 4.601859
2	 3	 4	 3	 17.726533	 0.048665
2	 3	 4	 4	 10.487373	 4.215125
2	 3	 4	 5	 13.556930	 5.227479
2	 3	 4	 6	 15.570981	 5.202691
2	 3	 5	 1	 15.170191	 6.044373
2	 3	 5	 2	 12.869165	 6.441525
2	 3	 5	 3	 16.352418	 5.860999
2	 3	 5	 4	 12.406947	 5.932571
2	 3	 5	 5	 18.279860	 5.409108
2	 3	 5	 6	 15.797769	 6.099898
2	 3	 6	 1	 16.297820	 6.546312
2	 3	 6	 2	 12.554298	 16.061543
2	 3	 6	 3	 16.203300	 11.877581
2	 3	 6	 4	 18.645155	 11.679524
2	 3	 6	 5	 14.374300	 9.792913
2	 3	 6	 6	 18.580607	 15.749497
2	 3	 7	 1	 -23.823842	 85.631093
2	 3	 7	 2	 19.333533	 0.214053
2	 3	 7	 3	 14.531233	 0.798274
2	 3	 7	 4	 0.346203	 32.166541
2	 3	 7	 5	 19.974533	 9.533030
2	 3	 7	 6	 18.405333	 2.710580
2	 4	 1	 1	 34.463503	 6.497670
2	 4	 1	 2	 19.650103	 0.162418
2	 4	 1	 3	 19.083403	 0.062235
2	 4	 1	 4	 20.722703	 0.058303
2	 4	 1	 5	 19.830592	 3.989083
2	 4	 1	 6	 19.372603	 0.030044
2	 4	 2	 1	 17.747403	 0.029193
2	 4	 2	 2	 14.935436	 4.594162
2	 4	 2	 3	 18.232123	 3.976475
2	 4	 2	 4	 16.653153	 4.260184
2	 4	 2	 5	 19.033303	 0.030119
2	 4	 2	 6	 19.358903	 0.036485
2	 4	 3	 1	 15.530644	 4.070045
2	 4	 3	 2	 13.213688	 4.567064
2	 4	 3	 3	 19.125503	 0.036144
2	 4	 3	 4	 18.090303	 0.038900
2	 4	 3	 5	 14.375997	 4.712332
2	 4	 3	 6	 15.302967	 4.525740
2	 4	 4	 1	 14.061559	 4.833926
2	 4	 4	 2	 11.650124	 2.644462
2	 4	 4	 3	 13.146127	 5.286807
2	 4	 4	 4	 10.093859	 6.148755
2	 4	 4	 5	 18.624403	 0.058792
2	 4	 4	 6	 8.874747	 6.652007
2	 4	 5	 1	 8.083608	 5.487725
2	 4	 5	 2	 7.265429	 6.159855
2	 4	 5	 3	 6.559627	 5.390642
2	 4	 5	 4	 10.698028	 4.554033
2	 4	 5	 5	 15.789737	 8.159165
2	 4	 5	 6	 15.602817	 8.748025
2	 4	 6	 1	 18.030801	 9.554630
2	 4	 6	 2	 10.042964	 9.950042
2	 4	 6	 3	 20.448900	 10.675200
2	 4	 6	 4	 24.525003	 2.101000
2	 4	 6	 5	 13.717298	 11.532678
2	 4	 6	 6	 18.254816	 10.127926
2	 4	 7	 1	 24.574003	 2.804000
2	 4	 7	 2	 6.736367	 22.513163
2	 4	 7	 3	 11.578419	 34.153806
2	 4	 7	 4	 14.326403	 1.266970
2	 4	 7	 5	 15.669103	 1.997930
2	 4	 7	 6	 26.496003	 21.482100
2	 5	 1	 1	 16.876436	 1.543640
2	 5	 1	 2	 29.922136	 0.023863
2	 5	 1	 3	 29.196736	 0.051452
2	 5	 1	 4	 28.523536	 0.042090
2	 5	 1	 5	 31.048236	 0.010591
2	 5	 1	 6	 15.579248	 8.573979
2	 5	 2	 1	 29.973536	 0.008872
2	 5	 2	 2	 31.058436	 0.008067
2	 5	 2	 3	 31.096036	 0.009328
2	 5	 2	 4	 23.680066	 7.163998
2	 5	 2	 5	 33.162636	 0.031651
2	 5	 2	 6	 27.418160	 6.238563
2	 5	 3	 1	 29.963068	 5.530469
2	 5	 3	 2	 30.677681	 4.974104
2	 5	 3	 3	 33.910636	 0.041395
2	 5	 3	 4	 32.707336	 0.043544
2	 5	 3	 5	 30.556780	 5.466036
2	 5	 3	 6	 33.078596	 4.766270
2	 5	 4	 1	 33.271974	 4.637661
2	 5	 4	 2	 26.047277	 6.092257
2	 5	 4	 3	 31.170036	 0.070524
2	 5	 4	 4	 29.461236	 0.088530
2	 5	 4	 5	 29.376935	 6.299422
2	 5	 4	 6	 30.296877	 5.962022
2	 5	 5	 1	 30.459236	 0.117673
2	 5	 5	 2	 26.822707	 8.442655
2	 5	 5	 3	 29.202536	 0.194959
2	 5	 5	 4	 24.977247	 6.450220
2	 5	 5	 5	 22.902872	 7.495069
2	 5	 5	 6	 28.790915	 8.913604
2	 5	 6	 1	 27.298845	 10.531315
2	 5	 6	 2	 20.029824	 8.026208
2	 5	 6	 3	 29.939948	 12.197522
2	 5	 6	 4	 24.109778	 9.672979
2	 5	 6	 5	 29.887212	 19.049395
2	 5	 6	 6	 31.458332	 11.792317
2	 5	 7	 1	 32.660436	 4.388000
2	 5	 7	 2	 16.552336	 1.639410
2	 5	 7	 3	 17.676536	 3.114220
2	 5	 7	 4	 18.909636	 2.673060
2	 5	 7	 5	 10.193845	 20.655025
2	 5	 7	 6	 32.660436	 4.388000
2	 6	 1	 1	 21.694674	 6.701274
2	 6	 1	 2	 25.559405	 0.069831
2	 6	 1	 3	 20.365735	 5.382482
2	 6	 1	 4	 19.192003	 5.575859
2	 6	 1	 5	 23.058738	 4.700656
2	 6	 1	 6	 24.405905	 0.033370
2	 6	 2	 1	 21.291521	 5.024668
2	 6	 2	 2	 24.948005	 0.028717
2	 6	 2	 3	 26.169205	 0.030220
2	 6	 2	 4	 10.379819	 11.218788
2	 6	 2	 5	 20.844772	 4.054985
2	 6	 2	 6	 28.965024	 9.095728
2	 6	 3	 1	 27.535005	 0.037445
2	 6	 3	 2	 23.216355	 5.376008
2	 6	 3	 3	 25.529049	 6.458433
2	 6	 3	 4	 26.440505	 0.045196
2	 6	 3	 5	 26.702305	 0.048575
2	 6	 3	 6	 16.395720	 8.445553
2	 6	 4	 1	 27.479305	 0.064625
2	 6	 4	 2	 24.317233	 4.232162
2	 6	 4	 3	 24.701526	 4.047155
2	 6	 4	 4	 18.339311	 8.216785
2	 6	 4	 5	 26.833005	 0.094492
2	 6	 4	 6	 23.133305	 5.413620
2	 6	 5	 1	 21.317608	 5.460466
2	 6	 5	 2	 17.940431	 6.353910
2	 6	 5	 3	 19.534364	 6.927630
2	 6	 5	 4	 22.149217	 5.807138
2	 6	 5	 5	 24.978350	 4.990241
2	 6	 5	 6	 20.427354	 5.420885
2	 6	 6	 1	 15.716823	 12.252455
2	 6	 6	 2	 29.446576	 9.030034
2	 6	 6	 3	 31.351689	 10.622092
2	 6	 6	 4	 19.519438	 9.141596
2	 6	 6	 5	 14.776805	 0.601690
2	 6	 6	 6	 20.574171	 11.780142
2	 6	 7	 1	 9.392118	 12.260040
2	 6	 7	 2	 5.149359	 13.423442
2	 6	 7	 3	 32.237345	 18.002650
2	 6	 7	 4	 22.048605	 1.712620
2	 6	 7	 5	 31.892327	 17.841029
2	 6	 7	 6	 13.623153	 23.372630
3	 1	 1	 1	 37.532095	 11.077879
3	 1	 1	 2	 40.842290	 5.727838
3	 1	 1	 3	 40.726703	 0.016929
3	 1	 1	 4	 40.452641	 4.951737
3	 1	 1	 5	 37.293039	 6.088721
3	 1	 1	 6	 39.388124	 5.176682
3	 1	 2	 1	 41.150179	 4.366305
3	 1	 2	 2	 41.482376	 6.324590
3	 1	 2	 3	 39.338656	 5.668907
3	 1	 2	 4	 43.359990	 5.992217
3	 1	 2	 5	 41.552708	 4.713200
3	 1	 2	 6	 39.549452	 6.155258
3	 1	 3	 1	 39.273050	 5.688979
3	 1	 3	 2	 40.013442	 5.968431
3	 1	 3	 3	 37.478966	 7.371401
3	 1	 3	 4	 38.426282	 7.158023
3	 1	 3	 5	 39.473316	 6.478915
3	 1	 3	 6	 39.780447	 6.205890
3	 1	 4	 1	 43.263003	 0.021331
3	 1	 4	 2	 42.688303	 0.022265
3	 1	 4	 3	 37.423940	 6.001578
3	 1	 4	 4	 41.296203	 0.024004
3	 1	 4	 5	 40.745574	 7.012868
3	 1	 4	 6	 39.435216	 6.174067
3	 1	 5	 1	 36.858943	 5.187692
3	 1	 5	 2	 37.649971	 4.961001
3	 1	 5	 3	 36.775321	 10.138639
3	 1	 5	 4	 39.623511	 9.383703
3	 1	 5	 5	 39.916003	 9.256406
3	 1	 5	 6	 38.523020	 12.270591
3	 1	 6	 1	 41.186803	 0.035104
3	 1	 6	 2	 39.383882	 14.057979
3	 1	 6	 3	 39.200970	 15.151212
3	 1	 6	 4	 39.938225	 19.860296
3	 1	 6	 5	 37.532095	 19.988230
3	 1	 6	 6	 40.549006	 14.098090
3	 1	 7	 1	 40.811656	 25.572364
3	 1	 7	 2	 34.543316	 17.465492
3	 1	 7	 3	 46.833463	 26.021032
3	 1	 7	 4	 37.710783	 25.172438
3	 1	 7	 5	 43.337003	 0.161231
3	 1	 7	 6	 -39.022084	 25.819605
3	 2	 1	 1	 42.821335	 11.740410
3	 2	 1	 2	 47.040804	 7.411339
3	 2	 1	 3	 44.243689	 6.132819
3	 2	 1	 4	 42.982341	 6.223944
3	 2	 1	 5	 42.122268	 6.706019
3	 2	 1	 6	 44.659866	 3.917183
3	 2	 2	 1	 44.631302	 5.253759
3	 2	 2	 2	 45.163901	 7.615399
3	 2	 2	 3	 43.051802	 6.689858
3	 2	 2	 4	 44.413856	 5.835290
3	 2	 2	 5	 44.137929	 6.352540
3	 2	 2	 6	 45.033830	 0.019611
3	 2	 3	 1	 43.768076	 6.133255
3	 2	 3	 2	 44.275338	 4.518168
3	 2	 3	 3	 41.341758	 4.437965
3	 2	 3	 4	 42.656583	 7.929463
3	 2	 3	 5	 42.738688	 7.885602
3	 2	 3	 6	 44.192530	 0.025228
3	 2	 4	 1	 41.536519	 6.098816
3	 2	 4	 2	 43.498730	 0.025797
3	 2	 4	 3	 39.151162	 8.069306
3	 2	 4	 4	 40.848904	 5.742669
3	 2	 4	 5	 38.565783	 8.606384
3	 2	 4	 6	 41.201581	 7.431818
3	 2	 5	 1	 40.397920	 6.218799
3	 2	 5	 2	 40.485651	 11.639713
3	 2	 5	 3	 39.744704	 8.653600
3	 2	 5	 4	 43.157588	 10.506089
3	 2	 5	 5	 41.526130	 0.038728
3	 2	 5	 6	 44.063693	 10.145277
3	 2	 6	 1	 40.651430	 11.342485
3	 2	 6	 2	 44.303868	 8.355969
3	 2	 6	 3	 39.546709	 11.204854
3	 2	 6	 4	 42.297530	 0.752093
3	 2	 6	 5	 39.792811	 12.121397
3	 2	 6	 6	 40.831212	 15.392453
3	 2	 7	 1	 37.555241	 15.497817
3	 2	 7	 2	 44.978030	 0.164161
3	 2	 7	 3	 40.980197	 40.288399
3	 2	 7	 4	 45.227030	 0.155239
3	 2	 7	 5	 43.423430	 0.261522
3	 2	 7	 6	 44.968030	 0.243205
3	 3	 1	 1	 45.796400	 33.764736
3	 3	 1	 2	 41.561259	 11.383226
3	 3	 1	 3	 37.973190	 10.900180
3	 3	 1	 4	 42.246206	 6.958388
3	 3	 1	 5	 43.126643	 6.319351
3	 3	 1	 6	 44.164691	 0.030400
3	 3	 2	 1	 45.724591	 0.028143
3	 3	 2	 2	 46.874675	 6.621837
3	 3	 2	 3	 44.740110	 7.821563
3	 3	 2	 4	 44.681967	 7.827865
3	 3	 2	 5	 43.520855	 8.397930
3	 3	 2	 6	 43.997045	 6.063635
3	 3	 3	 1	 45.553996	 7.126736
3	 3	 3	 2	 43.624608	 8.149152
3	 3	 3	 3	 36.264054	 11.857532
3	 3	 3	 4	 42.530144	 6.471235
3	 3	 3	 5	 43.924941	 6.202827
3	 3	 3	 6	 40.180355	 7.310809
3	 3	 4	 1	 40.532285	 7.177988
3	 3	 4	 2	 44.525629	 6.619977
3	 3	 4	 3	 42.966398	 7.807212
3	 3	 4	 4	 37.877810	 10.917195
3	 3	 4	 5	 36.049325	 7.435009
3	 3	 4	 6	 38.226079	 7.221576
3	 3	 5	 1	 41.321663	 8.864687
3	 3	 5	 2	 39.383332	 7.688734
3	 3	 5	 3	 41.990230	 14.666998
3	 3	 5	 4	 34.279866	 14.051426
3	 3	 5	 5	 47.010827	 12.438144
3	 3	 5	 6	 46.187420	 15.223081
3	 3	 6	 1	 44.307091	 0.113426
3	 3	 6	 2	 42.895091	 0.134270
3	 3	 6	 3	 39.887291	 0.359420
3	 3	 6	 4	 42.287791	 0.084506
3	 3	 6	 5	 43.116291	 0.120021
3	 3	 6	 6	 28.706475	 49.607814
3	 3	 7	 1	 40.575962	 49.459011
3	 3	 7	 2	 42.408691	 0.512733
3	 3	 7	 3	 22.291370	 121.566925
3	 3	 7	 4	 40.611291	 1.415060
3	 3	 7	 5	 40.480891	 1.746690
3	 3	 7	 6	 43.703691	 18.623600
3	 4	 1	 1	 53.300839	 5.662000
3	 4	 1	 2	 41.757039	 0.137028
3	 4	 1	 3	 39.491117	 7.771150
3	 4	 1	 4	 42.737139	 0.038008
3	 4	 1	 5	 38.918013	 9.268910
3	 4	 1	 6	 41.454053	 7.886854
3	 4	 2	 1	 41.719139	 0.028098
3	 4	 2	 2	 42.085451	 7.333060
3	 4	 2	 3	 42.636208	 7.206873
3	 4	 2	 4	 44.929709	 7.057123
3	 4	 2	 5	 44.804879	 6.652444
3	 4	 2	 6	 40.948473	 5.772809
3	 4	 3	 1	 38.694751	 8.523394
3	 4	 3	 2	 41.690705	 5.686441
3	 4	 3	 3	 40.597075	 5.951988
3	 4	 3	 4	 32.562942	 10.529119
3	 4	 3	 5	 44.548362	 6.613500
3	 4	 3	 6	 42.902739	 0.042488
3	 4	 4	 1	 49.221739	 0.050191
3	 4	 4	 2	 41.599474	 6.283647
3	 4	 4	 3	 41.079546	 12.360763
3	 4	 4	 4	 37.480332	 8.452142
3	 4	 4	 5	 36.976349	 16.076885
3	 4	 4	 6	 43.696850	 9.362578
3	 4	 5	 1	 42.587294	 10.950605
3	 4	 5	 2	 45.699320	 12.737414
3	 4	 5	 3	 43.618045	 7.807167
3	 4	 5	 4	 42.802793	 9.242175
3	 4	 5	 5	 40.176829	 15.148345
3	 4	 5	 6	 44.000573	 14.730169
3	 4	 6	 1	 48.765496	 14.722133
3	 4	 6	 2	 59.862793	 23.445658
3	 4	 6	 3	 49.169828	 14.513916
3	 4	 6	 4	 35.466773	 18.868689
3	 4	 6	 5	 43.133343	 21.638176
3	 4	 6	 6	 39.821233	 23.939963
3	 4	 7	 1	 45.924839	 0.544026
3	 4	 7	 2	 47.109039	 0.670948
3	 4	 7	 3	 39.878739	 0.987559
3	 4	 7	 4	 40.807139	 1.363280
3	 4	 7	 5	 41.540239	 1.866040
3	 4	 7	 6	 46.307839	 2.295420
3	 5	 1	 1	 52.755724	 7.210680
3	 5	 1	 2	 72.568443	 11.031023
3	 5	 1	 3	 72.907624	 0.033158
3	 5	 1	 4	 69.332740	 12.113163
3	 5	 1	 5	 73.001824	 0.039983
3	 5	 1	 6	 67.753050	 12.864120
3	 5	 2	 1	 64.410006	 14.076733
3	 5	 2	 2	 72.045152	 10.421226
3	 5	 2	 3	 69.481969	 12.841433
3	 5	 2	 4	 72.935024	 0.015577
3	 5	 2	 5	 68.579401	 8.684405
3	 5	 2	 6	 71.517787	 7.806739
3	 5	 3	 1	 72.405403	 9.975904
3	 5	 3	 2	 66.879277	 9.149680
3	 5	 3	 3	 72.575424	 0.039707
3	 5	 3	 4	 69.660902	 11.061722
3	 5	 3	 5	 74.698896	 9.003962
3	 5	 3	 6	 74.827924	 0.060803
3	 5	 4	 1	 69.230513	 11.416584
3	 5	 4	 2	 72.243609	 9.867564
3	 5	 4	 3	 66.868143	 13.062616
3	 5	 4	 4	 66.729465	 12.917519
3	 5	 4	 5	 70.063082	 12.630751
3	 5	 4	 6	 68.016812	 9.891342
3	 5	 5	 1	 56.752136	 14.675943
3	 5	 5	 2	 61.524307	 12.507808
3	 5	 5	 3	 66.032372	 9.878170
3	 5	 5	 4	 48.086256	 9.985889
3	 5	 5	 5	 57.370081	 14.895527
3	 5	 5	 6	 59.148161	 16.647448
3	 5	 6	 1	 56.190650	 15.829291
3	 5	 6	 2	 60.502854	 22.187816
3	 5	 6	 3	 65.112155	 21.254062
3	 5	 6	 4	 55.396524	 0.266287
3	 5	 6	 5	 64.254354	 25.108197
3	 5	 6	 6	 62.852583	 22.963233
3	 5	 7	 1	 48.412015	 31.154142
3	 5	 7	 2	 46.126974	 63.512436
3	 5	 7	 3	 59.271581	 56.779132
3	 5	 7	 4	 50.340724	 2.537120
3	 5	 7	 5	 52.069031	 51.313182
3	 5	 7	 6	 31.240434	 91.657080
3	 6	 1	 1	 55.621455	 21.881838
3	 6	 1	 2	 66.047144	 14.672909
3	 6	 1	 3	 58.528769	 13.530577
3	 6	 1	 4	 60.481161	 12.882479
3	 6	 1	 5	 67.670400	 0.057863
3	 6	 1	 6	 63.246027	 11.073349
3	 6	 2	 1	 67.089800	 0.037508
3	 6	 2	 2	 52.052759	 19.237254
3	 6	 2	 3	 55.231368	 19.013597
3	 6	 2	 4	 55.200158	 13.515502
3	 6	 2	 5	 61.072064	 11.401270
3	 6	 2	 6	 61.411617	 10.597887
3	 6	 3	 1	 59.444517	 15.414387
3	 6	 3	 2	 50.974248	 18.759727
3	 6	 3	 3	 51.031536	 12.777990
3	 6	 3	 4	 45.757513	 20.361302
3	 6	 3	 5	 59.571293	 15.226981
3	 6	 3	 6	 59.616821	 15.092369
3	 6	 4	 1	 60.197791	 15.414468
3	 6	 4	 2	 60.574187	 14.461547
3	 6	 4	 3	 58.912024	 10.696963
3	 6	 4	 4	 60.390928	 14.769335
3	 6	 4	 5	 61.203812	 15.704309
3	 6	 4	 6	 45.601157	 23.845481
3	 6	 5	 1	 51.821653	 14.993989
3	 6	 5	 2	 52.192495	 11.153145
3	 6	 5	 3	 48.179420	 13.768715
3	 6	 5	 4	 52.922478	 9.023025
3	 6	 5	 5	 48.733431	 18.286810
3	 6	 5	 6	 51.657063	 9.620571
3	 6	 6	 1	 55.400371	 18.582123
3	 6	 6	 2	 39.938349	 21.447512
3	 6	 6	 3	 53.890580	 13.534267
3	 6	 6	 4	 51.452639	 22.381418
3	 6	 6	 5	 48.084177	 23.215167
3	 6	 6	 6	 61.949466	 25.654606
3	 6	 7	 1	 44.391059	 20.154176
3	 6	 7	 2	 -52.256481	 191.841830
3	 6	 7	 3	 43.050103	 26.410117
3	 6	 7	 4	 33.512460	 33.840751
3	 6	 7	 5	 46.836548	 39.887221
3	 6	 7	 6	 57.645800	 10.619000
4	 1	 1	 1	 7.523461	 1.675384
4	 1	 1	 2	 7.542444	 0.019535
4	 1	 1	 3	 6.663234	 1.095232
4	 1	 1	 4	 4.843706	 1.197951
4	 1	 1	 5	 4.936727	 1.259616
4	 1	 1	 6	 6.313887	 1.034035
4	 1	 2	 1	 5.703422	 1.168447
4	 1	 2	 2	 6.809704	 0.017036
4	 1	 2	 3	 5.637924	 1.184298
4	 1	 2	 4	 5.903317	 1.218407
4	 1	 2	 5	 5.543516	 1.294522
4	 1	 2	 6	 7.941194	 0.017104
4	 1	 3	 1	 4.307621	 1.381832
4	 1	 3	 2	 6.274250	 1.227918
4	 1	 3	 3	 3.581338	 1.501797
4	 1	 3	 4	 5.415342	 1.376966
4	 1	 3	 5	 5.736109	 1.343285
4	 1	 3	 6	 4.220730	 1.203456
4	 1	 4	 1	 7.789014	 0.023782
4	 1	 4	 2	 7.914778	 2.004616
4	 1	 4	 3	 -1.792481	 3.949484
4	 1	 4	 4	 4.124711	 1.435175
4	 1	 4	 5	 5.681554	 1.206393
4	 1	 4	 6	 5.938696	 2.853851
4	 1	 5	 1	 7.519734	 0.028049
4	 1	 5	 2	 3.682600	 3.333307
4	 1	 5	 3	 1.677601	 3.984376
4	 1	 5	 4	 4.931751	 3.575895
4	 1	 5	 5	 3.691987	 2.076272
4	 1	 5	 6	 7.906127	 2.451890
4	 1	 6	 1	 6.822661	 2.181689
4	 1	 6	 2	 4.530589	 2.373493
4	 1	 6	 3	 6.619174	 0.045877
4	 1	 6	 4	 7.642583	 4.344942
4	 1	 6	 5	 5.171191	 5.639706
4	 1	 6	 6	 5.576965	 5.165580
4	 1	 7	 1	 5.609677	 4.545642
4	 1	 7	 2	 9.939159	 5.078634
4	 1	 7	 3	 4.648957	 4.880573
4	 1	 7	 4	 7.704294	 0.147717
4	 1	 7	 5	 7.278194	 0.135373
4	 1	 7	 6	 7.393684	 0.238131
4	 2	 1	 1	 27.145279	 21.708196
4	 2	 1	 2	 33.512729	 5.670892
4	 2	 1	 3	 31.340213	 5.821896
4	 2	 1	 4	 33.719917	 4.396310
4	 2	 1	 5	 33.867528	 4.154129
4	 2	 1	 6	 33.739412	 3.169208
4	 2	 2	 1	 32.218549	 4.873429
4	 2	 2	 2	 45.219236	 9.593978
4	 2	 2	 3	 32.129015	 5.077665
4	 2	 2	 4	 34.009113	 0.018383
4	 2	 2	 5	 33.256987	 4.627031
4	 2	 2	 6	 32.374418	 4.065119
4	 2	 3	 1	 31.044859	 5.752860
4	 2	 3	 2	 31.224404	 5.706335
4	 2	 3	 3	 29.695970	 3.434398
4	 2	 3	 4	 29.012460	 3.594848
4	 2	 3	 5	 33.038564	 5.423597
4	 2	 3	 6	 31.213546	 6.178363
4	 2	 4	 1	 33.929663	 4.912111
4	 2	 4	 2	 33.780613	 0.026455
4	 2	 4	 3	 30.559361	 7.378894
4	 2	 4	 4	 32.340540	 6.331621
4	 2	 4	 5	 33.382723	 5.906755
4	 2	 4	 6	 31.161499	 5.667274
4	 2	 5	 1	 34.546213	 0.032116
4	 2	 5	 2	 32.123576	 5.696807
4	 2	 5	 3	 31.291011	 8.020567
4	 2	 5	 4	 32.287713	 0.039473
4	 2	 5	 5	 29.234227	 5.793170
4	 2	 5	 6	 30.562567	 10.375046
4	 2	 6	 1	 33.036013	 0.056125
4	 2	 6	 2	 34.449992	 8.094246
4	 2	 6	 3	 29.376661	 10.578987
4	 2	 6	 4	 31.594713	 0.080263
4	 2	 6	 5	 27.819600	 8.971465
4	 2	 6	 6	 32.075294	 15.277901
4	 2	 7	 1	 28.408463	 13.077333
4	 2	 7	 2	 35.121678	 13.869158
4	 2	 7	 3	 29.466113	 0.103276
4	 2	 7	 4	 50.950113	 0.182859
4	 2	 7	 5	 27.895356	 18.597170
4	 2	 7	 6	 21.483518	 43.380203
4	 3	 1	 1	 18.204902	 2.016820
4	 3	 1	 2	 16.463102	 0.076953
4	 3	 1	 3	 16.331702	 0.038579
4	 3	 1	 4	 17.155902	 0.033759
4	 3	 1	 5	 16.705002	 0.039058
4	 3	 1	 6	 16.600702	 0.033707
4	 3	 2	 1	 11.036718	 3.115940
4	 3	 2	 2	 8.424824	 3.487270
4	 3	 2	 3	 12.158766	 3.179309
4	 3	 2	 4	 14.341686	 2.595266
4	 3	 2	 5	 15.474934	 2.664034
4	 3	 2	 6	 11.585620	 2.603618
4	 3	 3	 1	 12.568009	 2.883520
4	 3	 3	 2	 10.254387	 3.117221
4	 3	 3	 3	 12.788969	 2.799871
4	 3	 3	 4	 12.724737	 2.920324
4	 3	 3	 5	 9.498878	 2.708422
4	 3	 3	 6	 12.107694	 3.133691
4	 3	 4	 1	 10.292465	 3.613698
4	 3	 4	 2	 9.934312	 2.860388
4	 3	 4	 3	 15.534102	 0.047128
4	 3	 4	 4	 11.046177	 2.746475
4	 3	 4	 5	 15.039950	 3.112941
4	 3	 4	 6	 14.124350	 3.455447
4	 3	 5	 1	 11.260988	 4.246393
4	 3	 5	 2	 8.877741	 5.291941
4	 3	 5	 3	 11.806932	 4.814907
4	 3	 5	 4	 9.894103	 6.071962
4	 3	 5	 5	 14.980902	 0.093587
4	 3	 5	 6	 12.196412	 6.266334
4	 3	 6	 1	 17.746302	 0.046742
4	 3	 6	 2	 9.967719	 10.124419
4	 3	 6	 3	 12.766415	 6.313129
4	 3	 6	 4	 13.980402	 0.301173
4	 3	 6	 5	 11.603154	 8.291246
4	 3	 6	 6	 13.629302	 0.039586
4	 3	 7	 1	 13.459474	 12.046562
4	 3	 7	 2	 14.683797	 9.495148
4	 3	 7	 3	 -80.560325	 88.408635
4	 3	 7	 4	 -148.959519	 552.278590
4	 3	 7	 5	 9.152002	 1.837770
4	 3	 7	 6	 16.564002	 1.859180
4	 4	 1	 1	 15.136983	 5.969970
4	 4	 1	 2	 12.820905	 5.610392
4	 4	 1	 3	 15.563083	 0.054319
4	 4	 1	 4	 14.391883	 0.043296
4	 4	 1	 5	 13.293777	 3.333213
4	 4	 1	 6	 15.571883	 0.032700
4	 4	 2	 1	 13.684092	 3.076889
4	 4	 2	 2	 14.872683	 0.029191
4	 4	 2	 3	 10.718048	 2.529836
4	 4	 2	 4	 12.947175	 3.111920
4	 4	 2	 5	 12.193620	 3.178237
4	 4	 2	 6	 13.472622	 2.785256
4	 4	 3	 1	 13.316159	 2.860689
4	 4	 3	 2	 13.911439	 2.736170
4	 4	 3	 3	 14.196183	 0.039044
4	 4	 3	 4	 14.282583	 0.038499
4	 4	 3	 5	 12.025807	 3.102389
4	 4	 3	 6	 1.549816	 6.648198
4	 4	 4	 1	 10.427094	 2.675504
4	 4	 4	 2	 -0.105557	 4.315456
4	 4	 4	 3	 7.006774	 2.717168
4	 4	 4	 4	 10.946150	 3.849264
4	 4	 4	 5	 8.611681	 4.360616
4	 4	 4	 6	 12.721037	 2.786448
4	 4	 5	 1	 1.790738	 8.474919
4	 4	 5	 2	 -1.469445	 10.372015
4	 4	 5	 3	 10.908389	 3.797603
4	 4	 5	 4	 7.791806	 6.421622
4	 4	 5	 5	 7.747408	 10.877593
4	 4	 5	 6	 -4.994621	 9.076339
4	 4	 6	 1	 13.648783	 0.273437
4	 4	 6	 2	 17.565183	 0.166126
4	 4	 6	 3	 10.882452	 6.981762
4	 4	 6	 4	 15.549583	 0.214010
4	 4	 6	 5	 6.771666	 7.762153
4	 4	 6	 6	 12.185383	 0.485188
4	 4	 7	 1	 -0.389447	 19.642404
4	 4	 7	 2	 12.040183	 0.831715
4	 4	 7	 3	 9.965823	 1.094060
4	 4	 7	 4	 18.365883	 3.539000
4	 4	 7	 5	 9.208263	 1.744610
4	 4	 7	 6	 7.964573	 4.105340
4	 5	 1	 1	 45.989608	 11.410010
4	 5	 1	 2	 51.479713	 0.181315
4	 5	 1	 3	 52.335713	 0.064645
4	 5	 1	 4	 47.907125	 7.429479
4	 5	 1	 5	 53.720313	 0.010727
4	 5	 1	 6	 52.451413	 0.085670
4	 5	 2	 1	 52.877213	 0.023119
4	 5	 2	 2	 53.649213	 0.020826
4	 5	 2	 3	 52.663313	 0.009891
4	 5	 2	 4	 43.380631	 11.637241
4	 5	 2	 5	 51.214429	 9.406258
4	 5	 2	 6	 55.352813	 0.027293
4	 5	 3	 1	 56.556713	 0.033428
4	 5	 3	 2	 55.123113	 0.035024
4	 5	 3	 3	 55.545895	 7.165248
4	 5	 3	 4	 52.966124	 8.354919
4	 5	 3	 5	 55.877113	 0.049304
4	 5	 3	 6	 50.046183	 9.440976
4	 5	 4	 1	 55.118698	 7.795290
4	 5	 4	 2	 53.959389	 8.153569
4	 5	 4	 3	 55.370926	 7.943732
4	 5	 4	 4	 53.164207	 9.008002
4	 5	 4	 5	 54.025813	 0.096717
4	 5	 4	 6	 49.478968	 11.384420
4	 5	 5	 1	 53.824313	 0.110143
4	 5	 5	 2	 52.215713	 0.117821
4	 5	 5	 3	 43.445203	 15.136510
4	 5	 5	 4	 50.318896	 12.030291
4	 5	 5	 5	 47.236147	 13.994242
4	 5	 5	 6	 49.144913	 0.169101
4	 5	 6	 1	 36.637156	 23.344802
4	 5	 6	 2	 53.416064	 16.454433
4	 5	 6	 3	 45.564113	 0.633388
4	 5	 6	 4	 52.134210	 21.927033
4	 5	 6	 5	 52.533078	 27.044943
4	 5	 6	 6	 39.238789	 41.191542
4	 5	 7	 1	 54.583672	 23.300512
4	 5	 7	 2	 53.234453	 21.787919
4	 5	 7	 3	 39.247313	 0.587365
4	 5	 7	 4	 44.421413	 1.792610
4	 5	 7	 5	 37.310001	 94.740141
4	 5	 7	 6	 48.689595	 33.634252
4	 6	 1	 1	 34.217257	 1.928830
4	 6	 1	 2	 34.880665	 12.854371
4	 6	 1	 3	 41.182262	 10.791897
4	 6	 1	 4	 39.382134	 10.946043
4	 6	 1	 5	 41.783233	 9.241186
4	 6	 1	 6	 43.966638	 8.335939
4	 6	 2	 1	 49.489957	 0.030218
4	 6	 2	 2	 46.950386	 7.952484
4	 6	 2	 3	 49.466657	 0.028416
4	 6	 2	 4	 54.260957	 0.011003
4	 6	 2	 5	 33.195073	 15.409919
4	 6	 2	 6	 51.171357	 0.033886
4	 6	 3	 1	 47.484710	 10.997077
4	 6	 3	 2	 54.363757	 0.036656
4	 6	 3	 3	 54.661057	 0.023995
4	 6	 3	 4	 49.331057	 0.042656
4	 6	 3	 5	 49.465057	 0.048968
4	 6	 3	 6	 44.378477	 7.866012
4	 6	 4	 1	 50.778057	 0.064618
4	 6	 4	 2	 48.260370	 7.199222
4	 6	 4	 3	 42.662530	 11.681077
4	 6	 4	 4	 51.084557	 1.414210
4	 6	 4	 5	 53.046857	 0.016821
4	 6	 4	 6	 45.348543	 6.856620
4	 6	 5	 1	 51.293857	 0.135259
4	 6	 5	 2	 49.884457	 0.136484
4	 6	 5	 3	 39.886832	 7.139023
4	 6	 5	 4	 53.020857	 0.210779
4	 6	 5	 5	 51.544318	 13.032854
4	 6	 5	 6	 43.760258	 9.205714
4	 6	 6	 1	 35.959457	 5.245230
4	 6	 6	 2	 52.286331	 16.040485
4	 6	 6	 3	 51.576256	 19.985532
4	 6	 6	 4	 52.052808	 17.168985
4	 6	 6	 5	 49.584216	 18.845072
4	 6	 6	 6	 49.793146	 19.498846
4	 6	 7	 1	 52.405386	 20.375648
4	 6	 7	 2	 39.364943	 15.995417
4	 6	 7	 3	 47.881752	 22.164923
4	 6	 7	 4	 53.847957	 7.357000
4	 6	 7	 5	 62.156757	 2.141150
4	 6	 7	 6	 31.038120	 46.207387
5	 1	 1	 1	 39.026607	 6.708193
5	 1	 1	 2	 30.917371	 0.022585
5	 1	 1	 3	 26.541312	 5.098958
5	 1	 1	 4	 23.417006	 3.080689
5	 1	 1	 5	 23.238079	 2.766844
5	 1	 1	 6	 24.245491	 2.765865
5	 1	 2	 1	 26.882980	 3.257819
5	 1	 2	 2	 25.866971	 0.004159
5	 1	 2	 3	 26.377017	 3.603844
5	 1	 2	 4	 26.980519	 3.420375
5	 1	 2	 5	 26.529571	 0.024389
5	 1	 2	 6	 24.050448	 4.400153
5	 1	 3	 1	 25.703082	 3.940927
5	 1	 3	 2	 26.716847	 3.783542
5	 1	 3	 3	 26.726345	 3.545010
5	 1	 3	 4	 25.829597	 3.885366
5	 1	 3	 5	 24.703428	 4.422493
5	 1	 3	 6	 26.019172	 4.166995
5	 1	 4	 1	 26.156127	 4.278083
5	 1	 4	 2	 24.888041	 5.159731
5	 1	 4	 3	 23.936471	 5.452890
5	 1	 4	 4	 25.882996	 4.900599
5	 1	 4	 5	 26.303748	 4.688411
5	 1	 4	 6	 26.261848	 4.905060
5	 1	 5	 1	 28.449371	 0.027146
5	 1	 5	 2	 28.734771	 0.031971
5	 1	 5	 3	 25.006398	 6.258589
5	 1	 5	 4	 26.070773	 4.434545
5	 1	 5	 5	 26.173904	 9.897138
5	 1	 5	 6	 29.641319	 5.618320
5	 1	 6	 1	 27.773905	 9.266797
5	 1	 6	 2	 24.037866	 8.840650
5	 1	 6	 3	 30.120571	 8.769626
5	 1	 6	 4	 22.660836	 9.055505
5	 1	 6	 5	 15.565845	 16.951349
5	 1	 6	 6	 31.818349	 8.951381
5	 1	 7	 1	 23.873905	 22.259304
5	 1	 7	 2	 23.333573	 13.426579
5	 1	 7	 3	 24.307238	 20.897327
5	 1	 7	 4	 15.197627	 35.872733
5	 1	 7	 5	 12.270910	 73.057756
5	 1	 7	 6	 14.777234	 26.335998
5	 2	 1	 1	 -11.563165	 10.908455
5	 2	 1	 2	 2.439584	 1.888000
5	 2	 1	 3	 0.579721	 1.827145
5	 2	 1	 4	 -0.244848	 1.939195
5	 2	 1	 5	 0.200861	 1.741832
5	 2	 1	 6	 3.095505	 0.783363
5	 2	 2	 1	 2.629696	 0.757844
5	 2	 2	 2	 1.197134	 1.014366
5	 2	 2	 3	 1.815232	 0.921661
5	 2	 2	 4	 2.697622	 0.017041
5	 2	 2	 5	 2.127163	 0.881300
5	 2	 2	 6	 1.392250	 0.997662
5	 2	 3	 1	 1.144392	 1.050591
5	 2	 3	 2	 2.447552	 0.937064
5	 2	 3	 3	 1.527797	 0.017915
5	 2	 3	 4	 1.489351	 1.028385
5	 2	 3	 5	 -0.236095	 1.286043
5	 2	 3	 6	 1.333252	 1.066869
5	 2	 4	 1	 1.813483	 1.055457
5	 2	 4	 2	 1.351264	 0.927773
5	 2	 4	 3	 -0.467019	 1.454835
5	 2	 4	 4	 0.731911	 1.258873
5	 2	 4	 5	 2.439530	 0.027901
5	 2	 4	 6	 1.464549	 1.007341
5	 2	 5	 1	 0.123074	 1.268937
5	 2	 5	 2	 2.750324	 1.128291
5	 2	 5	 3	 1.346206	 0.031133
5	 2	 5	 4	 2.235224	 1.406749
5	 2	 5	 5	 0.757408	 1.760711
5	 2	 5	 6	 2.688632	 0.041164
5	 2	 6	 1	 0.549949	 2.032943
5	 2	 6	 2	 0.383615	 2.386621
5	 2	 6	 3	 -8.852086	 4.672607
5	 2	 6	 4	 -0.353559	 3.238904
5	 2	 6	 5	 -1.357108	 2.906447
5	 2	 6	 6	 0.756953	 2.486296
5	 2	 7	 1	 -3.637300	 4.861843
5	 2	 7	 2	 -1.707628	 2.368512
5	 2	 7	 3	 1.378609	 3.241927
5	 2	 7	 4	 -1.808655	 2.828942
5	 2	 7	 5	 2.041810	 0.127713
5	 2	 7	 6	 -32.176976	 47.545868
5	 3	 1	 1	 8.389245	 17.827941
5	 3	 1	 2	 9.403642	 7.753756
5	 3	 1	 3	 10.362356	 0.035381
5	 3	 1	 4	 11.549106	 0.029319
5	 3	 1	 5	 11.578306	 0.027811
5	 3	 1	 6	 11.409216	 0.023795
5	 3	 2	 1	 10.925416	 0.024683
5	 3	 2	 2	 11.368316	 0.023415
5	 3	 2	 3	 11.393866	 0.024468
5	 3	 2	 4	 9.341925	 1.736828
5	 3	 2	 5	 10.972416	 0.026256
5	 3	 2	 6	 9.500780	 1.796156
5	 3	 3	 1	 8.915750	 1.891717
5	 3	 3	 2	 5.605230	 3.525796
5	 3	 3	 3	 -3.658857	 5.166176
5	 3	 3	 4	 10.991266	 0.031100
5	 3	 3	 5	 7.409282	 2.079005
5	 3	 3	 6	 11.519316	 0.035145
5	 3	 4	 1	 9.097973	 3.426518
5	 3	 4	 2	 11.711866	 2.919189
5	 3	 4	 3	 8.373321	 3.590701
5	 3	 4	 4	 13.243706	 0.042684
5	 3	 4	 5	 9.970116	 0.038660
5	 3	 4	 6	 10.729156	 0.051052
5	 3	 5	 1	 8.551501	 2.624027
5	 3	 5	 2	 -6.642154	 8.534961
5	 3	 5	 3	 6.900382	 5.446728
5	 3	 5	 4	 10.559036	 0.079667
5	 3	 5	 5	 6.787449	 6.558150
5	 3	 5	 6	 4.762181	 3.160888
5	 3	 6	 1	 10.484413	 5.836401
5	 3	 6	 2	 11.144293	 5.479869
5	 3	 6	 3	 9.966718	 6.992478
5	 3	 6	 4	 -0.446665	 10.745561
5	 3	 6	 5	 -0.470956	 10.379960
5	 3	 6	 6	 10.275899	 12.466325
5	 3	 7	 1	 9.525706	 0.171780
5	 3	 7	 2	 5.986048	 13.623632
5	 3	 7	 3	 -13.829317	 38.670966
5	 3	 7	 4	 12.221806	 0.288429
5	 3	 7	 5	 13.459206	 1.111480
5	 3	 7	 6	 8.962226	 3.777730
5	 4	 1	 1	 15.364297	 4.590380
5	 4	 1	 2	 14.312897	 0.428280
5	 4	 1	 3	 10.335127	 0.050407
5	 4	 1	 4	 8.947494	 1.920914
5	 4	 1	 5	 11.808197	 0.032662
5	 4	 1	 6	 10.760067	 0.026378
5	 4	 2	 1	 10.993197	 0.027654
5	 4	 2	 2	 10.586717	 0.025229
5	 4	 2	 3	 10.392277	 0.026043
5	 4	 2	 4	 9.962187	 0.025885
5	 4	 2	 5	 7.419883	 3.379724
5	 4	 2	 6	 7.957514	 3.326275
5	 4	 3	 1	 9.651401	 2.937968
5	 4	 3	 2	 11.572597	 0.032930
5	 4	 3	 3	 10.678817	 0.035962
5	 4	 3	 4	 1.287390	 4.153541
5	 4	 3	 5	 10.585097	 0.038374
5	 4	 3	 6	 5.397347	 3.632638
5	 4	 4	 1	 12.297197	 0.049715
5	 4	 4	 2	 4.613846	 3.900409
5	 4	 4	 3	 5.560151	 2.505600
5	 4	 4	 4	 6.762626	 2.455515
5	 4	 4	 5	 8.735153	 3.732970
5	 4	 4	 6	 4.721677	 2.366945
5	 4	 5	 1	 9.359256	 4.306047
5	 4	 5	 2	 1.548697	 6.588505
5	 4	 5	 3	 10.096637	 0.082710
5	 4	 5	 4	 2.944956	 5.289554
5	 4	 5	 5	 6.702544	 6.496437
5	 4	 5	 6	 1.841775	 7.147145
5	 4	 6	 1	 3.763773	 9.218404
5	 4	 6	 2	 11.572502	 11.077914
5	 4	 6	 3	 0.446844	 9.250973
5	 4	 6	 4	 14.498044	 6.781986
5	 4	 6	 5	 16.902696	 12.287814
5	 4	 6	 6	 5.601318	 6.264992
5	 4	 7	 1	 10.286167	 2.146940
5	 4	 7	 2	 -120.776361	 288.239674
5	 4	 7	 3	 19.319235	 12.972870
5	 4	 7	 4	 5.279487	 1.356980
5	 4	 7	 5	 17.646197	 4.407000
5	 4	 7	 6	 17.646197	 4.407000
5	 5	 1	 1	 35.129713	 3.359150
5	 5	 1	 2	 45.832913	 23.172000
5	 5	 1	 3	 51.244113	 0.050625
5	 5	 1	 4	 47.092096	 7.541156
5	 5	 1	 5	 44.675481	 7.883714
5	 5	 1	 6	 50.229513	 0.032934
5	 5	 2	 1	 53.822913	 0.014233
5	 5	 2	 2	 43.442659	 12.418468
5	 5	 2	 3	 48.077500	 10.732586
5	 5	 2	 4	 51.329113	 0.027284
5	 5	 2	 5	 52.243413	 0.029603
5	 5	 2	 6	 53.213813	 0.032365
5	 5	 3	 1	 52.171813	 0.034933
5	 5	 3	 2	 50.728715	 5.830541
5	 5	 3	 3	 50.087280	 6.358246
5	 5	 3	 4	 50.095513	 0.040901
5	 5	 3	 5	 50.920617	 9.243463
5	 5	 3	 6	 52.022113	 0.058222
5	 5	 4	 1	 45.911100	 7.762054
5	 5	 4	 2	 51.060913	 0.062409
5	 5	 4	 3	 44.552638	 8.671112
5	 5	 4	 4	 44.396858	 8.374127
5	 5	 4	 5	 50.684713	 0.088016
5	 5	 4	 6	 49.227413	 0.088589
5	 5	 5	 1	 42.588124	 9.753788
5	 5	 5	 2	 47.395271	 8.485344
5	 5	 5	 3	 46.025525	 9.400421
5	 5	 5	 4	 44.792829	 10.225905
5	 5	 5	 5	 36.144028	 10.028880
5	 5	 5	 6	 47.396065	 11.088629
5	 5	 6	 1	 39.871498	 11.536233
5	 5	 6	 2	 46.465921	 14.510600
5	 5	 6	 3	 49.616413	 5.697000
5	 5	 6	 4	 46.981157	 19.085712
5	 5	 6	 5	 47.278047	 15.688050
5	 5	 6	 6	 42.275093	 20.427922
5	 5	 7	 1	 45.120619	 25.862543
5	 5	 7	 2	 44.176728	 39.429614
5	 5	 7	 3	 47.246013	 0.881924
5	 5	 7	 4	 52.053113	 12.138100
5	 5	 7	 5	 43.142913	 3.377560
5	 5	 7	 6	 57.369113	 11.686400
5	 6	 1	 1	 42.164176	 0.417408
5	 6	 1	 2	 38.913725	 11.120580
5	 6	 1	 3	 35.387359	 9.404453
5	 6	 1	 4	 36.775637	 9.393080
5	 6	 1	 5	 34.886397	 12.440034
5	 6	 1	 6	 41.741318	 9.145266
5	 6	 2	 1	 44.942999	 6.459833
5	 6	 2	 2	 47.919076	 0.025148
5	 6	 2	 3	 43.378193	 7.230374
5	 6	 2	 4	 49.865876	 0.024725
5	 6	 2	 5	 50.269776	 0.029467
5	 6	 2	 6	 47.305593	 8.116590
5	 6	 3	 1	 49.227886	 7.205245
5	 6	 3	 2	 49.920876	 0.036026
5	 6	 3	 3	 48.770176	 0.010124
5	 6	 3	 4	 34.075507	 8.214728
5	 6	 3	 5	 47.132979	 7.763666
5	 6	 3	 6	 44.861814	 8.459021
5	 6	 4	 1	 39.831374	 9.852228
5	 6	 4	 2	 45.841472	 8.052737
5	 6	 4	 3	 42.382784	 9.438241
5	 6	 4	 4	 45.067995	 6.649654
5	 6	 4	 5	 45.775758	 6.695286
5	 6	 4	 6	 50.233776	 0.112174
5	 6	 5	 1	 45.171450	 9.578533
5	 6	 5	 2	 44.867373	 9.781203
5	 6	 5	 3	 44.197668	 10.426252
5	 6	 5	 4	 50.644976	 0.186837
5	 6	 5	 5	 52.299276	 0.260926
5	 6	 5	 6	 41.553572	 7.702299
5	 6	 6	 1	 38.384570	 10.726462
5	 6	 6	 2	 44.355807	 10.227089
5	 6	 6	 3	 46.178919	 15.106217
5	 6	 6	 4	 44.660058	 18.778576
5	 6	 6	 5	 48.171367	 17.627346
5	 6	 6	 6	 36.685076	 0.910148
5	 6	 7	 1	 30.856236	 20.204273
5	 6	 7	 2	 48.377706	 21.640015
5	 6	 7	 3	 35.743483	 15.943462
5	 6	 7	 4	 42.586076	 1.688950
5	 6	 7	 5	 51.531976	 1.536170
5	 6	 7	 6	 80.430876	 176.966000
6	 1	 1	 1	 5.756163	 2.116211
6	 1	 1	 2	 6.265216	 0.019298
6	 1	 1	 3	 5.831131	 1.175992
6	 1	 1	 4	 9.544396	 0.019634
6	 1	 1	 5	 8.131462	 1.615304
6	 1	 1	 6	 9.291800	 1.546840
6	 1	 2	 1	 8.760266	 0.018294
6	 1	 2	 2	 7.849189	 1.712362
6	 1	 2	 3	 8.068330	 1.684565
6	 1	 2	 4	 7.803447	 1.813475
6	 1	 2	 5	 8.389856	 1.782660
6	 1	 2	 6	 7.596509	 1.909318
6	 1	 3	 1	 7.503018	 1.870444
6	 1	 3	 2	 8.891903	 1.812215
6	 1	 3	 3	 6.451056	 2.211455
6	 1	 3	 4	 7.033106	 0.021581
6	 1	 3	 5	 9.724694	 1.612509
6	 1	 3	 6	 4.365325	 2.451985
6	 1	 4	 1	 10.030106	 0.025257
6	 1	 4	 2	 8.634201	 1.521363
6	 1	 4	 3	 8.100190	 2.221125
6	 1	 4	 4	 9.999960	 3.256288
6	 1	 4	 5	 7.864366	 2.407247
6	 1	 4	 6	 9.568908	 2.117034
6	 1	 5	 1	 4.364634	 1.963026
6	 1	 5	 2	 5.239797	 1.877237
6	 1	 5	 3	 1.116964	 2.608497
6	 1	 5	 4	 9.996047	 2.461685
6	 1	 5	 5	 4.630053	 2.949266
6	 1	 5	 6	 9.964376	 4.256924
6	 1	 6	 1	 7.144926	 0.053854
6	 1	 6	 2	 4.875179	 2.245774
6	 1	 6	 3	 4.686856	 3.236954
6	 1	 6	 4	 4.665235	 3.616838
6	 1	 6	 5	 5.026266	 0.081195
6	 1	 6	 6	 6.018256	 0.092542
6	 1	 7	 1	 9.362412	 5.018634
6	 1	 7	 2	 8.736764	 5.450731
6	 1	 7	 3	 7.446886	 0.120706
6	 1	 7	 4	 8.538267	 7.827239
6	 1	 7	 5	 0.777376	 17.239735
6	 1	 7	 6	 4.514642	 10.318460
6	 2	 1	 1	 11.550875	 4.832890
6	 2	 1	 2	 11.393038	 0.026848
6	 2	 1	 3	 9.652718	 1.731830
6	 2	 1	 4	 10.479778	 0.019143
6	 2	 1	 5	 7.870790	 1.788705
6	 2	 1	 6	 7.652295	 1.769836
6	 2	 2	 1	 7.720708	 0.018587
6	 2	 2	 2	 6.504945	 1.930456
6	 2	 2	 3	 6.087102	 1.267274
6	 2	 2	 4	 8.507956	 1.764061
6	 2	 2	 5	 7.552302	 1.955393
6	 2	 2	 6	 8.415893	 1.850378
6	 2	 3	 1	 5.326444	 2.259556
6	 2	 3	 2	 7.378917	 2.054317
6	 2	 3	 3	 5.420923	 1.091648
6	 2	 3	 4	 7.374842	 2.161681
6	 2	 3	 5	 6.750730	 2.074149
6	 2	 3	 6	 5.199020	 1.570570
6	 2	 4	 1	 8.279385	 2.107129
6	 2	 4	 2	 6.440263	 2.596636
6	 2	 4	 3	 8.963527	 2.091042
6	 2	 4	 4	 7.011978	 0.025464
6	 2	 4	 5	 3.948159	 1.553862
6	 2	 4	 6	 4.624839	 3.087237
6	 2	 5	 1	 7.720758	 0.031176
6	 2	 5	 2	 9.383517	 1.920345
6	 2	 5	 3	 8.033490	 2.193634
6	 2	 5	 4	 4.243726	 3.660552
6	 2	 5	 5	 2.257075	 2.313048
6	 2	 5	 6	 3.828810	 2.157975
6	 2	 6	 1	 3.787718	 2.833484
6	 2	 6	 2	 4.093806	 2.551690
6	 2	 6	 3	 5.838948	 2.972526
6	 2	 6	 4	 12.574982	 5.355536
6	 2	 6	 5	 5.990496	 8.795386
6	 2	 6	 6	 4.375207	 5.638316
6	 2	 7	 1	 5.269115	 3.539856
6	 2	 7	 2	 9.746052	 6.021894
6	 2	 7	 3	 8.763829	 10.614503
6	 2	 7	 4	 3.410378	 0.147430
6	 2	 7	 5	 6.033148	 0.179757
6	 2	 7	 6	 5.102668	 0.222671
6	 3	 1	 1	 -25.260819	 11.413396
6	 3	 1	 2	 -25.933828	 0.082366
6	 3	 1	 3	 -27.623028	 1.421300
6	 3	 1	 4	 -27.001028	 0.033538
6	 3	 1	 5	 -27.366528	 0.030564
6	 3	 1	 6	 -27.688828	 0.017684
6	 3	 2	 1	 -28.442149	 3.317616
6	 3	 2	 2	 -26.169228	 0.025581
6	 3	 2	 3	 -28.772942	 2.804308
6	 3	 2	 4	 -30.767961	 3.307893
6	 3	 2	 5	 -26.409728	 0.028299
6	 3	 2	 6	 -29.724988	 3.641756
6	 3	 3	 1	 -34.265943	 5.232944
6	 3	 3	 2	 -26.941528	 0.030488
6	 3	 3	 3	 -29.651079	 2.987355
6	 3	 3	 4	 -28.166728	 0.031369
6	 3	 3	 5	 -26.503928	 0.033271
6	 3	 3	 6	 -26.035028	 0.037764
6	 3	 4	 1	 -27.668128	 0.034042
6	 3	 4	 2	 -39.458411	 8.238585
6	 3	 4	 3	 -28.994311	 3.021637
6	 3	 4	 4	 -30.666353	 4.064252
6	 3	 4	 5	 -28.868278	 4.080929
6	 3	 4	 6	 -32.847893	 5.826046
6	 3	 5	 1	 -29.505604	 3.836920
6	 3	 5	 2	 -27.817394	 4.379987
6	 3	 5	 3	 -24.558328	 0.080628
6	 3	 5	 4	 -27.409228	 0.078875
6	 3	 5	 5	 -26.203876	 4.878899
6	 3	 5	 6	 -26.678506	 5.279506
6	 3	 6	 1	 -26.771709	 6.486692
6	 3	 6	 2	 -26.512341	 5.065653
6	 3	 6	 3	 -26.079550	 5.241239
6	 3	 6	 4	 -26.924877	 9.222031
6	 3	 6	 5	 -33.654734	 15.141830
6	 3	 6	 6	 -24.863828	 0.174288
6	 3	 7	 1	 -24.587428	 1.869000
6	 3	 7	 2	 -26.519260	 9.545691
6	 3	 7	 3	 -40.529240	 19.005142
6	 3	 7	 4	 -28.347328	 0.892460
6	 3	 7	 5	 -29.080328	 1.479960
6	 3	 7	 6	 -35.833828	 2.732220
6	 4	 1	 1	 -14.538356	 1.202000
6	 4	 1	 2	 -26.403656	 0.147039
6	 4	 1	 3	 -30.453621	 4.207776
6	 4	 1	 4	 -26.306413	 2.482637
6	 4	 1	 5	 -27.287332	 2.566323
6	 4	 1	 6	 -25.689056	 0.022260
6	 4	 2	 1	 -26.465256	 0.026540
6	 4	 2	 2	 -27.739508	 2.521999
6	 4	 2	 3	 -28.966811	 2.854738
6	 4	 2	 4	 -27.060056	 0.034846
6	 4	 2	 5	 -29.181578	 3.153341
6	 4	 2	 6	 -27.787423	 2.596203
6	 4	 3	 1	 -25.492556	 0.029933
6	 4	 3	 2	 -28.437564	 2.790534
6	 4	 3	 3	 -29.294697	 3.044835
6	 4	 3	 4	 -29.182834	 2.882742
6	 4	 3	 5	 -26.216256	 0.039379
6	 4	 3	 6	 -29.407034	 3.122837
6	 4	 4	 1	 -30.784487	 3.618555
6	 4	 4	 2	 -26.711956	 0.047085
6	 4	 4	 3	 -31.322212	 2.716676
6	 4	 4	 4	 -32.737353	 3.272300
6	 4	 4	 5	 -29.689045	 4.499184
6	 4	 4	 6	 -31.860057	 3.440242
6	 4	 5	 1	 -38.790248	 9.531342
6	 4	 5	 2	 -31.260520	 6.034178
6	 4	 5	 3	 -29.240810	 4.535498
6	 4	 5	 4	 -29.328236	 4.176794
6	 4	 5	 5	 -28.263619	 5.312058
6	 4	 5	 6	 -28.267931	 6.380036
6	 4	 6	 1	 -26.228656	 0.129292
6	 4	 6	 2	 -49.299795	 32.752719
6	 4	 6	 3	 -34.733413	 13.655953
6	 4	 6	 4	 -30.232595	 11.497653
6	 4	 6	 5	 -112.431802	 107.806456
6	 4	 6	 6	 -30.019295	 8.421115
6	 4	 7	 1	 -29.450217	 12.038140
6	 4	 7	 2	 -30.354756	 0.653589
6	 4	 7	 3	 -32.580456	 0.810159
6	 4	 7	 4	 -26.304628	 16.167581
6	 4	 7	 5	 -32.903756	 1.784530
6	 4	 7	 6	 -33.611156	 2.707830
6	 5	 1	 1	 12.913373	 2.964480
6	 5	 1	 2	 22.928066	 5.888881
6	 5	 1	 3	 18.960244	 5.081481
6	 5	 1	 4	 18.790012	 9.698033
6	 5	 1	 5	 29.077073	 0.046662
6	 5	 1	 6	 15.534379	 8.583108
6	 5	 2	 1	 24.254209	 4.390317
6	 5	 2	 2	 24.752509	 4.302597
6	 5	 2	 3	 14.409451	 6.307531
6	 5	 2	 4	 18.706174	 8.153918
6	 5	 2	 5	 29.763656	 5.947717
6	 5	 2	 6	 27.518373	 0.032647
6	 5	 3	 1	 26.712573	 0.033142
6	 5	 3	 2	 25.663273	 0.037002
6	 5	 3	 3	 25.295073	 0.042181
6	 5	 3	 4	 25.484873	 0.045811
6	 5	 3	 5	 22.847255	 3.396803
6	 5	 3	 6	 15.103806	 8.435386
6	 5	 4	 1	 27.124901	 6.403894
6	 5	 4	 2	 32.115973	 0.061982
6	 5	 4	 3	 31.380073	 0.074099
6	 5	 4	 4	 26.263673	 0.082702
6	 5	 4	 5	 22.738954	 4.833143
6	 5	 4	 6	 21.582350	 8.252519
6	 5	 5	 1	 26.052473	 0.104557
6	 5	 5	 2	 25.139226	 4.978950
6	 5	 5	 3	 23.183343	 5.684212
6	 5	 5	 4	 25.818956	 4.937473
6	 5	 5	 5	 21.649115	 6.649782
6	 5	 5	 6	 23.881032	 6.508076
6	 5	 6	 1	 23.240871	 6.125784
6	 5	 6	 2	 25.105088	 8.529527
6	 5	 6	 3	 23.340018	 7.785224
6	 5	 6	 4	 16.949713	 10.315574
6	 5	 6	 5	 21.823773	 1.250090
6	 5	 6	 6	 9.975384	 12.332208
6	 5	 7	 1	 24.744873	 6.854000
6	 5	 7	 2	 21.868981	 12.887411
6	 5	 7	 3	 24.744873	 6.854000
6	 5	 7	 4	 30.195131	 32.968900
6	 5	 7	 5	 22.309262	 30.533659
6	 5	 7	 6	 32.705273	 5.761190
6	 6	 1	 1	 8.218913	 5.846231
6	 6	 1	 2	 10.507061	 9.598226
6	 6	 1	 3	 9.196205	 6.483519
6	 6	 1	 4	 19.594506	 5.252651
6	 6	 1	 5	 9.982542	 4.441417
6	 6	 1	 6	 9.703265	 6.958068
6	 6	 2	 1	 17.024154	 5.559436
6	 6	 2	 2	 14.038065	 6.064785
6	 6	 2	 3	 18.807595	 0.029898
6	 6	 2	 4	 -2.953326	 9.354010
6	 6	 2	 5	 17.926295	 0.027898
6	 6	 2	 6	 4.421070	 7.821310
6	 6	 3	 1	 17.539144	 5.263778
6	 6	 3	 2	 19.023556	 4.986452
6	 6	 3	 3	 18.552162	 4.856451
6	 6	 3	 4	 10.537048	 6.185444
6	 6	 3	 5	 15.293062	 5.530643
6	 6	 3	 6	 5.509629	 7.353951
6	 6	 4	 1	 7.428984	 6.946251
6	 6	 4	 2	 13.041327	 6.019383
6	 6	 4	 3	 3.988454	 7.898142
6	 6	 4	 4	 15.804256	 5.473904
6	 6	 4	 5	 10.625703	 6.749486
6	 6	 4	 6	 20.424795	 0.128821
6	 6	 5	 1	 22.742843	 5.069001
6	 6	 5	 2	 21.975974	 5.453104
6	 6	 5	 3	 14.062501	 5.388620
6	 6	 5	 4	 18.838865	 6.447818
6	 6	 5	 5	 5.175881	 13.129487
6	 6	 5	 6	 16.856265	 5.879603
6	 6	 6	 1	 18.412029	 5.803493
6	 6	 6	 2	 16.196959	 10.051922
6	 6	 6	 3	 14.502162	 8.247872
6	 6	 6	 4	 17.097905	 11.963045
6	 6	 6	 5	 10.674533	 8.916042
6	 6	 6	 6	 -2.435235	 13.440137
6	 6	 7	 1	 17.253344	 12.896873
6	 6	 7	 2	 19.655493	 17.165118
6	 6	 7	 3	 20.273947	 16.900507
6	 6	 7	 4	 25.907723	 29.307178
6	 6	 7	 5	 33.877759	 22.593874
6	 6	 7	 6	 9.361614	 41.031587
