#& Sector Superlayer Slot Cable T0Correction T0Error
1	 1	 1	 1	 1.690042	 0.026925
1	 1	 1	 2	 3.113240	 0.017755
1	 1	 1	 3	 2.822328	 0.011387
1	 1	 1	 4	 1.740182	 0.014589
1	 1	 1	 5	 3.153430	 0.016166
1	 1	 1	 6	 3.510948	 0.017966
1	 1	 2	 1	 2.602521	 0.004691
1	 1	 2	 2	 2.705883	 0.011439
1	 1	 2	 3	 4.628915	 0.015370
1	 1	 2	 4	 3.451922	 0.015429
1	 1	 2	 5	 4.084585	 0.016019
1	 1	 2	 6	 4.510255	 0.016242
1	 1	 3	 1	 3.496438	 0.016101
1	 1	 3	 2	 6.170575	 0.023866
1	 1	 3	 3	 2.924691	 0.017734
1	 1	 3	 4	 2.924394	 0.019505
1	 1	 3	 5	 4.929885	 0.020104
1	 1	 3	 6	 4.672845	 0.021515
1	 1	 4	 1	 4.024275	 0.021526
1	 1	 4	 2	 5.197975	 0.023417
1	 1	 4	 3	 1.539285	 0.035467
1	 1	 4	 4	 1.952765	 0.022901
1	 1	 4	 5	 3.607245	 0.024544
1	 1	 4	 6	 4.824035	 0.028295
1	 1	 5	 1	 5.238855	 0.027855
1	 1	 5	 2	 3.099760	 0.031542
1	 1	 5	 3	 5.046605	 0.033236
1	 1	 5	 4	 5.433525	 0.036712
1	 1	 5	 5	 5.000015	 0.039272
1	 1	 5	 6	 5.463565	 0.042458
1	 1	 6	 1	 5.824275	 0.063593
1	 1	 6	 2	 5.656345	 0.030817
1	 1	 6	 3	 5.226055	 0.065940
1	 1	 6	 4	 3.879905	 0.055702
1	 1	 6	 5	 4.923665	 0.082849
1	 1	 6	 6	 5.456945	 0.100727
1	 1	 7	 1	 5.790475	 0.102668
1	 1	 7	 2	 6.938845	 0.153868
1	 1	 7	 3	 3.922375	 0.126261
1	 1	 7	 4	 6.635365	 0.043473
1	 1	 7	 5	 3.125680	 0.131229
1	 1	 7	 6	 4.264685	 0.220162
1	 2	 1	 1	 -19.639403	 0.015213
1	 2	 1	 2	 -18.809403	 0.019937
1	 2	 1	 3	 -19.643003	 0.020746
1	 2	 1	 4	 -19.371103	 0.033656
1	 2	 1	 5	 -19.495103	 0.020968
1	 2	 1	 6	 -19.038703	 0.017526
1	 2	 2	 1	 -19.299803	 0.017882
1	 2	 2	 2	 -18.764303	 0.016686
1	 2	 2	 3	 -20.759903	 0.016662
1	 2	 2	 4	 -20.863503	 0.016433
1	 2	 2	 5	 -19.873503	 0.017910
1	 2	 2	 6	 -20.163203	 0.018158
1	 2	 3	 1	 -20.358803	 0.017321
1	 2	 3	 2	 -18.656303	 0.031051
1	 2	 3	 3	 -20.191803	 0.020154
1	 2	 3	 4	 -19.678503	 0.021081
1	 2	 3	 5	 -19.219203	 0.022248
1	 2	 3	 6	 -19.229603	 0.026564
1	 2	 4	 1	 -19.824503	 0.022660
1	 2	 4	 2	 -19.762903	 0.024665
1	 2	 4	 3	 -20.686603	 0.023390
1	 2	 4	 4	 -19.668403	 0.026681
1	 2	 4	 5	 -19.595803	 0.027085
1	 2	 4	 6	 -19.176903	 0.036670
1	 2	 5	 1	 -20.002103	 0.031412
1	 2	 5	 2	 -19.789103	 0.038390
1	 2	 5	 3	 -19.792003	 0.035246
1	 2	 5	 4	 -20.369603	 0.036730
1	 2	 5	 5	 -18.931503	 0.036861
1	 2	 5	 6	 -19.831003	 0.045449
1	 2	 6	 1	 -20.205403	 0.050838
1	 2	 6	 2	 -19.444303	 0.058813
1	 2	 6	 3	 -20.560703	 0.063557
1	 2	 6	 4	 -20.752003	 0.075553
1	 2	 6	 5	 -20.618003	 0.075428
1	 2	 6	 6	 -19.651303	 0.105442
1	 2	 7	 1	 -20.784903	 0.102732
1	 2	 7	 2	 -19.692003	 0.143885
1	 2	 7	 3	 -20.363803	 0.142191
1	 2	 7	 4	 -21.551203	 0.135391
1	 2	 7	 5	 -20.094003	 0.176544
1	 2	 7	 6	 -22.392403	 0.152579
1	 3	 1	 1	 -13.936381	 3.818290
1	 3	 1	 2	 -12.724881	 0.073424
1	 3	 1	 3	 -15.286781	 0.032217
1	 3	 1	 4	 -15.269181	 0.029691
1	 3	 1	 5	 -14.944681	 0.027174
1	 3	 1	 6	 -14.277881	 0.027887
1	 3	 2	 1	 -15.510081	 0.028137
1	 3	 2	 2	 -14.518581	 0.026589
1	 3	 2	 3	 -15.717381	 0.028799
1	 3	 2	 4	 -14.693981	 0.024747
1	 3	 2	 5	 -13.940881	 0.027208
1	 3	 2	 6	 -14.167281	 0.028262
1	 3	 3	 1	 -15.405381	 0.027344
1	 3	 3	 2	 -14.618581	 0.043382
1	 3	 3	 3	 -14.614181	 0.033937
1	 3	 3	 4	 -14.960381	 0.034081
1	 3	 3	 5	 -14.493181	 0.032697
1	 3	 3	 6	 -13.420981	 0.035054
1	 3	 4	 1	 -14.132181	 0.038213
1	 3	 4	 2	 -14.158881	 0.040526
1	 3	 4	 3	 -14.413881	 0.048464
1	 3	 4	 4	 -14.869681	 0.045850
1	 3	 4	 5	 -13.046481	 0.052486
1	 3	 4	 6	 -13.831981	 0.052187
1	 3	 5	 1	 -12.964681	 0.062650
1	 3	 5	 2	 -13.796281	 0.068546
1	 3	 5	 3	 -13.524381	 0.070909
1	 3	 5	 4	 -13.516981	 0.077177
1	 3	 5	 5	 -12.610381	 0.124744
1	 3	 5	 6	 -13.130181	 0.123062
1	 3	 6	 1	 -14.230281	 0.154873
1	 3	 6	 2	 -14.752481	 0.111099
1	 3	 6	 3	 -13.440881	 0.170783
1	 3	 6	 4	 -14.493981	 0.131280
1	 3	 6	 5	 -13.893981	 0.558248
1	 3	 6	 6	 -14.896281	 0.941267
1	 3	 7	 1	 -13.964081	 0.053604
1	 3	 7	 2	 -13.704481	 0.317304
1	 3	 7	 3	 -18.182281	 0.710913
1	 3	 7	 4	 -19.388381	 0.994972
1	 3	 7	 5	 -17.977281	 1.749730
1	 3	 7	 6	 -20.955981	 3.606850
1	 4	 1	 1	 -25.017133	 14.528700
1	 4	 1	 2	 -18.130233	 0.162276
1	 4	 1	 3	 -16.674033	 0.051202
1	 4	 1	 4	 -17.517833	 0.036478
1	 4	 1	 5	 -16.767433	 0.026415
1	 4	 1	 6	 -16.579533	 0.028198
1	 4	 2	 1	 -17.868033	 0.025591
1	 4	 2	 2	 -17.039033	 0.026129
1	 4	 2	 3	 -17.341233	 0.026461
1	 4	 2	 4	 -17.917133	 0.026922
1	 4	 2	 5	 -17.405733	 0.028957
1	 4	 2	 6	 -17.743033	 0.031303
1	 4	 3	 1	 -16.924433	 0.031482
1	 4	 3	 2	 -18.534133	 0.033037
1	 4	 3	 3	 -18.207433	 0.031253
1	 4	 3	 4	 -17.474533	 0.036175
1	 4	 3	 5	 -16.988033	 0.036323
1	 4	 3	 6	 -16.660233	 0.040724
1	 4	 4	 1	 -17.367833	 0.039475
1	 4	 4	 2	 -17.172733	 0.040450
1	 4	 4	 3	 -17.656733	 0.046094
1	 4	 4	 4	 -18.590933	 0.044147
1	 4	 4	 5	 -16.915633	 0.049521
1	 4	 4	 6	 -16.878733	 0.055545
1	 4	 5	 1	 -18.099233	 0.059031
1	 4	 5	 2	 -18.605233	 0.067481
1	 4	 5	 3	 -17.515633	 0.072034
1	 4	 5	 4	 -17.807633	 0.087903
1	 4	 5	 5	 -17.368733	 0.108222
1	 4	 5	 6	 -16.835733	 0.124205
1	 4	 6	 1	 -18.078233	 0.102324
1	 4	 6	 2	 -19.010633	 0.116043
1	 4	 6	 3	 -17.696733	 0.166741
1	 4	 6	 4	 -19.763633	 0.328302
1	 4	 6	 5	 -19.290033	 0.375588
1	 4	 6	 6	 -19.203633	 0.125591
1	 4	 7	 1	 -16.732933	 0.180590
1	 4	 7	 2	 -18.886533	 0.683434
1	 4	 7	 3	 -20.485733	 0.902941
1	 4	 7	 4	 -23.997133	 1.971960
1	 4	 7	 5	 -9.607733	 99.887500
1	 4	 7	 6	 -21.764833	 2.748620
1	 5	 1	 1	 7.519671	 5.943560
1	 5	 1	 2	 29.266011	 0.037361
1	 5	 1	 3	 30.370411	 0.017739
1	 5	 1	 4	 29.230011	 0.012902
1	 5	 1	 5	 29.411211	 0.019533
1	 5	 1	 6	 30.525411	 0.018420
1	 5	 2	 1	 29.395211	 0.016346
1	 5	 2	 2	 31.982011	 0.023073
1	 5	 2	 3	 31.131211	 0.018948
1	 5	 2	 4	 29.337611	 0.010864
1	 5	 2	 5	 29.668511	 0.016378
1	 5	 2	 6	 31.330111	 0.030024
1	 5	 3	 1	 30.761611	 0.030526
1	 5	 3	 2	 32.697211	 0.034463
1	 5	 3	 3	 32.438611	 0.037219
1	 5	 3	 4	 31.436011	 0.040539
1	 5	 3	 5	 30.855511	 0.046823
1	 5	 3	 6	 32.746111	 0.054228
1	 5	 4	 1	 31.529811	 0.062739
1	 5	 4	 2	 30.014611	 0.062136
1	 5	 4	 3	 31.014411	 0.074309
1	 5	 4	 4	 30.643011	 0.086689
1	 5	 4	 5	 30.018411	 0.098194
1	 5	 4	 6	 31.958311	 0.113600
1	 5	 5	 1	 31.251611	 0.106213
1	 5	 5	 2	 30.481911	 0.119125
1	 5	 5	 3	 30.258211	 0.238216
1	 5	 5	 4	 29.118411	 0.185382
1	 5	 5	 5	 33.111811	 0.297304
1	 5	 5	 6	 29.667711	 0.212095
1	 5	 6	 1	 27.023111	 0.237034
1	 5	 6	 2	 28.615511	 0.624763
1	 5	 6	 3	 24.284911	 0.057410
1	 5	 6	 4	 23.621211	 0.713254
1	 5	 6	 5	 22.641711	 0.743962
1	 5	 6	 6	 22.727811	 2.615300
1	 5	 7	 1	 43.439411	 52.194600
1	 5	 7	 2	 22.893611	 1.433250
1	 5	 7	 3	 19.230911	 1.953950
1	 5	 7	 4	 35.368211	 7.634000
1	 5	 7	 5	 42.062311	 0.866746
1	 5	 7	 6	 45.596011	 13.204500
1	 6	 1	 1	 20.093337	 1.330310
1	 6	 1	 2	 22.494637	 0.102320
1	 6	 1	 3	 22.237637	 0.036913
1	 6	 1	 4	 23.801937	 0.036847
1	 6	 1	 5	 26.856537	 0.043838
1	 6	 1	 6	 22.244537	 0.023278
1	 6	 2	 1	 23.246837	 0.018491
1	 6	 2	 2	 23.178037	 0.012555
1	 6	 2	 3	 22.191537	 0.019343
1	 6	 2	 4	 22.077837	 0.012207
1	 6	 2	 5	 22.798737	 0.022217
1	 6	 2	 6	 22.141237	 0.014547
1	 6	 3	 1	 23.700737	 0.020414
1	 6	 3	 2	 24.034637	 0.036581
1	 6	 3	 3	 23.969837	 0.041609
1	 6	 3	 4	 23.901937	 0.045265
1	 6	 3	 5	 23.240737	 0.047699
1	 6	 3	 6	 22.322337	 0.056636
1	 6	 4	 1	 23.867337	 0.063720
1	 6	 4	 2	 23.866937	 0.073669
1	 6	 4	 3	 24.136437	 0.074448
1	 6	 4	 4	 24.485937	 0.084452
1	 6	 4	 5	 27.302937	 0.084651
1	 6	 4	 6	 23.732637	 0.109905
1	 6	 5	 1	 28.563437	 0.122820
1	 6	 5	 2	 28.804537	 0.166351
1	 6	 5	 3	 26.600137	 0.089847
1	 6	 5	 4	 27.851537	 0.130531
1	 6	 5	 5	 28.449837	 0.198071
1	 6	 5	 6	 23.195237	 0.342879
1	 6	 6	 1	 26.045537	 0.561410
1	 6	 6	 2	 18.179437	 0.424999
1	 6	 6	 3	 30.543837	 0.165570
1	 6	 6	 4	 19.522837	 0.566717
1	 6	 6	 5	 20.713337	 0.829000
1	 6	 6	 6	 25.950237	 2.250170
1	 6	 7	 1	 21.453837	 1.027210
1	 6	 7	 2	 28.443737	 5.225000
1	 6	 7	 3	 36.961437	 17.593800
1	 6	 7	 4	 23.498437	 1.876520
1	 6	 7	 5	 27.864437	 3.214290
1	 6	 7	 6	 28.443737	 5.225000
2	 1	 1	 1	 13.919438	 0.046275
2	 1	 1	 2	 13.481938	 0.022351
2	 1	 1	 3	 14.019238	 0.020454
2	 1	 1	 4	 11.811928	 0.023326
2	 1	 1	 5	 13.619838	 0.033377
2	 1	 1	 6	 13.001338	 0.027570
2	 1	 2	 1	 11.656498	 0.020709
2	 1	 2	 2	 13.404138	 0.018227
2	 1	 2	 3	 13.680738	 0.018263
2	 1	 2	 4	 14.945838	 0.020313
2	 1	 2	 5	 16.592838	 0.018377
2	 1	 2	 6	 18.624038	 0.021097
2	 1	 3	 1	 14.468638	 0.021055
2	 1	 3	 2	 14.995638	 0.021641
2	 1	 3	 3	 14.191738	 0.022196
2	 1	 3	 4	 14.974538	 0.025132
2	 1	 3	 5	 15.070238	 0.023824
2	 1	 3	 6	 13.056538	 0.022961
2	 1	 4	 1	 13.496538	 0.020630
2	 1	 4	 2	 14.599538	 0.024310
2	 1	 4	 3	 13.327838	 0.033060
2	 1	 4	 4	 13.141838	 0.024761
2	 1	 4	 5	 14.606138	 0.024808
2	 1	 4	 6	 14.541038	 0.027885
2	 1	 5	 1	 13.713838	 0.032849
2	 1	 5	 2	 14.850238	 0.033238
2	 1	 5	 3	 13.927138	 0.028862
2	 1	 5	 4	 15.044438	 0.035329
2	 1	 5	 5	 15.061638	 0.038114
2	 1	 5	 6	 14.412738	 0.044027
2	 1	 6	 1	 14.190738	 0.038805
2	 1	 6	 2	 18.021338	 0.011630
2	 1	 6	 3	 15.997938	 1.500780
2	 1	 6	 4	 12.400238	 0.069201
2	 1	 6	 5	 11.881908	 0.074272
2	 1	 6	 6	 19.706538	 0.197277
2	 1	 7	 1	 11.592088	 0.167166
2	 1	 7	 2	 15.037938	 0.138212
2	 1	 7	 3	 13.810638	 0.166562
2	 1	 7	 4	 13.045038	 0.063647
2	 1	 7	 5	 12.837138	 0.222250
2	 1	 7	 6	 16.597238	 0.193318
2	 2	 1	 1	 17.522899	 0.059361
2	 2	 1	 2	 17.888599	 0.022215
2	 2	 1	 3	 16.902699	 0.020466
2	 2	 1	 4	 17.275299	 0.023015
2	 2	 1	 5	 17.255999	 0.022152
2	 2	 1	 6	 16.324999	 0.020084
2	 2	 2	 1	 20.301799	 0.020193
2	 2	 2	 2	 19.459599	 0.019491
2	 2	 2	 3	 18.485399	 0.018349
2	 2	 2	 4	 19.641499	 0.019191
2	 2	 2	 5	 15.349999	 0.017772
2	 2	 2	 6	 16.869599	 0.018452
2	 2	 3	 1	 13.392399	 0.019974
2	 2	 3	 2	 16.060199	 0.018855
2	 2	 3	 3	 13.364699	 0.020326
2	 2	 3	 4	 12.643099	 0.028657
2	 2	 3	 5	 13.066599	 0.020935
2	 2	 3	 6	 13.361199	 0.024500
2	 2	 4	 1	 16.278199	 0.024723
2	 2	 4	 2	 15.724499	 0.034955
2	 2	 4	 3	 16.987599	 0.027284
2	 2	 4	 4	 15.370699	 0.027858
2	 2	 4	 5	 18.460399	 0.032488
2	 2	 4	 6	 16.291799	 0.035482
2	 2	 5	 1	 12.193459	 0.030040
2	 2	 5	 2	 13.155899	 0.037303
2	 2	 5	 3	 13.138899	 0.034991
2	 2	 5	 4	 14.023299	 0.047008
2	 2	 5	 5	 13.053199	 0.046390
2	 2	 5	 6	 15.565099	 0.052736
2	 2	 6	 1	 15.359399	 0.054326
2	 2	 6	 2	 16.731799	 0.059018
2	 2	 6	 3	 14.641799	 0.060289
2	 2	 6	 4	 13.207799	 0.077988
2	 2	 6	 5	 15.574399	 0.083733
2	 2	 6	 6	 16.044699	 0.164073
2	 2	 7	 1	 14.335099	 0.146483
2	 2	 7	 2	 15.059899	 0.690234
2	 2	 7	 3	 17.763699	 0.313706
2	 2	 7	 4	 14.746899	 0.211912
2	 2	 7	 5	 15.322299	 0.257461
2	 2	 7	 6	 15.597499	 0.249777
2	 3	 1	 1	 29.892715	 2.363320
2	 3	 1	 2	 23.795315	 0.082556
2	 3	 1	 3	 22.943115	 0.045471
2	 3	 1	 4	 17.131415	 0.030521
2	 3	 1	 5	 16.937015	 0.029133
2	 3	 1	 6	 16.878115	 0.028629
2	 3	 2	 1	 18.360415	 0.024457
2	 3	 2	 2	 18.092515	 0.024969
2	 3	 2	 3	 17.531315	 0.026830
2	 3	 2	 4	 18.156615	 0.025870
2	 3	 2	 5	 18.801615	 0.027461
2	 3	 2	 6	 17.919015	 0.027239
2	 3	 3	 1	 17.109715	 0.028820
2	 3	 3	 2	 18.679715	 0.034596
2	 3	 3	 3	 18.289315	 0.029145
2	 3	 3	 4	 17.178315	 0.040635
2	 3	 3	 5	 16.911615	 0.041370
2	 3	 3	 6	 17.464915	 0.043994
2	 3	 4	 1	 19.378215	 0.036497
2	 3	 4	 2	 20.477815	 0.042341
2	 3	 4	 3	 18.199015	 0.048665
2	 3	 4	 4	 19.844815	 0.058847
2	 3	 4	 5	 19.774015	 0.047306
2	 3	 4	 6	 19.514915	 0.053359
2	 3	 5	 1	 18.335915	 0.056943
2	 3	 5	 2	 17.908715	 0.060848
2	 3	 5	 3	 18.893015	 0.074810
2	 3	 5	 4	 19.863215	 0.072571
2	 3	 5	 5	 18.808615	 0.105252
2	 3	 5	 6	 19.810615	 0.113773
2	 3	 6	 1	 18.846015	 0.109636
2	 3	 6	 2	 21.047615	 0.123075
2	 3	 6	 3	 17.794315	 0.073256
2	 3	 6	 4	 19.198515	 0.220489
2	 3	 6	 5	 19.231415	 0.230312
2	 3	 6	 6	 16.347515	 0.496099
2	 3	 7	 1	 15.726415	 0.522438
2	 3	 7	 2	 19.806015	 0.214053
2	 3	 7	 3	 15.003715	 0.798274
2	 3	 7	 4	 16.444115	 1.355320
2	 3	 7	 5	 20.447015	 9.533030
2	 3	 7	 6	 18.877815	 2.710580
2	 4	 1	 1	 33.841898	 6.497670
2	 4	 1	 2	 19.028498	 0.162418
2	 4	 1	 3	 18.461798	 0.062235
2	 4	 1	 4	 20.101098	 0.058303
2	 4	 1	 5	 17.976098	 0.035261
2	 4	 1	 6	 18.750998	 0.030044
2	 4	 2	 1	 17.125798	 0.029193
2	 4	 2	 2	 17.702098	 0.025379
2	 4	 2	 3	 18.178898	 0.029171
2	 4	 2	 4	 19.004698	 0.031265
2	 4	 2	 5	 18.411698	 0.030119
2	 4	 2	 6	 18.737298	 0.036485
2	 4	 3	 1	 17.747398	 0.034965
2	 4	 3	 2	 17.320298	 0.034855
2	 4	 3	 3	 18.503898	 0.036144
2	 4	 3	 4	 17.468698	 0.038900
2	 4	 3	 5	 17.811298	 0.045998
2	 4	 3	 6	 18.401898	 0.040019
2	 4	 4	 1	 16.746998	 0.043461
2	 4	 4	 2	 16.440198	 0.051908
2	 4	 4	 3	 17.498398	 0.057549
2	 4	 4	 4	 17.056498	 0.071496
2	 4	 4	 5	 18.002798	 0.058792
2	 4	 4	 6	 17.514398	 0.060749
2	 4	 5	 1	 17.083598	 0.067306
2	 4	 5	 2	 16.800898	 0.085841
2	 4	 5	 3	 14.411798	 1.042820
2	 4	 5	 4	 16.911598	 0.087666
2	 4	 5	 5	 16.965998	 0.147676
2	 4	 5	 6	 18.231498	 0.121574
2	 4	 6	 1	 18.735698	 0.207210
2	 4	 6	 2	 17.825698	 0.425495
2	 4	 6	 3	 17.019898	 0.433299
2	 4	 6	 4	 23.903398	 2.101000
2	 4	 6	 5	 18.577698	 0.298066
2	 4	 6	 6	 17.965398	 0.222373
2	 4	 7	 1	 23.952398	 2.804000
2	 4	 7	 2	 15.460098	 0.767783
2	 4	 7	 3	 14.496098	 0.981205
2	 4	 7	 4	 13.704798	 1.266970
2	 4	 7	 5	 15.047498	 1.997930
2	 4	 7	 6	 25.874398	 21.482100
2	 5	 1	 1	 16.561230	 1.543640
2	 5	 1	 2	 29.606930	 0.023863
2	 5	 1	 3	 28.881530	 0.051452
2	 5	 1	 4	 28.208330	 0.042090
2	 5	 1	 5	 30.733030	 0.010591
2	 5	 1	 6	 29.714330	 0.012624
2	 5	 2	 1	 29.658330	 0.008872
2	 5	 2	 2	 30.743230	 0.008067
2	 5	 2	 3	 30.780830	 0.009328
2	 5	 2	 4	 30.812230	 0.010527
2	 5	 2	 5	 32.847430	 0.031651
2	 5	 2	 6	 32.678130	 0.031355
2	 5	 3	 1	 33.607430	 0.033113
2	 5	 3	 2	 31.861730	 0.034956
2	 5	 3	 3	 33.595430	 0.041395
2	 5	 3	 4	 32.392130	 0.043544
2	 5	 3	 5	 33.077730	 0.052403
2	 5	 3	 6	 34.197230	 0.058558
2	 5	 4	 1	 33.461430	 0.064793
2	 5	 4	 2	 31.467730	 0.058858
2	 5	 4	 3	 30.854830	 0.070524
2	 5	 4	 4	 29.146030	 0.088530
2	 5	 4	 5	 31.807430	 0.085882
2	 5	 4	 6	 31.289530	 0.099895
2	 5	 5	 1	 30.144030	 0.117673
2	 5	 5	 2	 28.085330	 0.064352
2	 5	 5	 3	 28.887330	 0.194959
2	 5	 5	 4	 23.804330	 0.334476
2	 5	 5	 5	 33.683330	 0.444922
2	 5	 5	 6	 18.661330	 0.439217
2	 5	 6	 1	 17.945030	 0.599622
2	 5	 6	 2	 17.568930	 0.569938
2	 5	 6	 3	 19.063830	 0.734133
2	 5	 6	 4	 21.653330	 16.433000
2	 5	 6	 5	 20.067830	 0.965394
2	 5	 6	 6	 17.593830	 0.836154
2	 5	 7	 1	 32.345230	 4.388000
2	 5	 7	 2	 16.237130	 1.639410
2	 5	 7	 3	 17.361330	 3.114220
2	 5	 7	 4	 18.594430	 2.673060
2	 5	 7	 5	 26.431530	 283.133000
2	 5	 7	 6	 32.345230	 4.388000
2	 6	 1	 1	 24.891502	 0.059037
2	 6	 1	 2	 25.946202	 0.069831
2	 6	 1	 3	 23.888802	 0.022267
2	 6	 1	 4	 23.920602	 0.020534
2	 6	 1	 5	 26.392702	 0.035232
2	 6	 1	 6	 24.792702	 0.033370
2	 6	 2	 1	 25.152302	 0.026153
2	 6	 2	 2	 25.334802	 0.028717
2	 6	 2	 3	 26.556002	 0.030220
2	 6	 2	 4	 24.250002	 0.018887
2	 6	 2	 5	 26.381402	 0.028619
2	 6	 2	 6	 34.780202	 0.037107
2	 6	 3	 1	 27.921802	 0.037445
2	 6	 3	 2	 29.899202	 0.015590
2	 6	 3	 3	 29.784002	 0.010397
2	 6	 3	 4	 26.827302	 0.045196
2	 6	 3	 5	 27.089102	 0.048575
2	 6	 3	 6	 29.620802	 0.056641
2	 6	 4	 1	 27.866102	 0.064625
2	 6	 4	 2	 25.920902	 0.070255
2	 6	 4	 3	 25.861302	 0.077202
2	 6	 4	 4	 27.050702	 0.090032
2	 6	 4	 5	 27.219802	 0.094492
2	 6	 4	 6	 26.565302	 0.106498
2	 6	 5	 1	 26.354502	 0.110345
2	 6	 5	 2	 26.229002	 0.140253
2	 6	 5	 3	 24.081002	 0.176311
2	 6	 5	 4	 25.570702	 0.217793
2	 6	 5	 5	 15.418302	 0.327768
2	 6	 5	 6	 14.170302	 0.498838
2	 6	 6	 1	 13.070402	 0.668412
2	 6	 6	 2	 13.461002	 0.453162
2	 6	 6	 3	 31.960002	 0.743358
2	 6	 6	 4	 31.296402	 0.166102
2	 6	 6	 5	 15.163602	 0.601690
2	 6	 6	 6	 27.920902	 0.109236
2	 6	 7	 1	 11.087742	 1.393920
2	 6	 7	 2	 27.993402	 0.206273
2	 6	 7	 3	 16.734202	 2.617740
2	 6	 7	 4	 22.435402	 1.712620
2	 6	 7	 5	 44.406102	 1.549530
2	 6	 7	 6	 27.476402	 4.021000
3	 1	 1	 1	 39.856593	 0.035350
3	 1	 1	 2	 41.187393	 0.021457
3	 1	 1	 3	 40.393793	 0.016929
3	 1	 1	 4	 39.845993	 0.019155
3	 1	 1	 5	 38.917293	 0.017251
3	 1	 1	 6	 39.439993	 0.017657
3	 1	 2	 1	 40.958093	 0.017173
3	 1	 2	 2	 42.580793	 0.016635
3	 1	 2	 3	 40.694993	 0.016384
3	 1	 2	 4	 44.189993	 0.017782
3	 1	 2	 5	 41.193893	 0.015888
3	 1	 2	 6	 40.485793	 0.016449
3	 1	 3	 1	 40.350693	 0.017606
3	 1	 3	 2	 40.194393	 0.020275
3	 1	 3	 3	 40.167893	 0.020584
3	 1	 3	 4	 40.295393	 0.022613
3	 1	 3	 5	 41.051993	 0.022130
3	 1	 3	 6	 40.911593	 0.023472
3	 1	 4	 1	 42.930093	 0.021331
3	 1	 4	 2	 42.355393	 0.022265
3	 1	 4	 3	 38.431193	 0.020725
3	 1	 4	 4	 40.963293	 0.024004
3	 1	 4	 5	 41.811993	 0.015033
3	 1	 4	 6	 42.548293	 0.026000
3	 1	 5	 1	 40.645793	 0.031795
3	 1	 5	 2	 39.686593	 0.032096
3	 1	 5	 3	 38.926193	 0.031103
3	 1	 5	 4	 42.747793	 0.995119
3	 1	 5	 5	 40.670093	 0.037932
3	 1	 5	 6	 43.756593	 0.636391
3	 1	 6	 1	 40.853893	 0.035104
3	 1	 6	 2	 40.716793	 0.049618
3	 1	 6	 3	 40.527193	 0.051136
3	 1	 6	 4	 41.571193	 0.067271
3	 1	 6	 5	 39.674993	 0.085434
3	 1	 6	 6	 42.902393	 0.087696
3	 1	 7	 1	 42.783893	 0.122635
3	 1	 7	 2	 41.659293	 0.085349
3	 1	 7	 3	 44.333493	 0.111262
3	 1	 7	 4	 43.217893	 0.122981
3	 1	 7	 5	 43.004093	 0.161231
3	 1	 7	 6	 42.282593	 0.176222
3	 2	 1	 1	 43.181007	 0.068317
3	 2	 1	 2	 45.952407	 0.023882
3	 2	 1	 3	 44.064807	 0.018825
3	 2	 1	 4	 43.292007	 0.019885
3	 2	 1	 5	 43.554107	 0.019504
3	 2	 1	 6	 45.068707	 0.020603
3	 2	 2	 1	 44.190907	 0.018593
3	 2	 2	 2	 45.866007	 0.018940
3	 2	 2	 3	 42.702307	 0.017658
3	 2	 2	 4	 44.030607	 0.019261
3	 2	 2	 5	 43.470407	 0.018861
3	 2	 2	 6	 44.416507	 0.019611
3	 2	 3	 1	 42.704307	 0.020998
3	 2	 3	 2	 43.997407	 0.021943
3	 2	 3	 3	 42.226007	 0.021336
3	 2	 3	 4	 43.957207	 0.022235
3	 2	 3	 5	 43.463207	 0.022184
3	 2	 3	 6	 43.575207	 0.025228
3	 2	 4	 1	 40.806707	 0.023445
3	 2	 4	 2	 42.881407	 0.025797
3	 2	 4	 3	 40.271907	 0.027141
3	 2	 4	 4	 43.208507	 0.027870
3	 2	 4	 5	 39.599307	 0.028400
3	 2	 4	 6	 41.248707	 0.044750
3	 2	 5	 1	 42.185207	 0.033330
3	 2	 5	 2	 44.102307	 0.038069
3	 2	 5	 3	 39.005507	 0.036420
3	 2	 5	 4	 43.136307	 0.036951
3	 2	 5	 5	 40.908807	 0.038728
3	 2	 5	 6	 42.276907	 0.047135
3	 2	 6	 1	 41.408507	 0.057869
3	 2	 6	 2	 41.933207	 0.051937
3	 2	 6	 3	 42.098007	 0.060501
3	 2	 6	 4	 41.680207	 0.752093
3	 2	 6	 5	 42.002207	 0.019735
3	 2	 6	 6	 42.697707	 0.091867
3	 2	 7	 1	 42.732407	 0.103410
3	 2	 7	 2	 44.360707	 0.164161
3	 2	 7	 3	 42.522507	 0.199742
3	 2	 7	 4	 44.609707	 0.155239
3	 2	 7	 5	 42.806107	 0.261522
3	 2	 7	 6	 44.350707	 0.243205
3	 3	 1	 1	 47.034960	 2.420030
3	 3	 1	 2	 41.784960	 0.094106
3	 3	 1	 3	 40.615960	 0.048930
3	 3	 1	 4	 41.578260	 0.036665
3	 3	 1	 5	 42.293360	 0.015853
3	 3	 1	 6	 44.101160	 0.030400
3	 3	 2	 1	 45.661060	 0.028143
3	 3	 2	 2	 44.899360	 0.034534
3	 3	 2	 3	 45.024660	 0.029409
3	 3	 2	 4	 45.406360	 0.024944
3	 3	 2	 5	 47.090660	 0.030254
3	 3	 2	 6	 46.756960	 0.032913
3	 3	 3	 1	 46.029660	 0.038121
3	 3	 3	 2	 44.737560	 0.038312
3	 3	 3	 3	 44.600360	 0.036704
3	 3	 3	 4	 46.602260	 0.043054
3	 3	 3	 5	 46.683060	 0.042401
3	 3	 3	 6	 46.316860	 0.041728
3	 3	 4	 1	 45.581760	 0.038921
3	 3	 4	 2	 47.059660	 0.046401
3	 3	 4	 3	 47.691960	 0.044331
3	 3	 4	 4	 45.819060	 0.071735
3	 3	 4	 5	 42.581560	 0.055354
3	 3	 4	 6	 41.885660	 0.064235
3	 3	 5	 1	 41.474060	 0.063282
3	 3	 5	 2	 42.680260	 0.066939
3	 3	 5	 3	 43.328660	 0.068461
3	 3	 5	 4	 44.863160	 0.098605
3	 3	 5	 5	 45.589760	 0.120991
3	 3	 5	 6	 46.772760	 0.113597
3	 3	 6	 1	 44.243560	 0.113426
3	 3	 6	 2	 42.831560	 0.134270
3	 3	 6	 3	 39.823760	 0.359420
3	 3	 6	 4	 42.224260	 0.084506
3	 3	 6	 5	 43.052760	 0.120021
3	 3	 6	 6	 42.643560	 0.404038
3	 3	 7	 1	 41.803660	 0.433051
3	 3	 7	 2	 42.345160	 0.512733
3	 3	 7	 3	 39.662660	 0.693647
3	 3	 7	 4	 40.547760	 1.415060
3	 3	 7	 5	 40.417360	 1.746690
3	 3	 7	 6	 43.640160	 18.623600
3	 4	 1	 1	 53.523668	 5.662000
3	 4	 1	 2	 41.979868	 0.137028
3	 4	 1	 3	 42.858668	 0.051981
3	 4	 1	 4	 42.959968	 0.038008
3	 4	 1	 5	 43.094368	 0.032020
3	 4	 1	 6	 43.249668	 0.030056
3	 4	 2	 1	 41.941968	 0.028098
3	 4	 2	 2	 42.641568	 0.027021
3	 4	 2	 3	 43.884568	 0.029684
3	 4	 2	 4	 45.360168	 0.033033
3	 4	 2	 5	 45.304268	 0.033310
3	 4	 2	 6	 45.636168	 0.034354
3	 4	 3	 1	 42.914868	 0.033271
3	 4	 3	 2	 45.714768	 0.042952
3	 4	 3	 3	 45.669268	 0.040541
3	 4	 3	 4	 42.811368	 0.039088
3	 4	 3	 5	 43.244568	 0.045562
3	 4	 3	 6	 43.125568	 0.042488
3	 4	 4	 1	 49.444568	 0.050191
3	 4	 4	 2	 47.894068	 0.051752
3	 4	 4	 3	 47.685368	 0.053794
3	 4	 4	 4	 44.674068	 0.078959
3	 4	 4	 5	 48.424168	 0.055884
3	 4	 4	 6	 48.796368	 0.058509
3	 4	 5	 1	 45.045668	 0.077337
3	 4	 5	 2	 45.025368	 0.092681
3	 4	 5	 3	 45.221068	 0.117903
3	 4	 5	 4	 43.778068	 0.098387
3	 4	 5	 5	 48.353968	 0.165727
3	 4	 5	 6	 44.978968	 0.275834
3	 4	 6	 1	 49.113068	 0.113423
3	 4	 6	 2	 56.070268	 0.234493
3	 4	 6	 3	 50.466268	 0.195384
3	 4	 6	 4	 51.333668	 3.640000
3	 4	 6	 5	 46.754868	 0.470036
3	 4	 6	 6	 55.283468	 1.725010
3	 4	 7	 1	 46.147668	 0.544026
3	 4	 7	 2	 47.331868	 0.670948
3	 4	 7	 3	 40.101568	 0.987559
3	 4	 7	 4	 41.029968	 1.363280
3	 4	 7	 5	 41.763068	 1.866040
3	 4	 7	 6	 46.530668	 2.295420
3	 5	 1	 1	 52.109891	 7.210680
3	 5	 1	 2	 75.045591	 1.073440
3	 5	 1	 3	 72.261791	 0.033158
3	 5	 1	 4	 71.162791	 0.031451
3	 5	 1	 5	 72.355991	 0.039983
3	 5	 1	 6	 73.044391	 0.027802
3	 5	 2	 1	 71.104391	 0.016100
3	 5	 2	 2	 71.003791	 0.013210
3	 5	 2	 3	 74.820391	 0.397265
3	 5	 2	 4	 72.289191	 0.015577
3	 5	 2	 5	 72.209891	 0.024229
3	 5	 2	 6	 72.902591	 0.030409
3	 5	 3	 1	 73.229291	 0.032694
3	 5	 3	 2	 72.158191	 0.035953
3	 5	 3	 3	 71.929591	 0.039707
3	 5	 3	 4	 71.768591	 0.044188
3	 5	 3	 5	 73.629591	 0.051299
3	 5	 3	 6	 74.182091	 0.060803
3	 5	 4	 1	 72.352591	 0.060278
3	 5	 4	 2	 73.863291	 0.071752
3	 5	 4	 3	 73.165991	 0.075912
3	 5	 4	 4	 71.435891	 0.084847
3	 5	 4	 5	 73.605391	 0.097682
3	 5	 4	 6	 73.632391	 0.117641
3	 5	 5	 1	 64.027191	 0.126529
3	 5	 5	 2	 57.118391	 0.130261
3	 5	 5	 3	 63.268391	 0.153306
3	 5	 5	 4	 57.616591	 0.246662
3	 5	 5	 5	 54.868491	 0.127715
3	 5	 5	 6	 60.097391	 0.280597
3	 5	 6	 1	 64.456591	 0.418876
3	 5	 6	 2	 64.269591	 0.519751
3	 5	 6	 3	 57.435291	 0.290654
3	 5	 6	 4	 54.750691	 0.266287
3	 5	 6	 5	 53.970391	 0.375893
3	 5	 6	 6	 56.892891	 0.958898
3	 5	 7	 1	 46.771491	 1.783270
3	 5	 7	 2	 57.495691	 0.316749
3	 5	 7	 3	 50.729491	 1.733850
3	 5	 7	 4	 49.694891	 2.537120
3	 5	 7	 5	 61.686791	 12.885000
3	 5	 7	 6	 61.686791	 12.885000
3	 6	 1	 1	 65.212811	 1.489290
3	 6	 1	 2	 68.593211	 0.147504
3	 6	 1	 3	 68.824611	 0.091759
3	 6	 1	 4	 66.105811	 0.090348
3	 6	 1	 5	 69.269211	 0.057863
3	 6	 1	 6	 69.583311	 0.053363
3	 6	 2	 1	 68.688611	 0.037508
3	 6	 2	 2	 68.009711	 0.034511
3	 6	 2	 3	 67.759811	 0.031441
3	 6	 2	 4	 68.938111	 0.031158
3	 6	 2	 5	 69.799411	 0.035227
3	 6	 2	 6	 68.645111	 0.036060
3	 6	 3	 1	 60.707511	 0.132880
3	 6	 3	 2	 68.420211	 0.039634
3	 6	 3	 3	 67.525311	 0.043465
3	 6	 3	 4	 67.536411	 0.050577
3	 6	 3	 5	 67.835711	 0.053583
3	 6	 3	 6	 67.880911	 0.063186
3	 6	 4	 1	 68.705011	 0.072258
3	 6	 4	 2	 68.266011	 0.075034
3	 6	 4	 3	 71.012111	 0.163580
3	 6	 4	 4	 68.247311	 0.095695
3	 6	 4	 5	 72.074011	 0.025015
3	 6	 4	 6	 69.572511	 0.102357
3	 6	 5	 1	 59.267111	 0.149538
3	 6	 5	 2	 52.335011	 0.077574
3	 6	 5	 3	 53.081011	 0.074723
3	 6	 5	 4	 54.871111	 0.175832
3	 6	 5	 5	 58.487711	 0.218473
3	 6	 5	 6	 53.352711	 0.108319
3	 6	 6	 1	 47.326511	 0.401522
3	 6	 6	 2	 47.411511	 0.538859
3	 6	 6	 3	 48.868011	 0.589510
3	 6	 6	 4	 47.349411	 0.695749
3	 6	 6	 5	 48.333411	 0.968472
3	 6	 6	 6	 47.678311	 1.251850
3	 6	 7	 1	 45.431311	 1.271970
3	 6	 7	 2	 42.521711	 1.321450
3	 6	 7	 3	 49.537611	 1.980430
3	 6	 7	 4	 52.232411	 1.638570
3	 6	 7	 5	 60.777911	 2.188620
3	 6	 7	 6	 59.244611	 10.619000
4	 1	 1	 1	 7.032769	 0.038349
4	 1	 1	 2	 7.822329	 0.019535
4	 1	 1	 3	 7.632249	 0.016713
4	 1	 1	 4	 6.328179	 0.016157
4	 1	 1	 5	 7.253969	 0.017730
4	 1	 1	 6	 6.656299	 0.017821
4	 1	 2	 1	 6.724999	 0.016182
4	 1	 2	 2	 7.089589	 0.017036
4	 1	 2	 3	 7.282539	 0.015824
4	 1	 2	 4	 6.149139	 0.015303
4	 1	 2	 5	 6.705069	 0.016562
4	 1	 2	 6	 8.221079	 0.017104
4	 1	 3	 1	 6.165589	 0.016289
4	 1	 3	 2	 7.400199	 0.019223
4	 1	 3	 3	 7.130119	 0.017657
4	 1	 3	 4	 6.759559	 0.019321
4	 1	 3	 5	 8.045639	 0.019778
4	 1	 3	 6	 7.610639	 0.020231
4	 1	 4	 1	 8.068899	 0.023782
4	 1	 4	 2	 8.755379	 0.025223
4	 1	 4	 3	 6.911729	 0.023571
4	 1	 4	 4	 7.842499	 0.026677
4	 1	 4	 5	 7.160129	 0.026582
4	 1	 4	 6	 8.928999	 0.030718
4	 1	 5	 1	 7.799619	 0.028049
4	 1	 5	 2	 8.120579	 0.035673
4	 1	 5	 3	 8.282479	 0.035150
4	 1	 5	 4	 8.244629	 0.035096
4	 1	 5	 5	 7.058779	 0.038061
4	 1	 5	 6	 7.939049	 0.043280
4	 1	 6	 1	 6.941609	 0.042446
4	 1	 6	 2	 8.049649	 0.048054
4	 1	 6	 3	 6.899059	 0.045877
4	 1	 6	 4	 8.096939	 0.056753
4	 1	 6	 5	 7.406289	 0.068145
4	 1	 6	 6	 7.784629	 0.095196
4	 1	 7	 1	 6.709689	 0.096403
4	 1	 7	 2	 6.894889	 0.103486
4	 1	 7	 3	 7.745649	 0.143487
4	 1	 7	 4	 7.984179	 0.147717
4	 1	 7	 5	 7.558079	 0.135373
4	 1	 7	 6	 7.673569	 0.238131
4	 2	 1	 1	 33.885992	 0.055125
4	 2	 1	 2	 35.495392	 0.024537
4	 2	 1	 3	 33.816792	 0.023520
4	 2	 1	 4	 33.523892	 0.017508
4	 2	 1	 5	 34.070292	 0.017531
4	 2	 1	 6	 34.536492	 0.016833
4	 2	 2	 1	 34.001392	 0.026237
4	 2	 2	 2	 48.618692	 0.021775
4	 2	 2	 3	 33.171492	 0.013511
4	 2	 2	 4	 34.330392	 0.018383
4	 2	 2	 5	 33.581292	 0.017995
4	 2	 2	 6	 34.753592	 0.019672
4	 2	 3	 1	 34.223892	 0.019654
4	 2	 3	 2	 33.937392	 0.019605
4	 2	 3	 3	 32.099192	 0.022009
4	 2	 3	 4	 32.376792	 0.023291
4	 2	 3	 5	 35.180692	 0.022967
4	 2	 3	 6	 33.412092	 0.022351
4	 2	 4	 1	 34.732092	 0.025231
4	 2	 4	 2	 34.101892	 0.026455
4	 2	 4	 3	 33.760992	 0.023184
4	 2	 4	 4	 34.136992	 0.028059
4	 2	 4	 5	 34.282792	 0.031700
4	 2	 4	 6	 34.657092	 0.033485
4	 2	 5	 1	 34.867492	 0.032116
4	 2	 5	 2	 36.039692	 0.037295
4	 2	 5	 3	 35.686492	 0.040340
4	 2	 5	 4	 32.608992	 0.039473
4	 2	 5	 5	 32.601992	 0.045230
4	 2	 5	 6	 33.510992	 0.041575
4	 2	 6	 1	 33.357292	 0.056125
4	 2	 6	 2	 32.425392	 0.069368
4	 2	 6	 3	 33.020792	 0.058416
4	 2	 6	 4	 31.915992	 0.080263
4	 2	 6	 5	 32.422992	 0.087137
4	 2	 6	 6	 31.948392	 0.115461
4	 2	 7	 1	 31.836392	 0.095080
4	 2	 7	 2	 32.876492	 0.123501
4	 2	 7	 3	 29.787392	 0.103276
4	 2	 7	 4	 51.271392	 0.182859
4	 2	 7	 5	 31.971192	 0.155404
4	 2	 7	 6	 31.218092	 0.167025
4	 3	 1	 1	 17.576807	 2.016820
4	 3	 1	 2	 15.835007	 0.076953
4	 3	 1	 3	 15.703607	 0.038579
4	 3	 1	 4	 16.527807	 0.033759
4	 3	 1	 5	 16.076907	 0.039058
4	 3	 1	 6	 15.972607	 0.033707
4	 3	 2	 1	 12.743607	 0.029328
4	 3	 2	 2	 12.136807	 0.025850
4	 3	 2	 3	 13.788007	 0.035256
4	 3	 2	 4	 13.240707	 0.029512
4	 3	 2	 5	 15.298607	 0.030604
4	 3	 2	 6	 14.824607	 0.034116
4	 3	 3	 1	 12.907707	 0.031420
4	 3	 3	 2	 13.620707	 0.031023
4	 3	 3	 3	 12.996607	 0.007588
4	 3	 3	 4	 13.398007	 0.035532
4	 3	 3	 5	 13.939807	 0.037782
4	 3	 3	 6	 13.816107	 0.040649
4	 3	 4	 1	 14.275107	 0.039379
4	 3	 4	 2	 14.752007	 0.043261
4	 3	 4	 3	 14.906007	 0.047128
4	 3	 4	 4	 14.012107	 0.047953
4	 3	 4	 5	 15.110307	 0.054995
4	 3	 4	 6	 14.534607	 0.051119
4	 3	 5	 1	 13.854607	 0.051869
4	 3	 5	 2	 12.873907	 0.052877
4	 3	 5	 3	 13.522107	 0.071267
4	 3	 5	 4	 12.996907	 0.100590
4	 3	 5	 5	 14.352807	 0.093587
4	 3	 5	 6	 14.181007	 0.184808
4	 3	 6	 1	 17.118207	 0.046742
4	 3	 6	 2	 14.570907	 0.184177
4	 3	 6	 3	 13.909407	 0.169107
4	 3	 6	 4	 13.352307	 0.301173
4	 3	 6	 5	 14.616207	 0.185635
4	 3	 6	 6	 13.001207	 0.039586
4	 3	 7	 1	 15.019607	 0.241189
4	 3	 7	 2	 12.973907	 0.351662
4	 3	 7	 3	 10.959237	 0.698024
4	 3	 7	 4	 18.183107	 0.580228
4	 3	 7	 5	 8.523907	 1.837770
4	 3	 7	 6	 15.935907	 1.859180
4	 4	 1	 1	 14.083447	 5.969970
4	 4	 1	 2	 14.087447	 0.181820
4	 4	 1	 3	 14.509547	 0.054319
4	 4	 1	 4	 13.338347	 0.043296
4	 4	 1	 5	 15.071347	 0.035712
4	 4	 1	 6	 14.518347	 0.032700
4	 4	 2	 1	 14.301947	 0.029515
4	 4	 2	 2	 13.819147	 0.029191
4	 4	 2	 3	 13.603047	 0.028561
4	 4	 2	 4	 13.253147	 0.032235
4	 4	 2	 5	 13.331147	 0.030785
4	 4	 2	 6	 13.803447	 0.032244
4	 4	 3	 1	 14.111247	 0.034155
4	 4	 3	 2	 13.162847	 0.037416
4	 4	 3	 3	 13.142647	 0.039044
4	 4	 3	 4	 13.229047	 0.038499
4	 4	 3	 5	 13.062747	 0.041124
4	 4	 3	 6	 13.305847	 0.042302
4	 4	 4	 1	 13.380647	 0.051988
4	 4	 4	 2	 13.069747	 0.054196
4	 4	 4	 3	 12.814047	 0.048084
4	 4	 4	 4	 12.369447	 0.051665
4	 4	 4	 5	 13.674647	 0.057991
4	 4	 4	 6	 12.624947	 0.048183
4	 4	 5	 1	 13.915147	 0.069931
4	 4	 5	 2	 15.099047	 0.355773
4	 4	 5	 3	 12.686947	 0.080506
4	 4	 5	 4	 13.702247	 0.079632
4	 4	 5	 5	 13.455847	 0.166685
4	 4	 5	 6	 12.178847	 0.210516
4	 4	 6	 1	 12.595247	 0.273437
4	 4	 6	 2	 16.511647	 0.166126
4	 4	 6	 3	 13.165347	 0.232682
4	 4	 6	 4	 14.496047	 0.214010
4	 4	 6	 5	 11.236647	 0.464972
4	 4	 6	 6	 11.131847	 0.485188
4	 4	 7	 1	 10.727247	 0.669568
4	 4	 7	 2	 10.986647	 0.831715
4	 4	 7	 3	 8.912287	 1.094060
4	 4	 7	 4	 17.312347	 3.539000
4	 4	 7	 5	 8.154727	 1.744610
4	 4	 7	 6	 6.911037	 4.105340
4	 5	 1	 1	 55.718226	 2.477000
4	 5	 1	 2	 51.694726	 0.181315
4	 5	 1	 3	 52.550726	 0.064645
4	 5	 1	 4	 51.517026	 0.049128
4	 5	 1	 5	 53.935326	 0.010727
4	 5	 1	 6	 52.666426	 0.085670
4	 5	 2	 1	 53.092226	 0.023119
4	 5	 2	 2	 53.864226	 0.020826
4	 5	 2	 3	 52.878326	 0.009891
4	 5	 2	 4	 54.129926	 0.013711
4	 5	 2	 5	 55.920826	 0.027097
4	 5	 2	 6	 55.567826	 0.027293
4	 5	 3	 1	 56.771726	 0.033428
4	 5	 3	 2	 55.338126	 0.035024
4	 5	 3	 3	 56.029126	 0.040137
4	 5	 3	 4	 55.587026	 0.044730
4	 5	 3	 5	 56.092126	 0.049304
4	 5	 3	 6	 56.960026	 0.059940
4	 5	 4	 1	 56.885726	 0.058358
4	 5	 4	 2	 56.859026	 0.061538
4	 5	 4	 3	 55.058726	 0.070849
4	 5	 4	 4	 56.143526	 0.241652
4	 5	 4	 5	 54.240826	 0.096717
4	 5	 4	 6	 55.227426	 0.098165
4	 5	 5	 1	 54.039326	 0.110143
4	 5	 5	 2	 52.430726	 0.117821
4	 5	 5	 3	 50.557626	 0.148894
4	 5	 5	 4	 50.585626	 0.117262
4	 5	 5	 5	 43.672126	 0.344351
4	 5	 5	 6	 49.359926	 0.169101
4	 5	 6	 1	 35.096626	 2.021220
4	 5	 6	 2	 55.597126	 0.509110
4	 5	 6	 3	 45.779126	 0.633388
4	 5	 6	 4	 53.881226	 1.141880
4	 5	 6	 5	 56.785226	 8.957000
4	 5	 6	 6	 55.626626	 1.454030
4	 5	 7	 1	 40.036026	 0.966351
4	 5	 7	 2	 66.147126	 1.039480
4	 5	 7	 3	 39.462326	 0.587365
4	 5	 7	 4	 44.636426	 1.792610
4	 5	 7	 5	 56.114226	 10.186000
4	 5	 7	 6	 56.114226	 10.186000
4	 6	 1	 1	 32.992050	 1.928830
4	 6	 1	 2	 46.346950	 0.129365
4	 6	 1	 3	 45.848750	 0.020590
4	 6	 1	 4	 46.960050	 0.013812
4	 6	 1	 5	 45.830950	 0.012093
4	 6	 1	 6	 47.042750	 0.015193
4	 6	 2	 1	 48.264750	 0.030218
4	 6	 2	 2	 47.806950	 0.027965
4	 6	 2	 3	 48.241450	 0.028416
4	 6	 2	 4	 53.035750	 0.011003
4	 6	 2	 5	 50.156350	 0.029210
4	 6	 2	 6	 49.946150	 0.033886
4	 6	 3	 1	 53.460950	 0.035698
4	 6	 3	 2	 53.138550	 0.036656
4	 6	 3	 3	 53.435850	 0.023995
4	 6	 3	 4	 48.105850	 0.042656
4	 6	 3	 5	 48.239850	 0.048968
4	 6	 3	 6	 47.287250	 0.054739
4	 6	 4	 1	 49.552850	 0.064618
4	 6	 4	 2	 48.870450	 0.069898
4	 6	 4	 3	 49.051350	 0.084016
4	 6	 4	 4	 49.859350	 1.414210
4	 6	 4	 5	 51.821650	 0.016821
4	 6	 4	 6	 55.902950	 0.465687
4	 6	 5	 1	 50.068650	 0.135259
4	 6	 5	 2	 48.659250	 0.136484
4	 6	 5	 3	 51.646750	 0.257945
4	 6	 5	 4	 51.795650	 0.210779
4	 6	 5	 5	 50.886350	 0.232266
4	 6	 5	 6	 52.691950	 0.230227
4	 6	 6	 1	 34.734250	 5.245230
4	 6	 6	 2	 39.246650	 0.795254
4	 6	 6	 3	 39.369050	 0.616966
4	 6	 6	 4	 46.533050	 0.890432
4	 6	 6	 5	 55.415750	 7.619000
4	 6	 6	 6	 43.904550	 0.910470
4	 6	 7	 1	 48.435750	 9.627000
4	 6	 7	 2	 40.846550	 1.347730
4	 6	 7	 3	 43.352750	 1.357660
4	 6	 7	 4	 52.622750	 7.357000
4	 6	 7	 5	 60.931550	 2.141150
4	 6	 7	 6	 58.800450	 0.724527
5	 1	 1	 1	 41.056036	 0.047207
5	 1	 1	 2	 30.743136	 0.022585
5	 1	 1	 3	 29.307436	 0.020261
5	 1	 1	 4	 23.988836	 0.018046
5	 1	 1	 5	 23.320936	 0.016969
5	 1	 1	 6	 24.180136	 0.018017
5	 1	 2	 1	 27.819036	 0.016078
5	 1	 2	 2	 25.692736	 0.004159
5	 1	 2	 3	 26.318936	 0.014477
5	 1	 2	 4	 27.062436	 0.016665
5	 1	 2	 5	 26.355336	 0.024389
5	 1	 2	 6	 24.855936	 0.005548
5	 1	 3	 1	 27.043036	 0.017536
5	 1	 3	 2	 26.767936	 0.018562
5	 1	 3	 3	 27.267136	 0.018626
5	 1	 3	 4	 25.938336	 0.018930
5	 1	 3	 5	 26.432636	 0.018406
5	 1	 3	 6	 26.636936	 0.022631
5	 1	 4	 1	 26.639036	 0.021336
5	 1	 4	 2	 27.758836	 0.023241
5	 1	 4	 3	 26.454836	 0.022188
5	 1	 4	 4	 27.006836	 0.023936
5	 1	 4	 5	 28.349636	 0.025598
5	 1	 4	 6	 27.387236	 0.026956
5	 1	 5	 1	 28.275136	 0.027146
5	 1	 5	 2	 28.560536	 0.031971
5	 1	 5	 3	 27.938436	 0.034534
5	 1	 5	 4	 26.517236	 0.039245
5	 1	 5	 5	 28.865236	 0.034206
5	 1	 5	 6	 31.523736	 0.045171
5	 1	 6	 1	 27.580236	 0.048181
5	 1	 6	 2	 27.351736	 0.048734
5	 1	 6	 3	 28.125836	 0.051399
5	 1	 6	 4	 27.455436	 0.077764
5	 1	 6	 5	 26.591736	 0.079438
5	 1	 6	 6	 28.023936	 0.095271
5	 1	 7	 1	 27.746236	 0.106169
5	 1	 7	 2	 27.536936	 0.120479
5	 1	 7	 3	 27.787636	 0.132971
5	 1	 7	 4	 29.774236	 0.135324
5	 1	 7	 5	 29.797136	 0.059412
5	 1	 7	 6	 30.982536	 0.230490
5	 2	 1	 1	 3.926699	 0.066404
5	 2	 1	 2	 4.259709	 0.022922
5	 2	 1	 3	 2.255172	 0.018931
5	 2	 1	 4	 3.448999	 0.021719
5	 2	 1	 5	 4.254969	 0.019757
5	 2	 1	 6	 3.339259	 0.017845
5	 2	 2	 1	 2.209821	 0.016756
5	 2	 2	 2	 3.721739	 0.017385
5	 2	 2	 3	 3.070109	 0.016708
5	 2	 2	 4	 2.593729	 0.017041
5	 2	 2	 5	 2.753344	 0.016327
5	 2	 2	 6	 2.346374	 0.017799
5	 2	 3	 1	 1.968894	 0.018274
5	 2	 3	 2	 2.761131	 0.020273
5	 2	 3	 3	 1.423904	 0.017915
5	 2	 3	 4	 2.954319	 0.022035
5	 2	 3	 5	 2.979889	 0.020076
5	 2	 3	 6	 2.257144	 0.020894
5	 2	 4	 1	 3.659909	 0.024296
5	 2	 4	 2	 3.257589	 0.024715
5	 2	 4	 3	 3.066169	 0.025241
5	 2	 4	 4	 3.250499	 0.024778
5	 2	 4	 5	 2.335637	 0.027901
5	 2	 4	 6	 3.835869	 0.028471
5	 2	 5	 1	 2.370087	 0.032755
5	 2	 5	 2	 2.552460	 0.032853
5	 2	 5	 3	 1.242313	 0.031133
5	 2	 5	 4	 2.179375	 0.033988
5	 2	 5	 5	 2.282249	 0.040513
5	 2	 5	 6	 2.584739	 0.041164
5	 2	 6	 1	 3.073999	 0.050038
5	 2	 6	 2	 2.754268	 0.055153
5	 2	 6	 3	 1.152316	 0.064355
5	 2	 6	 4	 3.701569	 0.068701
5	 2	 6	 5	 3.140799	 0.068450
5	 2	 6	 6	 2.895628	 0.106078
5	 2	 7	 1	 1.949253	 0.158942
5	 2	 7	 2	 2.428181	 0.235224
5	 2	 7	 3	 2.067254	 0.129498
5	 2	 7	 4	 2.699733	 0.171391
5	 2	 7	 5	 1.937917	 0.127713
5	 2	 7	 6	 3.580049	 0.228274
5	 3	 1	 1	 10.016318	 4.254900
5	 3	 1	 2	 12.211948	 0.109522
5	 3	 1	 3	 10.600598	 0.035381
5	 3	 1	 4	 11.787348	 0.029319
5	 3	 1	 5	 11.816548	 0.027811
5	 3	 1	 6	 11.647458	 0.023795
5	 3	 2	 1	 11.163658	 0.024683
5	 3	 2	 2	 11.606558	 0.023415
5	 3	 2	 3	 11.632108	 0.024468
5	 3	 2	 4	 10.596288	 0.022674
5	 3	 2	 5	 11.210658	 0.026256
5	 3	 2	 6	 10.818968	 0.028655
5	 3	 3	 1	 11.848948	 0.026657
5	 3	 3	 2	 10.836148	 0.029069
5	 3	 3	 3	 10.194368	 0.029169
5	 3	 3	 4	 11.229508	 0.031100
5	 3	 3	 5	 11.430118	 0.031500
5	 3	 3	 6	 11.757558	 0.035145
5	 3	 4	 1	 14.321148	 0.037779
5	 3	 4	 2	 13.782848	 0.041515
5	 3	 4	 3	 13.597248	 0.039774
5	 3	 4	 4	 13.481948	 0.042684
5	 3	 4	 5	 10.208358	 0.038660
5	 3	 4	 6	 10.967398	 0.051052
5	 3	 5	 1	 10.780428	 0.055740
5	 3	 5	 2	 10.986038	 0.056985
5	 3	 5	 3	 11.166198	 0.065482
5	 3	 5	 4	 10.797278	 0.079667
5	 3	 5	 5	 10.935258	 0.076596
5	 3	 5	 6	 11.194058	 0.092572
5	 3	 6	 1	 12.993548	 0.109916
5	 3	 6	 2	 12.389248	 0.125652
5	 3	 6	 3	 10.089148	 0.171597
5	 3	 6	 4	 11.865848	 0.220428
5	 3	 6	 5	 10.765058	 0.127837
5	 3	 6	 6	 11.339688	 0.144791
5	 3	 7	 1	 9.763948	 0.171780
5	 3	 7	 2	 12.208648	 0.455167
5	 3	 7	 3	 9.792398	 0.688711
5	 3	 7	 4	 12.460048	 0.288429
5	 3	 7	 5	 13.697448	 1.111480
5	 3	 7	 6	 9.200468	 3.777730
5	 4	 1	 1	 15.892342	 4.590380
5	 4	 1	 2	 14.840942	 0.428280
5	 4	 1	 3	 10.863172	 0.050407
5	 4	 1	 4	 11.708442	 0.034539
5	 4	 1	 5	 12.336242	 0.032662
5	 4	 1	 6	 11.288112	 0.026378
5	 4	 2	 1	 11.521242	 0.027654
5	 4	 2	 2	 11.114762	 0.025229
5	 4	 2	 3	 10.920322	 0.026043
5	 4	 2	 4	 10.490232	 0.025885
5	 4	 2	 5	 11.762742	 0.028191
5	 4	 2	 6	 12.710042	 2.125850
5	 4	 3	 1	 11.530642	 0.031081
5	 4	 3	 2	 12.100642	 0.032930
5	 4	 3	 3	 11.206862	 0.035962
5	 4	 3	 4	 11.096532	 0.035075
5	 4	 3	 5	 11.113142	 0.038374
5	 4	 3	 6	 11.526442	 0.043358
5	 4	 4	 1	 12.825242	 0.049715
5	 4	 4	 2	 11.906042	 0.048307
5	 4	 4	 3	 11.105912	 0.050522
5	 4	 4	 4	 11.465422	 0.044946
5	 4	 4	 5	 12.849142	 0.051190
5	 4	 4	 6	 11.789442	 0.058800
5	 4	 5	 1	 11.938242	 0.057336
5	 4	 5	 2	 12.937342	 0.084945
5	 4	 5	 3	 10.624682	 0.082710
5	 4	 5	 4	 12.350442	 0.091093
5	 4	 5	 5	 14.861942	 0.328400
5	 4	 5	 6	 13.447342	 0.130779
5	 4	 6	 1	 13.812142	 0.367969
5	 4	 6	 2	 13.377642	 0.150596
5	 4	 6	 3	 10.699672	 0.202584
5	 4	 6	 4	 10.784602	 0.281460
5	 4	 6	 5	 10.329242	 0.128540
5	 4	 6	 6	 8.001202	 0.493827
5	 4	 7	 1	 10.814212	 2.146940
5	 4	 7	 2	 18.174242	 4.407000
5	 4	 7	 3	 11.125732	 0.910163
5	 4	 7	 4	 5.807532	 1.356980
5	 4	 7	 5	 18.174242	 4.407000
5	 4	 7	 6	 18.174242	 4.407000
5	 5	 1	 1	 36.438031	 3.359150
5	 5	 1	 2	 47.141231	 23.172000
5	 5	 1	 3	 52.552431	 0.050625
5	 5	 1	 4	 52.581331	 0.045183
5	 5	 1	 5	 51.801331	 0.035349
5	 5	 1	 6	 51.537831	 0.032934
5	 5	 2	 1	 55.131231	 0.014233
5	 5	 2	 2	 55.160831	 0.011176
5	 5	 2	 3	 56.274331	 0.009650
5	 5	 2	 4	 52.637431	 0.027284
5	 5	 2	 5	 53.551731	 0.029603
5	 5	 2	 6	 54.522131	 0.032365
5	 5	 3	 1	 53.480131	 0.034933
5	 5	 3	 2	 53.242431	 0.035655
5	 5	 3	 3	 53.932031	 0.041428
5	 5	 3	 4	 51.403831	 0.040901
5	 5	 3	 5	 55.388931	 0.048712
5	 5	 3	 6	 53.330431	 0.058222
5	 5	 4	 1	 51.902131	 0.059242
5	 5	 4	 2	 52.369231	 0.062409
5	 5	 4	 3	 52.353731	 0.070578
5	 5	 4	 4	 50.164831	 0.068545
5	 5	 4	 5	 51.993031	 0.088016
5	 5	 4	 6	 50.535731	 0.088589
5	 5	 5	 1	 50.119431	 0.112701
5	 5	 5	 2	 53.288031	 0.202752
5	 5	 5	 3	 49.089131	 0.149840
5	 5	 5	 4	 50.626831	 0.170121
5	 5	 5	 5	 51.009431	 0.242077
5	 5	 5	 6	 51.897731	 0.482212
5	 5	 6	 1	 39.843531	 0.465497
5	 5	 6	 2	 48.918931	 0.346050
5	 5	 6	 3	 50.924731	 5.697000
5	 5	 6	 4	 48.595231	 0.449941
5	 5	 6	 5	 52.831731	 15.424000
5	 5	 6	 6	 52.831731	 15.424000
5	 5	 7	 1	 40.931931	 0.892900
5	 5	 7	 2	 52.831731	 15.424000
5	 5	 7	 3	 48.554331	 0.881924
5	 5	 7	 4	 53.361431	 12.138100
5	 5	 7	 5	 44.451231	 3.377560
5	 5	 7	 6	 58.677431	 11.686400
5	 6	 1	 1	 42.425397	 0.417408
5	 6	 1	 2	 45.405697	 0.094424
5	 6	 1	 3	 46.100597	 0.062554
5	 6	 1	 4	 45.496097	 0.054656
5	 6	 1	 5	 46.850397	 0.044206
5	 6	 1	 6	 45.014697	 0.037146
5	 6	 2	 1	 50.444597	 0.031030
5	 6	 2	 2	 48.180297	 0.025148
5	 6	 2	 3	 48.077697	 0.018562
5	 6	 2	 4	 50.127097	 0.024725
5	 6	 2	 5	 50.530997	 0.029467
5	 6	 2	 6	 50.755797	 0.029231
5	 6	 3	 1	 49.593597	 0.030198
5	 6	 3	 2	 50.182097	 0.036026
5	 6	 3	 3	 49.031397	 0.010124
5	 6	 3	 4	 48.154697	 0.075406
5	 6	 3	 5	 48.440697	 0.048646
5	 6	 3	 6	 48.203097	 0.051851
5	 6	 4	 1	 47.212097	 0.077243
5	 6	 4	 2	 48.013497	 0.066982
5	 6	 4	 3	 47.874997	 0.015199
5	 6	 4	 4	 56.814897	 3.394540
5	 6	 4	 5	 52.151297	 0.080715
5	 6	 4	 6	 50.494997	 0.112174
5	 6	 5	 1	 48.064097	 0.149887
5	 6	 5	 2	 47.711097	 0.128262
5	 6	 5	 3	 49.355597	 0.143778
5	 6	 5	 4	 50.906197	 0.186837
5	 6	 5	 5	 52.560497	 0.260926
5	 6	 5	 6	 50.944197	 0.283286
5	 6	 6	 1	 48.797297	 0.244639
5	 6	 6	 2	 48.492597	 0.144855
5	 6	 6	 3	 50.681297	 0.123673
5	 6	 6	 4	 48.948297	 0.647374
5	 6	 6	 5	 49.529997	 6.187000
5	 6	 6	 6	 36.946297	 0.910148
5	 6	 7	 1	 49.639497	 1.801600
5	 6	 7	 2	 53.273997	 8.904000
5	 6	 7	 3	 38.890197	 1.052270
5	 6	 7	 4	 42.847297	 1.688950
5	 6	 7	 5	 51.793197	 1.536170
5	 6	 7	 6	 80.692097	 176.966000
6	 1	 1	 1	 6.100178	 0.034791
6	 1	 1	 2	 6.355818	 0.019298
6	 1	 1	 3	 4.933058	 0.015945
6	 1	 1	 4	 9.634998	 0.019634
6	 1	 1	 5	 10.591758	 0.019790
6	 1	 1	 6	 11.252968	 0.019815
6	 1	 2	 1	 8.850868	 0.018294
6	 1	 2	 2	 8.685108	 0.017413
6	 1	 2	 3	 8.947218	 0.017245
6	 1	 2	 4	 8.969448	 0.017927
6	 1	 2	 5	 9.526498	 0.015437
6	 1	 2	 6	 8.930418	 0.020391
6	 1	 3	 1	 8.432908	 0.018037
6	 1	 3	 2	 8.682058	 0.018996
6	 1	 3	 3	 8.134508	 0.022516
6	 1	 3	 4	 7.123708	 0.021581
6	 1	 3	 5	 8.571058	 0.020765
6	 1	 3	 6	 7.066808	 0.021217
6	 1	 4	 1	 10.120708	 0.025257
6	 1	 4	 2	 9.728288	 0.025423
6	 1	 4	 3	 9.793268	 0.023024
6	 1	 4	 4	 10.965748	 0.032124
6	 1	 4	 5	 9.932298	 0.025889
6	 1	 4	 6	 11.150048	 0.030729
6	 1	 5	 1	 5.564598	 0.028715
6	 1	 5	 2	 7.742698	 0.030018
6	 1	 5	 3	 4.520388	 0.028739
6	 1	 5	 4	 9.926508	 0.041320
6	 1	 5	 5	 9.891488	 0.040583
6	 1	 5	 6	 10.474918	 0.043048
6	 1	 6	 1	 7.235528	 0.053854
6	 1	 6	 2	 7.546748	 0.058718
6	 1	 6	 3	 6.715278	 0.059449
6	 1	 6	 4	 5.302358	 0.062354
6	 1	 6	 5	 5.116868	 0.081195
6	 1	 6	 6	 6.108858	 0.092542
6	 1	 7	 1	 7.360688	 0.108113
6	 1	 7	 2	 9.695138	 0.141363
6	 1	 7	 3	 7.537488	 0.120706
6	 1	 7	 4	 8.488928	 0.130825
6	 1	 7	 5	 8.078078	 0.095615
6	 1	 7	 6	 8.717128	 0.047324
6	 2	 1	 1	 12.646349	 0.079804
6	 2	 1	 2	 11.500169	 0.026848
6	 2	 1	 3	 8.987929	 0.019732
6	 2	 1	 4	 10.586909	 0.019143
6	 2	 1	 5	 9.012539	 0.021253
6	 2	 1	 6	 8.518759	 0.019153
6	 2	 2	 1	 7.827839	 0.018587
6	 2	 2	 2	 8.291039	 0.018177
6	 2	 2	 3	 6.730289	 0.018581
6	 2	 2	 4	 8.152939	 0.017492
6	 2	 2	 5	 9.303969	 0.019081
6	 2	 2	 6	 9.496279	 0.020081
6	 2	 3	 1	 8.060159	 0.019018
6	 2	 3	 2	 9.045589	 0.021618
6	 2	 3	 3	 7.571419	 0.020809
6	 2	 3	 4	 8.085909	 0.021671
6	 2	 3	 5	 7.702329	 0.022965
6	 2	 3	 6	 6.624919	 0.023995
6	 2	 4	 1	 9.729609	 0.023737
6	 2	 4	 2	 9.312949	 0.033436
6	 2	 4	 3	 9.781649	 0.034136
6	 2	 4	 4	 7.119109	 0.025464
6	 2	 4	 5	 6.891859	 0.027850
6	 2	 4	 6	 7.353869	 0.030708
6	 2	 5	 1	 7.827889	 0.031176
6	 2	 5	 2	 12.211739	 0.037662
6	 2	 5	 3	 10.149259	 0.039949
6	 2	 5	 4	 5.855619	 0.074995
6	 2	 5	 5	 7.905929	 0.042344
6	 2	 5	 6	 7.993689	 0.051302
6	 2	 6	 1	 5.896219	 0.045962
6	 2	 6	 2	 6.215559	 0.062503
6	 2	 6	 3	 6.390569	 0.051247
6	 2	 6	 4	 11.136699	 0.090012
6	 2	 6	 5	 10.693989	 0.102377
6	 2	 6	 6	 10.982039	 0.115892
6	 2	 7	 1	 9.773299	 0.098149
6	 2	 7	 2	 10.920289	 0.143137
6	 2	 7	 3	 8.965289	 0.192677
6	 2	 7	 4	 3.517509	 0.147430
6	 2	 7	 5	 6.140279	 0.179757
6	 2	 7	 6	 5.209799	 0.222671
6	 3	 1	 1	 -25.961823	 2.345780
6	 3	 1	 2	 -25.888123	 0.082366
6	 3	 1	 3	 -27.577323	 1.421300
6	 3	 1	 4	 -26.955323	 0.033538
6	 3	 1	 5	 -27.320823	 0.030564
6	 3	 1	 6	 -27.643123	 0.017684
6	 3	 2	 1	 -26.331123	 0.024512
6	 3	 2	 2	 -26.123523	 0.025581
6	 3	 2	 3	 -28.361223	 0.036365
6	 3	 2	 4	 -27.890823	 0.027271
6	 3	 2	 5	 -26.364023	 0.028299
6	 3	 2	 6	 -27.728323	 0.027810
6	 3	 3	 1	 -27.474923	 0.014068
6	 3	 3	 2	 -26.895823	 0.030488
6	 3	 3	 3	 -28.391923	 0.031119
6	 3	 3	 4	 -28.121023	 0.031369
6	 3	 3	 5	 -26.458223	 0.033271
6	 3	 3	 6	 -25.989323	 0.037764
6	 3	 4	 1	 -27.622423	 0.034042
6	 3	 4	 2	 -26.852723	 0.037851
6	 3	 4	 3	 -27.564823	 0.042669
6	 3	 4	 4	 -27.516423	 0.042085
6	 3	 4	 5	 -26.533623	 0.046865
6	 3	 4	 6	 -26.271923	 0.051965
6	 3	 5	 1	 -26.487923	 0.053014
6	 3	 5	 2	 -24.966023	 0.060807
6	 3	 5	 3	 -24.512623	 0.080628
6	 3	 5	 4	 -27.363523	 0.078875
6	 3	 5	 5	 -25.636823	 0.091227
6	 3	 5	 6	 -24.619223	 0.082762
6	 3	 6	 1	 -25.063523	 0.105007
6	 3	 6	 2	 -24.494223	 0.127494
6	 3	 6	 3	 -25.532623	 0.158763
6	 3	 6	 4	 -27.047923	 0.151601
6	 3	 6	 5	 -25.598623	 0.233418
6	 3	 6	 6	 -24.818123	 0.174288
6	 3	 7	 1	 -24.541723	 1.869000
6	 3	 7	 2	 -25.443023	 9.906900
6	 3	 7	 3	 -28.789923	 0.749895
6	 3	 7	 4	 -28.301623	 0.892460
6	 3	 7	 5	 -29.034623	 1.479960
6	 3	 7	 6	 -35.788123	 2.732220
6	 4	 1	 1	 -15.487268	 1.202000
6	 4	 1	 2	 -27.352568	 0.147039
6	 4	 1	 3	 -27.837068	 0.055938
6	 4	 1	 4	 -27.327268	 0.031462
6	 4	 1	 5	 -27.100268	 0.030099
6	 4	 1	 6	 -26.637968	 0.022260
6	 4	 2	 1	 -27.414168	 0.026540
6	 4	 2	 2	 -27.712968	 0.026488
6	 4	 2	 3	 -27.906668	 0.025467
6	 4	 2	 4	 -28.008968	 0.034846
6	 4	 2	 5	 -28.327568	 0.027870
6	 4	 2	 6	 -28.237868	 0.029965
6	 4	 3	 1	 -26.441468	 0.029933
6	 4	 3	 2	 -28.361068	 0.031263
6	 4	 3	 3	 -28.493368	 0.033697
6	 4	 3	 4	 -27.799268	 0.036599
6	 4	 3	 5	 -27.165168	 0.039379
6	 4	 3	 6	 -26.764068	 0.036805
6	 4	 4	 1	 -27.743968	 0.043317
6	 4	 4	 2	 -27.660868	 0.047085
6	 4	 4	 3	 -27.341168	 0.056759
6	 4	 4	 4	 -27.487268	 0.076477
6	 4	 4	 5	 -26.789068	 0.063203
6	 4	 4	 6	 -27.465768	 0.066026
6	 4	 5	 1	 -26.678768	 0.065763
6	 4	 5	 2	 -26.982468	 0.063933
6	 4	 5	 3	 -27.383968	 0.077140
6	 4	 5	 4	 -27.053668	 0.092803
6	 4	 5	 5	 -27.664968	 0.100714
6	 4	 5	 6	 -27.816368	 0.090337
6	 4	 6	 1	 -27.177568	 0.129292
6	 4	 6	 2	 -28.546868	 0.062829
6	 4	 6	 3	 -27.486268	 0.080026
6	 4	 6	 4	 -28.502868	 0.385480
6	 4	 6	 5	 -29.924568	 0.391772
6	 4	 6	 6	 -30.225668	 0.422999
6	 4	 7	 1	 -28.229068	 0.106700
6	 4	 7	 2	 -31.303668	 0.653589
6	 4	 7	 3	 -33.529368	 0.810159
6	 4	 7	 4	 -32.475468	 1.583650
6	 4	 7	 5	 -33.852668	 1.784530
6	 4	 7	 6	 -34.560068	 2.707830
6	 5	 1	 1	 11.015263	 2.964480
6	 5	 1	 2	 23.673263	 0.211970
6	 5	 1	 3	 21.767263	 0.099897
6	 5	 1	 4	 25.342063	 0.058529
6	 5	 1	 5	 27.178963	 0.046662
6	 5	 1	 6	 26.367063	 0.036977
6	 5	 2	 1	 23.009263	 0.013248
6	 5	 2	 2	 25.997263	 0.060359
6	 5	 2	 3	 21.930063	 0.011507
6	 5	 2	 4	 28.105863	 0.035060
6	 5	 2	 5	 27.919263	 0.013088
6	 5	 2	 6	 25.620263	 0.032647
6	 5	 3	 1	 24.814463	 0.033142
6	 5	 3	 2	 23.765163	 0.037002
6	 5	 3	 3	 23.396963	 0.042181
6	 5	 3	 4	 23.586763	 0.045811
6	 5	 3	 5	 25.271163	 0.054399
6	 5	 3	 6	 26.190263	 0.062693
6	 5	 4	 1	 27.786863	 0.067746
6	 5	 4	 2	 30.217863	 0.061982
6	 5	 4	 3	 29.481963	 0.074099
6	 5	 4	 4	 24.365563	 0.082702
6	 5	 4	 5	 23.351063	 0.093083
6	 5	 4	 6	 26.560263	 0.117948
6	 5	 5	 1	 24.154363	 0.104557
6	 5	 5	 2	 25.752263	 0.107201
6	 5	 5	 3	 22.499663	 0.190753
6	 5	 5	 4	 20.847963	 0.427252
6	 5	 5	 5	 23.641263	 0.502583
6	 5	 5	 6	 23.812563	 0.320080
6	 5	 6	 1	 19.278463	 0.371811
6	 5	 6	 2	 14.523163	 0.470465
6	 5	 6	 3	 11.092763	 0.575848
6	 5	 6	 4	 23.641763	 4.279000
6	 5	 6	 5	 19.925663	 1.250090
6	 5	 6	 6	 20.250863	 0.217657
6	 5	 7	 1	 22.846763	 6.854000
6	 5	 7	 2	 17.204263	 0.802511
6	 5	 7	 3	 22.846763	 6.854000
6	 5	 7	 4	 15.049163	 1.783080
6	 5	 7	 5	 13.779763	 2.687400
6	 5	 7	 6	 30.807163	 5.761190
6	 6	 1	 1	 16.391919	 1.264610
6	 6	 1	 2	 26.864019	 1.191000
6	 6	 1	 3	 20.329119	 0.127236
6	 6	 1	 4	 22.135719	 0.068081
6	 6	 1	 5	 21.820419	 0.052622
6	 6	 1	 6	 22.132719	 0.042894
6	 6	 2	 1	 21.326519	 0.033758
6	 6	 2	 2	 20.712719	 0.034200
6	 6	 2	 3	 20.040919	 0.029898
6	 6	 2	 4	 21.093119	 2.602030
6	 6	 2	 5	 19.159619	 0.027898
6	 6	 2	 6	 19.711119	 0.031292
6	 6	 3	 1	 23.279419	 0.048344
6	 6	 3	 2	 21.985219	 0.050385
6	 6	 3	 3	 22.026119	 0.049772
6	 6	 3	 4	 16.059219	 0.070487
6	 6	 3	 5	 20.512619	 0.056437
6	 6	 3	 6	 20.521819	 0.061063
6	 6	 4	 1	 21.712619	 0.078784
6	 6	 4	 2	 20.805819	 0.079782
6	 6	 4	 3	 22.309619	 0.085134
6	 6	 4	 4	 21.746919	 2.171060
6	 6	 4	 5	 22.960919	 0.110031
6	 6	 4	 6	 21.658119	 0.128821
6	 6	 5	 1	 24.707619	 0.128411
6	 6	 5	 2	 24.700919	 0.134130
6	 6	 5	 3	 26.248619	 0.174956
6	 6	 5	 4	 23.404919	 0.211571
6	 6	 5	 5	 27.076319	 0.197305
6	 6	 5	 6	 12.610419	 0.477421
6	 6	 6	 1	 23.341619	 0.145203
6	 6	 6	 2	 8.746489	 0.468026
6	 6	 6	 3	 9.336749	 0.517495
6	 6	 6	 4	 11.053259	 0.623637
6	 6	 6	 5	 15.212319	 0.105891
6	 6	 6	 6	 25.021619	 0.600396
6	 6	 7	 1	 21.126419	 3.289930
6	 6	 7	 2	 13.664119	 0.876249
6	 6	 7	 3	 31.932019	 22.491300
6	 6	 7	 4	 24.290019	 3.904000
6	 6	 7	 5	 29.983119	 2.298580
6	 6	 7	 6	 43.969119	 16.587400
