#& Sector Superlayer Slot Cable T0Correction T0Error
1	 1	 1	 1	 1.566355	 1.559714
1	 1	 1	 2	 3.824131	 0.792211
1	 1	 1	 3	 1.872112	 0.895343
1	 1	 1	 4	 2.509411	 0.812948
1	 1	 1	 5	 1.825185	 0.864522
1	 1	 1	 6	 1.879922	 0.854836
1	 1	 2	 1	 -1.251473	 1.156696
1	 1	 2	 2	 2.460418	 0.011439
1	 1	 2	 3	 2.427021	 0.925608
1	 1	 2	 4	 2.038356	 0.956325
1	 1	 2	 5	 3.507706	 0.831477
1	 1	 2	 6	 2.906624	 0.968327
1	 1	 3	 1	 1.321269	 0.994302
1	 1	 3	 2	 4.235300	 1.455803
1	 1	 3	 3	 2.621195	 0.974273
1	 1	 3	 4	 1.389070	 1.072086
1	 1	 3	 5	 2.442600	 1.023363
1	 1	 3	 6	 2.910197	 0.780790
1	 1	 4	 1	 1.418641	 1.139828
1	 1	 4	 2	 4.952510	 0.023417
1	 1	 4	 3	 -1.231373	 1.439891
1	 1	 4	 4	 1.707300	 0.022901
1	 1	 4	 5	 2.311351	 1.174456
1	 1	 4	 6	 3.625668	 1.121348
1	 1	 5	 1	 1.456071	 1.419198
1	 1	 5	 2	 2.273874	 1.295526
1	 1	 5	 3	 4.801140	 0.033236
1	 1	 5	 4	 5.188060	 0.036712
1	 1	 5	 5	 2.261997	 1.353674
1	 1	 5	 6	 4.533333	 2.308299
1	 1	 6	 1	 4.076768	 2.840053
1	 1	 6	 2	 0.025522	 3.229849
1	 1	 6	 3	 -0.946991	 2.636974
1	 1	 6	 4	 4.008163	 3.600710
1	 1	 6	 5	 -5.015110	 3.577973
1	 1	 6	 6	 2.711111	 4.628295
1	 1	 7	 1	 -8.364045	 8.799766
1	 1	 7	 2	 -3.096739	 5.744088
1	 1	 7	 3	 3.676910	 0.126261
1	 1	 7	 4	 -1.889681	 8.998287
1	 1	 7	 5	 2.880215	 0.131229
1	 1	 7	 6	 4.019220	 0.220162
1	 2	 1	 1	 -16.804404	 3.143968
1	 2	 1	 2	 -18.470968	 2.036466
1	 2	 1	 3	 -19.932275	 2.393466
1	 2	 1	 4	 -20.280871	 2.308296
1	 2	 1	 5	 -20.148295	 2.202369
1	 2	 1	 6	 -19.179181	 1.989632
1	 2	 2	 1	 -18.586700	 0.017882
1	 2	 2	 2	 -18.803016	 1.977329
1	 2	 2	 3	 -20.046800	 0.016662
1	 2	 2	 4	 -20.150400	 0.016433
1	 2	 2	 5	 -19.950127	 2.354886
1	 2	 2	 6	 -19.870950	 2.406464
1	 2	 3	 1	 -20.960784	 2.214481
1	 2	 3	 2	 -17.943200	 0.031051
1	 2	 3	 3	 -19.478700	 0.020154
1	 2	 3	 4	 -20.036559	 2.360098
1	 2	 3	 5	 -18.506100	 0.022248
1	 2	 3	 6	 -21.514666	 3.138403
1	 2	 4	 1	 -21.656039	 2.759404
1	 2	 4	 2	 -23.701587	 4.110428
1	 2	 4	 3	 -21.934035	 2.043226
1	 2	 4	 4	 -21.449123	 3.517034
1	 2	 4	 5	 -21.644444	 3.558161
1	 2	 4	 6	 -18.214493	 2.401235
1	 2	 5	 1	 -21.407015	 2.134058
1	 2	 5	 2	 -19.982957	 3.238027
1	 2	 5	 3	 -20.854645	 3.651774
1	 2	 5	 4	 -19.383908	 3.357283
1	 2	 5	 5	 -18.218400	 0.036861
1	 2	 5	 6	 -20.306306	 4.530158
1	 2	 6	 1	 -23.055319	 7.131370
1	 2	 6	 2	 -18.320000	 3.887974
1	 2	 6	 3	 -21.756522	 6.766861
1	 2	 6	 4	 -20.038900	 0.075553
1	 2	 6	 5	 -30.455443	 11.808807
1	 2	 6	 6	 -21.225397	 9.801284
1	 2	 7	 1	 -20.959140	 6.629975
1	 2	 7	 2	 -23.142955	 6.780951
1	 2	 7	 3	 -25.022222	 18.618783
1	 2	 7	 4	 -36.117080	 10.190462
1	 2	 7	 5	 -19.380900	 0.176544
1	 2	 7	 6	 -21.679300	 0.152579
1	 3	 1	 1	 -13.660600	 3.818290
1	 3	 1	 2	 -12.449100	 0.073424
1	 3	 1	 3	 -15.011000	 0.032217
1	 3	 1	 4	 -14.993400	 0.029691
1	 3	 1	 5	 -14.668900	 0.027174
1	 3	 1	 6	 -14.002100	 0.027887
1	 3	 2	 1	 -15.234300	 0.028137
1	 3	 2	 2	 -17.225860	 1.948909
1	 3	 2	 3	 -15.441600	 0.028799
1	 3	 2	 4	 -14.418200	 0.024747
1	 3	 2	 5	 -20.703165	 2.852092
1	 3	 2	 6	 -20.021735	 2.664406
1	 3	 3	 1	 -15.129600	 0.027344
1	 3	 3	 2	 -21.362407	 2.938685
1	 3	 3	 3	 -16.303040	 1.738560
1	 3	 3	 4	 -18.877425	 2.456560
1	 3	 3	 5	 -14.217400	 0.032697
1	 3	 3	 6	 -15.264550	 1.619356
1	 3	 4	 1	 -19.809676	 2.772179
1	 3	 4	 2	 -13.883100	 0.040526
1	 3	 4	 3	 -14.969733	 1.706611
1	 3	 4	 4	 -22.008892	 2.362412
1	 3	 4	 5	 -17.445487	 2.600129
1	 3	 4	 6	 -18.411366	 2.950695
1	 3	 5	 1	 -14.360942	 2.149878
1	 3	 5	 2	 -18.456056	 3.353773
1	 3	 5	 3	 -18.132480	 3.650956
1	 3	 5	 4	 -14.596469	 1.915980
1	 3	 5	 5	 -18.717964	 3.173350
1	 3	 5	 6	 -12.466957	 2.300100
1	 3	 6	 1	 -16.103176	 3.206523
1	 3	 6	 2	 -20.700303	 7.788672
1	 3	 6	 3	 -13.165100	 0.170783
1	 3	 6	 4	 -17.402639	 6.394733
1	 3	 6	 5	 -53.077825	 27.782007
1	 3	 6	 6	 -16.145955	 5.112263
1	 3	 7	 1	 -11.115416	 5.984160
1	 3	 7	 2	 -13.428700	 0.317304
1	 3	 7	 3	 -37.453607	 33.266378
1	 3	 7	 4	 -45.065333	 86.158305
1	 3	 7	 5	 -17.701500	 1.749730
1	 3	 7	 6	 -20.680200	 3.606850
1	 4	 1	 1	 -23.599700	 14.528700
1	 4	 1	 2	 -16.712800	 0.162276
1	 4	 1	 3	 -15.256600	 0.051202
1	 4	 1	 4	 -16.100400	 0.036478
1	 4	 1	 5	 -15.350000	 0.026415
1	 4	 1	 6	 -15.162100	 0.028198
1	 4	 2	 1	 -17.514294	 1.763484
1	 4	 2	 2	 -15.621600	 0.026129
1	 4	 2	 3	 -18.489322	 1.933269
1	 4	 2	 4	 -21.153216	 2.518560
1	 4	 2	 5	 -18.331117	 1.969751
1	 4	 2	 6	 -18.227015	 1.940488
1	 4	 3	 1	 -15.507000	 0.031482
1	 4	 3	 2	 -18.819069	 1.944333
1	 4	 3	 3	 -20.413118	 2.322610
1	 4	 3	 4	 -24.508754	 3.444300
1	 4	 3	 5	 -17.528501	 1.859305
1	 4	 3	 6	 -19.471469	 2.219844
1	 4	 4	 1	 -20.233865	 2.551629
1	 4	 4	 2	 -22.666408	 2.169613
1	 4	 4	 3	 -19.735008	 2.504591
1	 4	 4	 4	 -20.920404	 2.853936
1	 4	 4	 5	 -15.498200	 0.049521
1	 4	 4	 6	 -15.461300	 0.055545
1	 4	 5	 1	 -16.681800	 0.059031
1	 4	 5	 2	 -17.817298	 2.646509
1	 4	 5	 3	 -19.631436	 3.595885
1	 4	 5	 4	 -29.212026	 8.399223
1	 4	 5	 5	 -18.634405	 3.382765
1	 4	 5	 6	 -19.044600	 4.427030
1	 4	 6	 1	 -17.035152	 5.072306
1	 4	 6	 2	 -17.593200	 0.116043
1	 4	 6	 3	 -18.125292	 3.677929
1	 4	 6	 4	 -15.741417	 4.472480
1	 4	 6	 5	 -44.867387	 30.533430
1	 4	 6	 6	 -37.360838	 16.746471
1	 4	 7	 1	 -15.315500	 0.180590
1	 4	 7	 2	 -17.469100	 0.683434
1	 4	 7	 3	 -29.458664	 30.398136
1	 4	 7	 4	 -22.579700	 1.971960
1	 4	 7	 5	 -8.190300	 99.887500
1	 4	 7	 6	 -20.347400	 2.748620
1	 5	 1	 1	 8.801960	 5.943560
1	 5	 1	 2	 30.548300	 0.037361
1	 5	 1	 3	 31.652700	 0.017739
1	 5	 1	 4	 18.311710	 7.980662
1	 5	 1	 5	 28.502158	 5.471139
1	 5	 1	 6	 27.257197	 5.916563
1	 5	 2	 1	 23.927718	 7.139602
1	 5	 2	 2	 27.102883	 6.480385
1	 5	 2	 3	 32.413500	 0.018948
1	 5	 2	 4	 23.728128	 7.262770
1	 5	 2	 5	 24.006309	 7.135333
1	 5	 2	 6	 23.385957	 5.039048
1	 5	 3	 1	 32.043900	 0.030526
1	 5	 3	 2	 31.294989	 5.140399
1	 5	 3	 3	 26.853405	 6.368576
1	 5	 3	 4	 25.183251	 6.508478
1	 5	 3	 5	 32.137800	 0.046823
1	 5	 3	 6	 34.028400	 0.054228
1	 5	 4	 1	 27.852589	 6.003192
1	 5	 4	 2	 21.354826	 7.360241
1	 5	 4	 3	 27.408190	 6.062349
1	 5	 4	 4	 24.730010	 6.870158
1	 5	 4	 5	 28.996299	 6.113810
1	 5	 4	 6	 25.825731	 7.171020
1	 5	 5	 1	 26.513321	 7.418573
1	 5	 5	 2	 31.227482	 6.419796
1	 5	 5	 3	 23.056062	 8.399905
1	 5	 5	 4	 28.783104	 7.143835
1	 5	 5	 5	 30.539602	 7.538198
1	 5	 5	 6	 31.288945	 7.882080
1	 5	 6	 1	 23.087451	 11.335016
1	 5	 6	 2	 29.897800	 0.624763
1	 5	 6	 3	 29.693679	 13.344948
1	 5	 6	 4	 29.764767	 21.814530
1	 5	 6	 5	 28.751197	 14.083280
1	 5	 6	 6	 20.612421	 34.611063
1	 5	 7	 1	 44.721700	 52.194600
1	 5	 7	 2	 19.441142	 11.124369
1	 5	 7	 3	 16.304117	 37.959223
1	 5	 7	 4	 43.293549	 24.043924
1	 5	 7	 5	 14.452761	 19.491591
1	 5	 7	 6	 46.878300	 13.204500
1	 6	 1	 1	 24.902971	 5.769801
1	 6	 1	 2	 20.630221	 4.473048
1	 6	 1	 3	 22.738306	 3.861202
1	 6	 1	 4	 15.753942	 4.180640
1	 6	 1	 5	 20.122069	 7.836834
1	 6	 1	 6	 6.960288	 7.362980
1	 6	 2	 1	 21.960790	 5.173983
1	 6	 2	 2	 22.952027	 4.936621
1	 6	 2	 3	 20.767298	 4.090585
1	 6	 2	 4	 24.732500	 0.012207
1	 6	 2	 5	 25.453400	 0.022217
1	 6	 2	 6	 20.760861	 5.416084
1	 6	 3	 1	 14.191978	 4.529276
1	 6	 3	 2	 26.689300	 0.036581
1	 6	 3	 3	 26.624500	 0.041609
1	 6	 3	 4	 24.860032	 4.281088
1	 6	 3	 5	 21.096419	 5.109010
1	 6	 3	 6	 19.982010	 3.761440
1	 6	 4	 1	 24.543552	 4.278197
1	 6	 4	 2	 20.890631	 4.993178
1	 6	 4	 3	 23.449343	 4.536341
1	 6	 4	 4	 23.837860	 4.534964
1	 6	 4	 5	 25.211458	 7.255563
1	 6	 4	 6	 24.205212	 5.332090
1	 6	 5	 1	 27.307146	 7.341887
1	 6	 5	 2	 31.459200	 0.166351
1	 6	 5	 3	 23.684894	 8.760791
1	 6	 5	 4	 19.664480	 9.647661
1	 6	 5	 5	 31.104500	 0.198071
1	 6	 5	 6	 17.188339	 10.998765
1	 6	 6	 1	 20.819845	 10.927930
1	 6	 6	 2	 31.236311	 9.475077
1	 6	 6	 3	 20.045651	 8.204362
1	 6	 6	 4	 22.177500	 0.566717
1	 6	 6	 5	 22.643131	 17.638423
1	 6	 6	 6	 33.241027	 12.974097
1	 6	 7	 1	 27.688237	 18.540273
1	 6	 7	 2	 31.098400	 5.225000
1	 6	 7	 3	 39.616100	 17.593800
1	 6	 7	 4	 12.619681	 22.027309
1	 6	 7	 5	 13.232426	 21.934773
1	 6	 7	 6	 31.098400	 5.225000
2	 1	 1	 1	 12.459438	 3.515848
2	 1	 1	 2	 13.219753	 3.734149
2	 1	 1	 3	 13.095282	 3.247100
2	 1	 1	 4	 10.608891	 2.179035
2	 1	 1	 5	 11.268468	 4.175685
2	 1	 1	 6	 10.304613	 2.357362
2	 1	 2	 1	 10.044651	 1.902610
2	 1	 2	 2	 13.582166	 1.935590
2	 1	 2	 3	 11.662220	 1.828928
2	 1	 2	 4	 13.560228	 2.321616
2	 1	 2	 5	 14.669361	 2.265591
2	 1	 2	 6	 17.253102	 3.828339
2	 1	 3	 1	 10.054273	 3.071398
2	 1	 3	 2	 13.897958	 3.268536
2	 1	 3	 3	 11.366596	 2.033537
2	 1	 3	 4	 13.386802	 3.404921
2	 1	 3	 5	 12.731570	 1.858141
2	 1	 3	 6	 12.067976	 2.010324
2	 1	 4	 1	 12.456637	 2.513201
2	 1	 4	 2	 9.176544	 2.421499
2	 1	 4	 3	 12.363443	 2.893700
2	 1	 4	 4	 12.469808	 2.668482
2	 1	 4	 5	 10.758966	 2.348186
2	 1	 4	 6	 11.255474	 3.454066
2	 1	 5	 1	 12.956098	 2.765682
2	 1	 5	 2	 10.292750	 2.886934
2	 1	 5	 3	 12.493639	 3.234639
2	 1	 5	 4	 13.784348	 4.541631
2	 1	 5	 5	 11.035619	 3.103681
2	 1	 5	 6	 9.413333	 6.926348
2	 1	 6	 1	 12.533333	 6.170432
2	 1	 6	 2	 18.123944	 6.318486
2	 1	 6	 3	 16.167700	 1.500780
2	 1	 6	 4	 12.570000	 0.069201
2	 1	 6	 5	 14.101587	 5.249660
2	 1	 6	 6	 17.237283	 7.905292
2	 1	 7	 1	 11.761850	 0.167166
2	 1	 7	 2	 8.278788	 12.955815
2	 1	 7	 3	 -9.528233	 23.430074
2	 1	 7	 4	 13.214800	 0.063647
2	 1	 7	 5	 13.006900	 0.222250
2	 1	 7	 6	 16.767000	 0.193318
2	 2	 1	 1	 14.882963	 6.623999
2	 2	 1	 2	 16.353398	 3.024059
2	 2	 1	 3	 16.043753	 2.816686
2	 2	 1	 4	 15.426616	 2.874110
2	 2	 1	 5	 16.111271	 2.622409
2	 2	 1	 6	 15.664083	 2.836566
2	 2	 2	 1	 17.303562	 2.598140
2	 2	 2	 2	 18.418825	 2.386680
2	 2	 2	 3	 18.072422	 3.414680
2	 2	 2	 4	 17.959782	 3.499049
2	 2	 2	 5	 14.476634	 3.161505
2	 2	 2	 6	 12.315938	 2.563903
2	 2	 3	 1	 11.300166	 3.621558
2	 2	 3	 2	 15.798752	 2.684541
2	 2	 3	 3	 10.747048	 2.044953
2	 2	 3	 4	 10.882257	 2.010544
2	 2	 3	 5	 9.649599	 2.255836
2	 2	 3	 6	 12.208467	 1.880047
2	 2	 4	 1	 14.604094	 2.437691
2	 2	 4	 2	 14.765432	 2.590961
2	 2	 4	 3	 15.361404	 3.366904
2	 2	 4	 4	 15.318134	 3.509546
2	 2	 4	 5	 16.695482	 2.487091
2	 2	 4	 6	 16.083034	 2.682558
2	 2	 5	 1	 8.329555	 2.185119
2	 2	 5	 2	 13.477000	 0.037303
2	 2	 5	 3	 12.826667	 3.199245
2	 2	 5	 4	 10.800000	 6.368519
2	 2	 5	 5	 10.606439	 3.562597
2	 2	 5	 6	 13.474286	 5.977791
2	 2	 6	 1	 15.680500	 0.054326
2	 2	 6	 2	 15.260591	 4.446166
2	 2	 6	 3	 13.340294	 5.184511
2	 2	 6	 4	 8.488889	 8.173488
2	 2	 6	 5	 15.895500	 0.083733
2	 2	 6	 6	 11.855072	 11.419320
2	 2	 7	 1	 10.800000	 8.947156
2	 2	 7	 2	 -27.632125	 14.832313
2	 2	 7	 3	 18.084800	 0.313706
2	 2	 7	 4	 15.340410	 11.319954
2	 2	 7	 5	 15.643400	 0.257461
2	 2	 7	 6	 15.918600	 0.249777
2	 3	 1	 1	 30.367500	 2.363320
2	 3	 1	 2	 24.270100	 0.082556
2	 3	 1	 3	 23.417900	 0.045471
2	 3	 1	 4	 16.043357	 2.631110
2	 3	 1	 5	 17.411800	 0.029133
2	 3	 1	 6	 17.352900	 0.028629
2	 3	 2	 1	 18.835200	 0.024457
2	 3	 2	 2	 18.567300	 0.024969
2	 3	 2	 3	 18.006100	 0.026830
2	 3	 2	 4	 18.631400	 0.025870
2	 3	 2	 5	 16.204847	 3.995320
2	 3	 2	 6	 15.501818	 3.936351
2	 3	 3	 1	 15.071111	 4.100002
2	 3	 3	 2	 14.758730	 3.993685
2	 3	 3	 3	 15.485048	 3.822191
2	 3	 3	 4	 7.946093	 6.938631
2	 3	 3	 5	 15.234712	 3.382288
2	 3	 3	 6	 17.939700	 0.043994
2	 3	 4	 1	 17.213793	 3.705714
2	 3	 4	 2	 16.179191	 4.601859
2	 3	 4	 3	 18.673800	 0.048665
2	 3	 4	 4	 11.434641	 4.215125
2	 3	 4	 5	 14.504198	 5.227479
2	 3	 4	 6	 16.518248	 5.202691
2	 3	 5	 1	 16.117459	 6.044373
2	 3	 5	 2	 13.816433	 6.441525
2	 3	 5	 3	 17.299685	 5.860999
2	 3	 5	 4	 13.354215	 5.932571
2	 3	 5	 5	 19.227127	 5.409108
2	 3	 5	 6	 16.745036	 6.099898
2	 3	 6	 1	 17.245087	 6.546312
2	 3	 6	 2	 13.501565	 16.061543
2	 3	 6	 3	 17.150568	 11.877581
2	 3	 6	 4	 19.592422	 11.679524
2	 3	 6	 5	 15.321568	 9.792913
2	 3	 6	 6	 19.527874	 15.749497
2	 3	 7	 1	 -22.876574	 85.631093
2	 3	 7	 2	 20.280800	 0.214053
2	 3	 7	 3	 15.478500	 0.798274
2	 3	 7	 4	 1.293470	 32.166541
2	 3	 7	 5	 20.921800	 9.533030
2	 3	 7	 6	 19.352600	 2.710580
2	 4	 1	 1	 34.784500	 6.497670
2	 4	 1	 2	 19.971100	 0.162418
2	 4	 1	 3	 19.404400	 0.062235
2	 4	 1	 4	 21.043700	 0.058303
2	 4	 1	 5	 20.151589	 3.989083
2	 4	 1	 6	 19.693600	 0.030044
2	 4	 2	 1	 18.068400	 0.029193
2	 4	 2	 2	 15.256433	 4.594162
2	 4	 2	 3	 18.553120	 3.976475
2	 4	 2	 4	 16.974150	 4.260184
2	 4	 2	 5	 19.354300	 0.030119
2	 4	 2	 6	 19.679900	 0.036485
2	 4	 3	 1	 15.851641	 4.070045
2	 4	 3	 2	 13.534685	 4.567064
2	 4	 3	 3	 19.446500	 0.036144
2	 4	 3	 4	 18.411300	 0.038900
2	 4	 3	 5	 14.696994	 4.712332
2	 4	 3	 6	 15.623964	 4.525740
2	 4	 4	 1	 14.382556	 4.833926
2	 4	 4	 2	 11.971121	 2.644462
2	 4	 4	 3	 13.467124	 5.286807
2	 4	 4	 4	 10.414856	 6.148755
2	 4	 4	 5	 18.945400	 0.058792
2	 4	 4	 6	 9.195744	 6.652007
2	 4	 5	 1	 8.404605	 5.487725
2	 4	 5	 2	 7.586426	 6.159855
2	 4	 5	 3	 6.880624	 5.390642
2	 4	 5	 4	 11.019025	 4.554033
2	 4	 5	 5	 16.110734	 8.159165
2	 4	 5	 6	 15.923814	 8.748025
2	 4	 6	 1	 18.351799	 9.554630
2	 4	 6	 2	 10.363961	 9.950042
2	 4	 6	 3	 20.769897	 10.675200
2	 4	 6	 4	 24.846000	 2.101000
2	 4	 6	 5	 14.038295	 11.532678
2	 4	 6	 6	 18.575813	 10.127926
2	 4	 7	 1	 24.895000	 2.804000
2	 4	 7	 2	 7.057364	 22.513163
2	 4	 7	 3	 11.899417	 34.153806
2	 4	 7	 4	 14.647400	 1.266970
2	 4	 7	 5	 15.990100	 1.997930
2	 4	 7	 6	 26.817000	 21.482100
2	 5	 1	 1	 17.835700	 1.543640
2	 5	 1	 2	 30.881400	 0.023863
2	 5	 1	 3	 30.156000	 0.051452
2	 5	 1	 4	 29.482800	 0.042090
2	 5	 1	 5	 32.007500	 0.010591
2	 5	 1	 6	 16.538512	 8.573979
2	 5	 2	 1	 30.932800	 0.008872
2	 5	 2	 2	 32.017700	 0.008067
2	 5	 2	 3	 32.055300	 0.009328
2	 5	 2	 4	 24.639330	 7.163998
2	 5	 2	 5	 34.121900	 0.031651
2	 5	 2	 6	 28.377424	 6.238563
2	 5	 3	 1	 30.922332	 5.530469
2	 5	 3	 2	 31.636945	 4.974104
2	 5	 3	 3	 34.869900	 0.041395
2	 5	 3	 4	 33.666600	 0.043544
2	 5	 3	 5	 31.516044	 5.466036
2	 5	 3	 6	 34.037861	 4.766270
2	 5	 4	 1	 34.231239	 4.637661
2	 5	 4	 2	 27.006542	 6.092257
2	 5	 4	 3	 32.129300	 0.070524
2	 5	 4	 4	 30.420500	 0.088530
2	 5	 4	 5	 30.336199	 6.299422
2	 5	 4	 6	 31.256141	 5.962022
2	 5	 5	 1	 31.418500	 0.117673
2	 5	 5	 2	 27.781971	 8.442655
2	 5	 5	 3	 30.161800	 0.194959
2	 5	 5	 4	 25.936512	 6.450220
2	 5	 5	 5	 23.862136	 7.495069
2	 5	 5	 6	 29.750180	 8.913604
2	 5	 6	 1	 28.258109	 10.531315
2	 5	 6	 2	 20.989088	 8.026208
2	 5	 6	 3	 30.899212	 12.197522
2	 5	 6	 4	 25.069042	 9.672979
2	 5	 6	 5	 30.846476	 19.049395
2	 5	 6	 6	 32.417596	 11.792317
2	 5	 7	 1	 33.619700	 4.388000
2	 5	 7	 2	 17.511600	 1.639410
2	 5	 7	 3	 18.635800	 3.114220
2	 5	 7	 4	 19.868900	 2.673060
2	 5	 7	 5	 11.153109	 20.655025
2	 5	 7	 6	 33.619700	 4.388000
2	 6	 1	 1	 23.006870	 6.701274
2	 6	 1	 2	 26.871600	 0.069831
2	 6	 1	 3	 21.677931	 5.382482
2	 6	 1	 4	 20.504198	 5.575859
2	 6	 1	 5	 24.370933	 4.700656
2	 6	 1	 6	 25.718100	 0.033370
2	 6	 2	 1	 22.603717	 5.024668
2	 6	 2	 2	 26.260200	 0.028717
2	 6	 2	 3	 27.481400	 0.030220
2	 6	 2	 4	 11.692015	 11.218788
2	 6	 2	 5	 22.156967	 4.054985
2	 6	 2	 6	 30.277219	 9.095728
2	 6	 3	 1	 28.847200	 0.037445
2	 6	 3	 2	 24.528550	 5.376008
2	 6	 3	 3	 26.841244	 6.458433
2	 6	 3	 4	 27.752700	 0.045196
2	 6	 3	 5	 28.014500	 0.048575
2	 6	 3	 6	 17.707916	 8.445553
2	 6	 4	 1	 28.791500	 0.064625
2	 6	 4	 2	 25.629428	 4.232162
2	 6	 4	 3	 26.013722	 4.047155
2	 6	 4	 4	 19.651506	 8.216785
2	 6	 4	 5	 28.145200	 0.094492
2	 6	 4	 6	 24.445500	 5.413620
2	 6	 5	 1	 22.629804	 5.460466
2	 6	 5	 2	 19.252627	 6.353910
2	 6	 5	 3	 20.846559	 6.927630
2	 6	 5	 4	 23.461413	 5.807138
2	 6	 5	 5	 26.290546	 4.990241
2	 6	 5	 6	 21.739550	 5.420885
2	 6	 6	 1	 17.029018	 12.252455
2	 6	 6	 2	 30.758772	 9.030034
2	 6	 6	 3	 32.663885	 10.622092
2	 6	 6	 4	 20.831633	 9.141596
2	 6	 6	 5	 16.089000	 0.601690
2	 6	 6	 6	 21.886367	 11.780142
2	 6	 7	 1	 10.704314	 12.260040
2	 6	 7	 2	 6.461554	 13.423442
2	 6	 7	 3	 33.549541	 18.002650
2	 6	 7	 4	 23.360800	 1.712620
2	 6	 7	 5	 33.204522	 17.841029
2	 6	 7	 6	 14.935349	 23.372630
3	 1	 1	 1	 37.816092	 11.077879
3	 1	 1	 2	 41.126287	 5.727838
3	 1	 1	 3	 41.010700	 0.016929
3	 1	 1	 4	 40.736638	 4.951737
3	 1	 1	 5	 37.577036	 6.088721
3	 1	 1	 6	 39.672121	 5.176682
3	 1	 2	 1	 41.434176	 4.366305
3	 1	 2	 2	 41.766373	 6.324590
3	 1	 2	 3	 39.622653	 5.668907
3	 1	 2	 4	 43.643986	 5.992217
3	 1	 2	 5	 41.836704	 4.713200
3	 1	 2	 6	 39.833449	 6.155258
3	 1	 3	 1	 39.557047	 5.688979
3	 1	 3	 2	 40.297439	 5.968431
3	 1	 3	 3	 37.762963	 7.371401
3	 1	 3	 4	 38.710279	 7.158023
3	 1	 3	 5	 39.757313	 6.478915
3	 1	 3	 6	 40.064444	 6.205890
3	 1	 4	 1	 43.547000	 0.021331
3	 1	 4	 2	 42.972300	 0.022265
3	 1	 4	 3	 37.707937	 6.001578
3	 1	 4	 4	 41.580200	 0.024004
3	 1	 4	 5	 41.029571	 7.012868
3	 1	 4	 6	 39.719213	 6.174067
3	 1	 5	 1	 37.142940	 5.187692
3	 1	 5	 2	 37.933968	 4.961001
3	 1	 5	 3	 37.059318	 10.138639
3	 1	 5	 4	 39.907508	 9.383703
3	 1	 5	 5	 40.200000	 9.256406
3	 1	 5	 6	 38.807017	 12.270591
3	 1	 6	 1	 41.470800	 0.035104
3	 1	 6	 2	 39.667879	 14.057979
3	 1	 6	 3	 39.484967	 15.151212
3	 1	 6	 4	 40.222222	 19.860296
3	 1	 6	 5	 37.816092	 19.988230
3	 1	 6	 6	 40.833003	 14.098090
3	 1	 7	 1	 41.095652	 25.572364
3	 1	 7	 2	 34.827313	 17.465492
3	 1	 7	 3	 47.117460	 26.021032
3	 1	 7	 4	 37.994780	 25.172438
3	 1	 7	 5	 43.621000	 0.161231
3	 1	 7	 6	 -38.738087	 25.819605
3	 2	 1	 1	 42.507804	 11.740410
3	 2	 1	 2	 46.727273	 7.411339
3	 2	 1	 3	 43.930159	 6.132819
3	 2	 1	 4	 42.668810	 6.223944
3	 2	 1	 5	 41.808737	 6.706019
3	 2	 1	 6	 44.346336	 3.917183
3	 2	 2	 1	 44.317771	 5.253759
3	 2	 2	 2	 44.850370	 7.615399
3	 2	 2	 3	 42.738272	 6.689858
3	 2	 2	 4	 44.100326	 5.835290
3	 2	 2	 5	 43.824399	 6.352540
3	 2	 2	 6	 44.720300	 0.019611
3	 2	 3	 1	 43.454545	 6.133255
3	 2	 3	 2	 43.961808	 4.518168
3	 2	 3	 3	 41.028227	 4.437965
3	 2	 3	 4	 42.343052	 7.929463
3	 2	 3	 5	 42.425157	 7.885602
3	 2	 3	 6	 43.879000	 0.025228
3	 2	 4	 1	 41.222989	 6.098816
3	 2	 4	 2	 43.185200	 0.025797
3	 2	 4	 3	 38.837631	 8.069306
3	 2	 4	 4	 40.535373	 5.742669
3	 2	 4	 5	 38.252252	 8.606384
3	 2	 4	 6	 40.888051	 7.431818
3	 2	 5	 1	 40.084389	 6.218799
3	 2	 5	 2	 40.172121	 11.639713
3	 2	 5	 3	 39.431174	 8.653600
3	 2	 5	 4	 42.844058	 10.506089
3	 2	 5	 5	 41.212600	 0.038728
3	 2	 5	 6	 43.750162	 10.145277
3	 2	 6	 1	 40.337900	 11.342485
3	 2	 6	 2	 43.990337	 8.355969
3	 2	 6	 3	 39.233179	 11.204854
3	 2	 6	 4	 41.984000	 0.752093
3	 2	 6	 5	 39.479280	 12.121397
3	 2	 6	 6	 40.517681	 15.392453
3	 2	 7	 1	 37.241711	 15.497817
3	 2	 7	 2	 44.664500	 0.164161
3	 2	 7	 3	 40.666667	 40.288399
3	 2	 7	 4	 44.913500	 0.155239
3	 2	 7	 5	 43.109900	 0.261522
3	 2	 7	 6	 44.654500	 0.243205
3	 3	 1	 1	 45.795409	 33.764736
3	 3	 1	 2	 41.560268	 11.383226
3	 3	 1	 3	 37.972199	 10.900180
3	 3	 1	 4	 42.245215	 6.958388
3	 3	 1	 5	 43.125652	 6.319351
3	 3	 1	 6	 44.163700	 0.030400
3	 3	 2	 1	 45.723600	 0.028143
3	 3	 2	 2	 46.873684	 6.621837
3	 3	 2	 3	 44.739119	 7.821563
3	 3	 2	 4	 44.680976	 7.827865
3	 3	 2	 5	 43.519864	 8.397930
3	 3	 2	 6	 43.996054	 6.063635
3	 3	 3	 1	 45.553005	 7.126736
3	 3	 3	 2	 43.623617	 8.149152
3	 3	 3	 3	 36.263063	 11.857532
3	 3	 3	 4	 42.529153	 6.471235
3	 3	 3	 5	 43.923950	 6.202827
3	 3	 3	 6	 40.179364	 7.310809
3	 3	 4	 1	 40.531294	 7.177988
3	 3	 4	 2	 44.524638	 6.619977
3	 3	 4	 3	 42.965407	 7.807212
3	 3	 4	 4	 37.876819	 10.917195
3	 3	 4	 5	 36.048335	 7.435009
3	 3	 4	 6	 38.225088	 7.221576
3	 3	 5	 1	 41.320672	 8.864687
3	 3	 5	 2	 39.382341	 7.688734
3	 3	 5	 3	 41.989239	 14.666998
3	 3	 5	 4	 34.278875	 14.051426
3	 3	 5	 5	 47.009836	 12.438144
3	 3	 5	 6	 46.186429	 15.223081
3	 3	 6	 1	 44.306100	 0.113426
3	 3	 6	 2	 42.894100	 0.134270
3	 3	 6	 3	 39.886300	 0.359420
3	 3	 6	 4	 42.286800	 0.084506
3	 3	 6	 5	 43.115300	 0.120021
3	 3	 6	 6	 28.705484	 49.607814
3	 3	 7	 1	 40.574971	 49.459011
3	 3	 7	 2	 42.407700	 0.512733
3	 3	 7	 3	 22.290379	 121.566925
3	 3	 7	 4	 40.610300	 1.415060
3	 3	 7	 5	 40.479900	 1.746690
3	 3	 7	 6	 43.702700	 18.623600
3	 4	 1	 1	 54.088200	 5.662000
3	 4	 1	 2	 42.544400	 0.137028
3	 4	 1	 3	 40.278478	 7.771150
3	 4	 1	 4	 43.524500	 0.038008
3	 4	 1	 5	 39.705375	 9.268910
3	 4	 1	 6	 42.241414	 7.886854
3	 4	 2	 1	 42.506500	 0.028098
3	 4	 2	 2	 42.872813	 7.333060
3	 4	 2	 3	 43.423569	 7.206873
3	 4	 2	 4	 45.717070	 7.057123
3	 4	 2	 5	 45.592240	 6.652444
3	 4	 2	 6	 41.735834	 5.772809
3	 4	 3	 1	 39.482112	 8.523394
3	 4	 3	 2	 42.478067	 5.686441
3	 4	 3	 3	 41.384437	 5.951988
3	 4	 3	 4	 33.350303	 10.529119
3	 4	 3	 5	 45.335723	 6.613500
3	 4	 3	 6	 43.690100	 0.042488
3	 4	 4	 1	 50.009100	 0.050191
3	 4	 4	 2	 42.386835	 6.283647
3	 4	 4	 3	 41.866908	 12.360763
3	 4	 4	 4	 38.267693	 8.452142
3	 4	 4	 5	 37.763710	 16.076885
3	 4	 4	 6	 44.484211	 9.362578
3	 4	 5	 1	 43.374655	 10.950605
3	 4	 5	 2	 46.486681	 12.737414
3	 4	 5	 3	 44.405406	 7.807167
3	 4	 5	 4	 43.590154	 9.242175
3	 4	 5	 5	 40.964190	 15.148345
3	 4	 5	 6	 44.787934	 14.730169
3	 4	 6	 1	 49.552857	 14.722133
3	 4	 6	 2	 60.650154	 23.445658
3	 4	 6	 3	 49.957190	 14.513916
3	 4	 6	 4	 36.254134	 18.868689
3	 4	 6	 5	 43.920705	 21.638176
3	 4	 6	 6	 40.608594	 23.939963
3	 4	 7	 1	 46.712200	 0.544026
3	 4	 7	 2	 47.896400	 0.670948
3	 4	 7	 3	 40.666100	 0.987559
3	 4	 7	 4	 41.594500	 1.363280
3	 4	 7	 5	 42.327600	 1.866040
3	 4	 7	 6	 47.095200	 2.295420
3	 5	 1	 1	 53.707000	 7.210680
3	 5	 1	 2	 73.519719	 11.031023
3	 5	 1	 3	 73.858900	 0.033158
3	 5	 1	 4	 70.284016	 12.113163
3	 5	 1	 5	 73.953100	 0.039983
3	 5	 1	 6	 68.704326	 12.864120
3	 5	 2	 1	 65.361282	 14.076733
3	 5	 2	 2	 72.996428	 10.421226
3	 5	 2	 3	 70.433245	 12.841433
3	 5	 2	 4	 73.886300	 0.015577
3	 5	 2	 5	 69.530676	 8.684405
3	 5	 2	 6	 72.469063	 7.806739
3	 5	 3	 1	 73.356679	 9.975904
3	 5	 3	 2	 67.830553	 9.149680
3	 5	 3	 3	 73.526700	 0.039707
3	 5	 3	 4	 70.612178	 11.061722
3	 5	 3	 5	 75.650171	 9.003962
3	 5	 3	 6	 75.779200	 0.060803
3	 5	 4	 1	 70.181789	 11.416584
3	 5	 4	 2	 73.194885	 9.867564
3	 5	 4	 3	 67.819419	 13.062616
3	 5	 4	 4	 67.680741	 12.917519
3	 5	 4	 5	 71.014358	 12.630751
3	 5	 4	 6	 68.968088	 9.891342
3	 5	 5	 1	 57.703412	 14.675943
3	 5	 5	 2	 62.475582	 12.507808
3	 5	 5	 3	 66.983648	 9.878170
3	 5	 5	 4	 49.037531	 9.985889
3	 5	 5	 5	 58.321357	 14.895527
3	 5	 5	 6	 60.099437	 16.647448
3	 5	 6	 1	 57.141925	 15.829291
3	 5	 6	 2	 61.454130	 22.187816
3	 5	 6	 3	 66.063431	 21.254062
3	 5	 6	 4	 56.347800	 0.266287
3	 5	 6	 5	 65.205630	 25.108197
3	 5	 6	 6	 63.803859	 22.963233
3	 5	 7	 1	 49.363291	 31.154142
3	 5	 7	 2	 47.078249	 63.512436
3	 5	 7	 3	 60.222857	 56.779132
3	 5	 7	 4	 51.292000	 2.537120
3	 5	 7	 5	 53.020307	 51.313182
3	 5	 7	 6	 32.191710	 91.657080
3	 6	 1	 1	 58.974356	 21.881838
3	 6	 1	 2	 69.400044	 14.672909
3	 6	 1	 3	 61.881669	 13.530577
3	 6	 1	 4	 63.834062	 12.882479
3	 6	 1	 5	 71.023300	 0.057863
3	 6	 1	 6	 66.598927	 11.073349
3	 6	 2	 1	 70.442700	 0.037508
3	 6	 2	 2	 55.405660	 19.237254
3	 6	 2	 3	 58.584268	 19.013597
3	 6	 2	 4	 58.553059	 13.515502
3	 6	 2	 5	 64.424964	 11.401270
3	 6	 2	 6	 64.764517	 10.597887
3	 6	 3	 1	 62.797417	 15.414387
3	 6	 3	 2	 54.327148	 18.759727
3	 6	 3	 3	 54.384436	 12.777990
3	 6	 3	 4	 49.110413	 20.361302
3	 6	 3	 5	 62.924193	 15.226981
3	 6	 3	 6	 62.969721	 15.092369
3	 6	 4	 1	 63.550691	 15.414468
3	 6	 4	 2	 63.927087	 14.461547
3	 6	 4	 3	 62.264924	 10.696963
3	 6	 4	 4	 63.743829	 14.769335
3	 6	 4	 5	 64.556712	 15.704309
3	 6	 4	 6	 48.954057	 23.845481
3	 6	 5	 1	 55.174553	 14.993989
3	 6	 5	 2	 55.545395	 11.153145
3	 6	 5	 3	 51.532320	 13.768715
3	 6	 5	 4	 56.275378	 9.023025
3	 6	 5	 5	 52.086331	 18.286810
3	 6	 5	 6	 55.009963	 9.620571
3	 6	 6	 1	 58.753272	 18.582123
3	 6	 6	 2	 43.291249	 21.447512
3	 6	 6	 3	 57.243481	 13.534267
3	 6	 6	 4	 54.805540	 22.381418
3	 6	 6	 5	 51.437077	 23.215167
3	 6	 6	 6	 65.302367	 25.654606
3	 6	 7	 1	 47.743960	 20.154176
3	 6	 7	 2	 -48.903580	 191.841830
3	 6	 7	 3	 46.403004	 26.410117
3	 6	 7	 4	 36.865360	 33.840751
3	 6	 7	 5	 50.189448	 39.887221
3	 6	 7	 6	 60.998700	 10.619000
4	 1	 1	 1	 7.999117	 1.675384
4	 1	 1	 2	 8.018100	 0.019535
4	 1	 1	 3	 7.138890	 1.095232
4	 1	 1	 4	 5.319362	 1.197951
4	 1	 1	 5	 5.412383	 1.259616
4	 1	 1	 6	 6.789542	 1.034035
4	 1	 2	 1	 6.179078	 1.168447
4	 1	 2	 2	 7.285360	 0.017036
4	 1	 2	 3	 6.113580	 1.184298
4	 1	 2	 4	 6.378973	 1.218407
4	 1	 2	 5	 6.019172	 1.294522
4	 1	 2	 6	 8.416850	 0.017104
4	 1	 3	 1	 4.783277	 1.381832
4	 1	 3	 2	 6.749906	 1.227918
4	 1	 3	 3	 4.056993	 1.501797
4	 1	 3	 4	 5.890998	 1.376966
4	 1	 3	 5	 6.211765	 1.343285
4	 1	 3	 6	 4.696386	 1.203456
4	 1	 4	 1	 8.264670	 0.023782
4	 1	 4	 2	 8.390433	 2.004616
4	 1	 4	 3	 -1.316825	 3.949484
4	 1	 4	 4	 4.600367	 1.435175
4	 1	 4	 5	 6.157210	 1.206393
4	 1	 4	 6	 6.414352	 2.853851
4	 1	 5	 1	 7.995390	 0.028049
4	 1	 5	 2	 4.158255	 3.333307
4	 1	 5	 3	 2.153257	 3.984376
4	 1	 5	 4	 5.407407	 3.575895
4	 1	 5	 5	 4.167642	 2.076272
4	 1	 5	 6	 8.381783	 2.451890
4	 1	 6	 1	 7.298316	 2.181689
4	 1	 6	 2	 5.006245	 2.373493
4	 1	 6	 3	 7.094830	 0.045877
4	 1	 6	 4	 8.118239	 4.344942
4	 1	 6	 5	 5.646847	 5.639706
4	 1	 6	 6	 6.052621	 5.165580
4	 1	 7	 1	 6.085333	 4.545642
4	 1	 7	 2	 10.414815	 5.078634
4	 1	 7	 3	 5.124613	 4.880573
4	 1	 7	 4	 8.179950	 0.147717
4	 1	 7	 5	 7.753850	 0.135373
4	 1	 7	 6	 7.869340	 0.238131
4	 2	 1	 1	 27.462366	 21.708196
4	 2	 1	 2	 33.829816	 5.670892
4	 2	 1	 3	 31.657300	 5.821896
4	 2	 1	 4	 34.037004	 4.396310
4	 2	 1	 5	 34.184615	 4.154129
4	 2	 1	 6	 34.056499	 3.169208
4	 2	 2	 1	 32.535636	 4.873429
4	 2	 2	 2	 45.536322	 9.593978
4	 2	 2	 3	 32.446102	 5.077665
4	 2	 2	 4	 34.326200	 0.018383
4	 2	 2	 5	 33.574074	 4.627031
4	 2	 2	 6	 32.691504	 4.065119
4	 2	 3	 1	 31.361946	 5.752860
4	 2	 3	 2	 31.541491	 5.706335
4	 2	 3	 3	 30.013057	 3.434398
4	 2	 3	 4	 29.329547	 3.594848
4	 2	 3	 5	 33.355651	 5.423597
4	 2	 3	 6	 31.530633	 6.178363
4	 2	 4	 1	 34.246750	 4.912111
4	 2	 4	 2	 34.097700	 0.026455
4	 2	 4	 3	 30.876448	 7.378894
4	 2	 4	 4	 32.657627	 6.331621
4	 2	 4	 5	 33.699809	 5.906755
4	 2	 4	 6	 31.478586	 5.667274
4	 2	 5	 1	 34.863300	 0.032116
4	 2	 5	 2	 32.440663	 5.696807
4	 2	 5	 3	 31.608098	 8.020567
4	 2	 5	 4	 32.604800	 0.039473
4	 2	 5	 5	 29.551314	 5.793170
4	 2	 5	 6	 30.879654	 10.375046
4	 2	 6	 1	 33.353100	 0.056125
4	 2	 6	 2	 34.767079	 8.094246
4	 2	 6	 3	 29.693748	 10.578987
4	 2	 6	 4	 31.911800	 0.080263
4	 2	 6	 5	 28.136687	 8.971465
4	 2	 6	 6	 32.392381	 15.277901
4	 2	 7	 1	 28.725550	 13.077333
4	 2	 7	 2	 35.438764	 13.869158
4	 2	 7	 3	 29.783200	 0.103276
4	 2	 7	 4	 51.267200	 0.182859
4	 2	 7	 5	 28.212443	 18.597170
4	 2	 7	 6	 21.800605	 43.380203
4	 3	 1	 1	 18.184000	 2.016820
4	 3	 1	 2	 16.442200	 0.076953
4	 3	 1	 3	 16.310800	 0.038579
4	 3	 1	 4	 17.135000	 0.033759
4	 3	 1	 5	 16.684100	 0.039058
4	 3	 1	 6	 16.579800	 0.033707
4	 3	 2	 1	 11.015816	 3.115940
4	 3	 2	 2	 8.403922	 3.487270
4	 3	 2	 3	 12.137864	 3.179309
4	 3	 2	 4	 14.320784	 2.595266
4	 3	 2	 5	 15.454032	 2.664034
4	 3	 2	 6	 11.564718	 2.603618
4	 3	 3	 1	 12.547107	 2.883520
4	 3	 3	 2	 10.233486	 3.117221
4	 3	 3	 3	 12.768067	 2.799871
4	 3	 3	 4	 12.703835	 2.920324
4	 3	 3	 5	 9.477976	 2.708422
4	 3	 3	 6	 12.086792	 3.133691
4	 3	 4	 1	 10.271563	 3.613698
4	 3	 4	 2	 9.913410	 2.860388
4	 3	 4	 3	 15.513200	 0.047128
4	 3	 4	 4	 11.025275	 2.746475
4	 3	 4	 5	 15.019048	 3.112941
4	 3	 4	 6	 14.103448	 3.455447
4	 3	 5	 1	 11.240086	 4.246393
4	 3	 5	 2	 8.856839	 5.291941
4	 3	 5	 3	 11.786030	 4.814907
4	 3	 5	 4	 9.873201	 6.071962
4	 3	 5	 5	 14.960000	 0.093587
4	 3	 5	 6	 12.175510	 6.266334
4	 3	 6	 1	 17.725400	 0.046742
4	 3	 6	 2	 9.946817	 10.124419
4	 3	 6	 3	 12.745513	 6.313129
4	 3	 6	 4	 13.959500	 0.301173
4	 3	 6	 5	 11.582252	 8.291246
4	 3	 6	 6	 13.608400	 0.039586
4	 3	 7	 1	 13.438572	 12.046562
4	 3	 7	 2	 14.662895	 9.495148
4	 3	 7	 3	 -80.581226	 88.408635
4	 3	 7	 4	 -148.980420	 552.278590
4	 3	 7	 5	 9.131100	 1.837770
4	 3	 7	 6	 16.543100	 1.859180
4	 4	 1	 1	 15.831900	 5.969970
4	 4	 1	 2	 13.515822	 5.610392
4	 4	 1	 3	 16.258000	 0.054319
4	 4	 1	 4	 15.086800	 0.043296
4	 4	 1	 5	 13.988694	 3.333213
4	 4	 1	 6	 16.266800	 0.032700
4	 4	 2	 1	 14.379009	 3.076889
4	 4	 2	 2	 15.567600	 0.029191
4	 4	 2	 3	 11.412965	 2.529836
4	 4	 2	 4	 13.642092	 3.111920
4	 4	 2	 5	 12.888537	 3.178237
4	 4	 2	 6	 14.167539	 2.785256
4	 4	 3	 1	 14.011076	 2.860689
4	 4	 3	 2	 14.606356	 2.736170
4	 4	 3	 3	 14.891100	 0.039044
4	 4	 3	 4	 14.977500	 0.038499
4	 4	 3	 5	 12.720724	 3.102389
4	 4	 3	 6	 2.244733	 6.648198
4	 4	 4	 1	 11.122011	 2.675504
4	 4	 4	 2	 0.589361	 4.315456
4	 4	 4	 3	 7.701691	 2.717168
4	 4	 4	 4	 11.641067	 3.849264
4	 4	 4	 5	 9.306598	 4.360616
4	 4	 4	 6	 13.415954	 2.786448
4	 4	 5	 1	 2.485655	 8.474919
4	 4	 5	 2	 -0.774528	 10.372015
4	 4	 5	 3	 11.603306	 3.797603
4	 4	 5	 4	 8.486723	 6.421622
4	 4	 5	 5	 8.442325	 10.877593
4	 4	 5	 6	 -4.299704	 9.076339
4	 4	 6	 1	 14.343700	 0.273437
4	 4	 6	 2	 18.260100	 0.166126
4	 4	 6	 3	 11.577369	 6.981762
4	 4	 6	 4	 16.244500	 0.214010
4	 4	 6	 5	 7.466583	 7.762153
4	 4	 6	 6	 12.880300	 0.485188
4	 4	 7	 1	 0.305470	 19.642404
4	 4	 7	 2	 12.735100	 0.831715
4	 4	 7	 3	 10.660740	 1.094060
4	 4	 7	 4	 19.060800	 3.539000
4	 4	 7	 5	 9.903180	 1.744610
4	 4	 7	 6	 8.659490	 4.105340
4	 5	 1	 1	 47.465595	 11.410010
4	 5	 1	 2	 52.955700	 0.181315
4	 5	 1	 3	 53.811700	 0.064645
4	 5	 1	 4	 49.383112	 7.429479
4	 5	 1	 5	 55.196300	 0.010727
4	 5	 1	 6	 53.927400	 0.085670
4	 5	 2	 1	 54.353200	 0.023119
4	 5	 2	 2	 55.125200	 0.020826
4	 5	 2	 3	 54.139300	 0.009891
4	 5	 2	 4	 44.856619	 11.637241
4	 5	 2	 5	 52.690417	 9.406258
4	 5	 2	 6	 56.828800	 0.027293
4	 5	 3	 1	 58.032700	 0.033428
4	 5	 3	 2	 56.599100	 0.035024
4	 5	 3	 3	 57.021883	 7.165248
4	 5	 3	 4	 54.442112	 8.354919
4	 5	 3	 5	 57.353100	 0.049304
4	 5	 3	 6	 51.522171	 9.440976
4	 5	 4	 1	 56.594685	 7.795290
4	 5	 4	 2	 55.435377	 8.153569
4	 5	 4	 3	 56.846913	 7.943732
4	 5	 4	 4	 54.640195	 9.008002
4	 5	 4	 5	 55.501800	 0.096717
4	 5	 4	 6	 50.954955	 11.384420
4	 5	 5	 1	 55.300300	 0.110143
4	 5	 5	 2	 53.691700	 0.117821
4	 5	 5	 3	 44.921191	 15.136510
4	 5	 5	 4	 51.794883	 12.030291
4	 5	 5	 5	 48.712134	 13.994242
4	 5	 5	 6	 50.620900	 0.169101
4	 5	 6	 1	 38.113144	 23.344802
4	 5	 6	 2	 54.892051	 16.454433
4	 5	 6	 3	 47.040100	 0.633388
4	 5	 6	 4	 53.610198	 21.927033
4	 5	 6	 5	 54.009066	 27.044943
4	 5	 6	 6	 40.714777	 41.191542
4	 5	 7	 1	 56.059659	 23.300512
4	 5	 7	 2	 54.710441	 21.787919
4	 5	 7	 3	 40.723300	 0.587365
4	 5	 7	 4	 45.897400	 1.792610
4	 5	 7	 5	 38.785988	 94.740141
4	 5	 7	 6	 50.165582	 33.634252
4	 6	 1	 1	 35.605800	 1.928830
4	 6	 1	 2	 36.269208	 12.854371
4	 6	 1	 3	 42.570806	 10.791897
4	 6	 1	 4	 40.770678	 10.946043
4	 6	 1	 5	 43.171777	 9.241186
4	 6	 1	 6	 45.355181	 8.335939
4	 6	 2	 1	 50.878500	 0.030218
4	 6	 2	 2	 48.338930	 7.952484
4	 6	 2	 3	 50.855200	 0.028416
4	 6	 2	 4	 55.649500	 0.011003
4	 6	 2	 5	 34.583616	 15.409919
4	 6	 2	 6	 52.559900	 0.033886
4	 6	 3	 1	 48.873253	 10.997077
4	 6	 3	 2	 55.752300	 0.036656
4	 6	 3	 3	 56.049600	 0.023995
4	 6	 3	 4	 50.719600	 0.042656
4	 6	 3	 5	 50.853600	 0.048968
4	 6	 3	 6	 45.767020	 7.866012
4	 6	 4	 1	 52.166600	 0.064618
4	 6	 4	 2	 49.648914	 7.199222
4	 6	 4	 3	 44.051073	 11.681077
4	 6	 4	 4	 52.473100	 1.414210
4	 6	 4	 5	 54.435400	 0.016821
4	 6	 4	 6	 46.737087	 6.856620
4	 6	 5	 1	 52.682400	 0.135259
4	 6	 5	 2	 51.273000	 0.136484
4	 6	 5	 3	 41.275375	 7.139023
4	 6	 5	 4	 54.409400	 0.210779
4	 6	 5	 5	 52.932861	 13.032854
4	 6	 5	 6	 45.148801	 9.205714
4	 6	 6	 1	 37.348000	 5.245230
4	 6	 6	 2	 53.674875	 16.040485
4	 6	 6	 3	 52.964800	 19.985532
4	 6	 6	 4	 53.441351	 17.168985
4	 6	 6	 5	 50.972759	 18.845072
4	 6	 6	 6	 51.181689	 19.498846
4	 6	 7	 1	 53.793929	 20.375648
4	 6	 7	 2	 40.753486	 15.995417
4	 6	 7	 3	 49.270296	 22.164923
4	 6	 7	 4	 55.236500	 7.357000
4	 6	 7	 5	 63.545300	 2.141150
4	 6	 7	 6	 32.426664	 46.207387
5	 1	 1	 1	 39.386036	 6.708193
5	 1	 1	 2	 31.276800	 0.022585
5	 1	 1	 3	 26.900741	 5.098958
5	 1	 1	 4	 23.776435	 3.080689
5	 1	 1	 5	 23.597508	 2.766844
5	 1	 1	 6	 24.604919	 2.765865
5	 1	 2	 1	 27.242409	 3.257819
5	 1	 2	 2	 26.226400	 0.004159
5	 1	 2	 3	 26.736446	 3.603844
5	 1	 2	 4	 27.339948	 3.420375
5	 1	 2	 5	 26.889000	 0.024389
5	 1	 2	 6	 24.409877	 4.400153
5	 1	 3	 1	 26.062511	 3.940927
5	 1	 3	 2	 27.076276	 3.783542
5	 1	 3	 3	 27.085774	 3.545010
5	 1	 3	 4	 26.189026	 3.885366
5	 1	 3	 5	 25.062857	 4.422493
5	 1	 3	 6	 26.378601	 4.166995
5	 1	 4	 1	 26.515556	 4.278083
5	 1	 4	 2	 25.247469	 5.159731
5	 1	 4	 3	 24.295900	 5.452890
5	 1	 4	 4	 26.242424	 4.900599
5	 1	 4	 5	 26.663176	 4.688411
5	 1	 4	 6	 26.621277	 4.905060
5	 1	 5	 1	 28.808800	 0.027146
5	 1	 5	 2	 29.094200	 0.031971
5	 1	 5	 3	 25.365826	 6.258589
5	 1	 5	 4	 26.430202	 4.434545
5	 1	 5	 5	 26.533333	 9.897138
5	 1	 5	 6	 30.000748	 5.618320
5	 1	 6	 1	 28.133333	 9.266797
5	 1	 6	 2	 24.397295	 8.840650
5	 1	 6	 3	 30.480000	 8.769626
5	 1	 6	 4	 23.020265	 9.055505
5	 1	 6	 5	 15.925274	 16.951349
5	 1	 6	 6	 32.177778	 8.951381
5	 1	 7	 1	 24.233333	 22.259304
5	 1	 7	 2	 23.693002	 13.426579
5	 1	 7	 3	 24.666667	 20.897327
5	 1	 7	 4	 15.557055	 35.872733
5	 1	 7	 5	 12.630339	 73.057756
5	 1	 7	 6	 15.136663	 26.335998
5	 2	 1	 1	 -11.205797	 10.908455
5	 2	 1	 2	 2.796952	 1.888000
5	 2	 1	 3	 0.937089	 1.827145
5	 2	 1	 4	 0.112520	 1.939195
5	 2	 1	 5	 0.558230	 1.741832
5	 2	 1	 6	 3.452874	 0.783363
5	 2	 2	 1	 2.987065	 0.757844
5	 2	 2	 2	 1.554502	 1.014366
5	 2	 2	 3	 2.172600	 0.921661
5	 2	 2	 4	 3.054990	 0.017041
5	 2	 2	 5	 2.484532	 0.881300
5	 2	 2	 6	 1.749618	 0.997662
5	 2	 3	 1	 1.501760	 1.050591
5	 2	 3	 2	 2.804920	 0.937064
5	 2	 3	 3	 1.885165	 0.017915
5	 2	 3	 4	 1.846719	 1.028385
5	 2	 3	 5	 0.121273	 1.286043
5	 2	 3	 6	 1.690620	 1.066869
5	 2	 4	 1	 2.170851	 1.055457
5	 2	 4	 2	 1.708632	 0.927773
5	 2	 4	 3	 -0.109651	 1.454835
5	 2	 4	 4	 1.089279	 1.258873
5	 2	 4	 5	 2.796898	 0.027901
5	 2	 4	 6	 1.821918	 1.007341
5	 2	 5	 1	 0.480442	 1.268937
5	 2	 5	 2	 3.107692	 1.128291
5	 2	 5	 3	 1.703574	 0.031133
5	 2	 5	 4	 2.592593	 1.406749
5	 2	 5	 5	 1.114777	 1.760711
5	 2	 5	 6	 3.046000	 0.041164
5	 2	 6	 1	 0.907317	 2.032943
5	 2	 6	 2	 0.740984	 2.386621
5	 2	 6	 3	 -8.494718	 4.672607
5	 2	 6	 4	 0.003810	 3.238904
5	 2	 6	 5	 -0.999740	 2.906447
5	 2	 6	 6	 1.114321	 2.486296
5	 2	 7	 1	 -3.279932	 4.861843
5	 2	 7	 2	 -1.350259	 2.368512
5	 2	 7	 3	 1.735977	 3.241927
5	 2	 7	 4	 -1.451287	 2.828942
5	 2	 7	 5	 2.399178	 0.127713
5	 2	 7	 6	 -31.819608	 47.545868
5	 3	 1	 1	 9.077939	 17.827941
5	 3	 1	 2	 10.092336	 7.753756
5	 3	 1	 3	 11.051050	 0.035381
5	 3	 1	 4	 12.237800	 0.029319
5	 3	 1	 5	 12.267000	 0.027811
5	 3	 1	 6	 12.097910	 0.023795
5	 3	 2	 1	 11.614110	 0.024683
5	 3	 2	 2	 12.057010	 0.023415
5	 3	 2	 3	 12.082560	 0.024468
5	 3	 2	 4	 10.030619	 1.736828
5	 3	 2	 5	 11.661110	 0.026256
5	 3	 2	 6	 10.189474	 1.796156
5	 3	 3	 1	 9.604444	 1.891717
5	 3	 3	 2	 6.293924	 3.525796
5	 3	 3	 3	 -2.970163	 5.166176
5	 3	 3	 4	 11.679960	 0.031100
5	 3	 3	 5	 8.097976	 2.079005
5	 3	 3	 6	 12.208010	 0.035145
5	 3	 4	 1	 9.786667	 3.426518
5	 3	 4	 2	 12.400560	 2.919189
5	 3	 4	 3	 9.062016	 3.590701
5	 3	 4	 4	 13.932400	 0.042684
5	 3	 4	 5	 10.658810	 0.038660
5	 3	 4	 6	 11.417850	 0.051052
5	 3	 5	 1	 9.240195	 2.624027
5	 3	 5	 2	 -5.953460	 8.534961
5	 3	 5	 3	 7.589076	 5.446728
5	 3	 5	 4	 11.247730	 0.079667
5	 3	 5	 5	 7.476143	 6.558150
5	 3	 5	 6	 5.450875	 3.160888
5	 3	 6	 1	 11.173107	 5.836401
5	 3	 6	 2	 11.832987	 5.479869
5	 3	 6	 3	 10.655412	 6.992478
5	 3	 6	 4	 0.242029	 10.745561
5	 3	 6	 5	 0.217738	 10.379960
5	 3	 6	 6	 10.964593	 12.466325
5	 3	 7	 1	 10.214400	 0.171780
5	 3	 7	 2	 6.674742	 13.623632
5	 3	 7	 3	 -13.140623	 38.670966
5	 3	 7	 4	 12.910500	 0.288429
5	 3	 7	 5	 14.147900	 1.111480
5	 3	 7	 6	 9.650920	 3.777730
5	 4	 1	 1	 16.818900	 4.590380
5	 4	 1	 2	 15.767500	 0.428280
5	 4	 1	 3	 11.789730	 0.050407
5	 4	 1	 4	 10.402097	 1.920914
5	 4	 1	 5	 13.262800	 0.032662
5	 4	 1	 6	 12.214670	 0.026378
5	 4	 2	 1	 12.447800	 0.027654
5	 4	 2	 2	 12.041320	 0.025229
5	 4	 2	 3	 11.846880	 0.026043
5	 4	 2	 4	 11.416790	 0.025885
5	 4	 2	 5	 8.874486	 3.379724
5	 4	 2	 6	 9.412117	 3.326275
5	 4	 3	 1	 11.106005	 2.937968
5	 4	 3	 2	 13.027200	 0.032930
5	 4	 3	 3	 12.133420	 0.035962
5	 4	 3	 4	 2.741994	 4.153541
5	 4	 3	 5	 12.039700	 0.038374
5	 4	 3	 6	 6.851951	 3.632638
5	 4	 4	 1	 13.751800	 0.049715
5	 4	 4	 2	 6.068449	 3.900409
5	 4	 4	 3	 7.014754	 2.505600
5	 4	 4	 4	 8.217230	 2.455515
5	 4	 4	 5	 10.189756	 3.732970
5	 4	 4	 6	 6.176281	 2.366945
5	 4	 5	 1	 10.813860	 4.306047
5	 4	 5	 2	 3.003300	 6.588505
5	 4	 5	 3	 11.551240	 0.082710
5	 4	 5	 4	 4.399560	 5.289554
5	 4	 5	 5	 8.157148	 6.496437
5	 4	 5	 6	 3.296378	 7.147145
5	 4	 6	 1	 5.218376	 9.218404
5	 4	 6	 2	 13.027105	 11.077914
5	 4	 6	 3	 1.901447	 9.250973
5	 4	 6	 4	 15.952647	 6.781986
5	 4	 6	 5	 18.357300	 12.287814
5	 4	 6	 6	 7.055922	 6.264992
5	 4	 7	 1	 11.740770	 2.146940
5	 4	 7	 2	 -119.321758	 288.239674
5	 4	 7	 3	 20.773838	 12.972870
5	 4	 7	 4	 6.734090	 1.356980
5	 4	 7	 5	 19.100800	 4.407000
5	 4	 7	 6	 19.100800	 4.407000
5	 5	 1	 1	 35.936100	 3.359150
5	 5	 1	 2	 46.639300	 23.172000
5	 5	 1	 3	 52.050500	 0.050625
5	 5	 1	 4	 47.898483	 7.541156
5	 5	 1	 5	 45.481868	 7.883714
5	 5	 1	 6	 51.035900	 0.032934
5	 5	 2	 1	 54.629300	 0.014233
5	 5	 2	 2	 44.249046	 12.418468
5	 5	 2	 3	 48.883887	 10.732586
5	 5	 2	 4	 52.135500	 0.027284
5	 5	 2	 5	 53.049800	 0.029603
5	 5	 2	 6	 54.020200	 0.032365
5	 5	 3	 1	 52.978200	 0.034933
5	 5	 3	 2	 51.535101	 5.830541
5	 5	 3	 3	 50.893667	 6.358246
5	 5	 3	 4	 50.901900	 0.040901
5	 5	 3	 5	 51.727004	 9.243463
5	 5	 3	 6	 52.828500	 0.058222
5	 5	 4	 1	 46.717486	 7.762054
5	 5	 4	 2	 51.867300	 0.062409
5	 5	 4	 3	 45.359025	 8.671112
5	 5	 4	 4	 45.203245	 8.374127
5	 5	 4	 5	 51.491100	 0.088016
5	 5	 4	 6	 50.033800	 0.088589
5	 5	 5	 1	 43.394511	 9.753788
5	 5	 5	 2	 48.201658	 8.485344
5	 5	 5	 3	 46.831912	 9.400421
5	 5	 5	 4	 45.599216	 10.225905
5	 5	 5	 5	 36.950415	 10.028880
5	 5	 5	 6	 48.202452	 11.088629
5	 5	 6	 1	 40.677885	 11.536233
5	 5	 6	 2	 47.272308	 14.510600
5	 5	 6	 3	 50.422800	 5.697000
5	 5	 6	 4	 47.787544	 19.085712
5	 5	 6	 5	 48.084434	 15.688050
5	 5	 6	 6	 43.081480	 20.427922
5	 5	 7	 1	 45.927006	 25.862543
5	 5	 7	 2	 44.983115	 39.429614
5	 5	 7	 3	 48.052400	 0.881924
5	 5	 7	 4	 52.859500	 12.138100
5	 5	 7	 5	 43.949300	 3.377560
5	 5	 7	 6	 58.175500	 11.686400
5	 6	 1	 1	 42.397600	 0.417408
5	 6	 1	 2	 39.147148	 11.120580
5	 6	 1	 3	 35.620783	 9.404453
5	 6	 1	 4	 37.009060	 9.393080
5	 6	 1	 5	 35.119821	 12.440034
5	 6	 1	 6	 41.974742	 9.145266
5	 6	 2	 1	 45.176423	 6.459833
5	 6	 2	 2	 48.152500	 0.025148
5	 6	 2	 3	 43.611617	 7.230374
5	 6	 2	 4	 50.099300	 0.024725
5	 6	 2	 5	 50.503200	 0.029467
5	 6	 2	 6	 47.539017	 8.116590
5	 6	 3	 1	 49.461310	 7.205245
5	 6	 3	 2	 50.154300	 0.036026
5	 6	 3	 3	 49.003600	 0.010124
5	 6	 3	 4	 34.308931	 8.214728
5	 6	 3	 5	 47.366402	 7.763666
5	 6	 3	 6	 45.095238	 8.459021
5	 6	 4	 1	 40.064797	 9.852228
5	 6	 4	 2	 46.074895	 8.052737
5	 6	 4	 3	 42.616207	 9.438241
5	 6	 4	 4	 45.301419	 6.649654
5	 6	 4	 5	 46.009182	 6.695286
5	 6	 4	 6	 50.467200	 0.112174
5	 6	 5	 1	 45.404873	 9.578533
5	 6	 5	 2	 45.100796	 9.781203
5	 6	 5	 3	 44.431091	 10.426252
5	 6	 5	 4	 50.878400	 0.186837
5	 6	 5	 5	 52.532700	 0.260926
5	 6	 5	 6	 41.786995	 7.702299
5	 6	 6	 1	 38.617993	 10.726462
5	 6	 6	 2	 44.589231	 10.227089
5	 6	 6	 3	 46.412343	 15.106217
5	 6	 6	 4	 44.893481	 18.778576
5	 6	 6	 5	 48.404791	 17.627346
5	 6	 6	 6	 36.918500	 0.910148
5	 6	 7	 1	 31.089659	 20.204273
5	 6	 7	 2	 48.611130	 21.640015
5	 6	 7	 3	 35.976906	 15.943462
5	 6	 7	 4	 42.819500	 1.688950
5	 6	 7	 5	 51.765400	 1.536170
5	 6	 7	 6	 80.664300	 176.966000
6	 1	 1	 1	 6.269307	 2.116211
6	 1	 1	 2	 6.778360	 0.019298
6	 1	 1	 3	 6.344274	 1.175992
6	 1	 1	 4	 10.057540	 0.019634
6	 1	 1	 5	 8.644605	 1.615304
6	 1	 1	 6	 9.804944	 1.546840
6	 1	 2	 1	 9.273410	 0.018294
6	 1	 2	 2	 8.362333	 1.712362
6	 1	 2	 3	 8.581474	 1.684565
6	 1	 2	 4	 8.316591	 1.813475
6	 1	 2	 5	 8.903000	 1.782660
6	 1	 2	 6	 8.109653	 1.909318
6	 1	 3	 1	 8.016162	 1.870444
6	 1	 3	 2	 9.405046	 1.812215
6	 1	 3	 3	 6.964200	 2.211455
6	 1	 3	 4	 7.546250	 0.021581
6	 1	 3	 5	 10.237838	 1.612509
6	 1	 3	 6	 4.878469	 2.451985
6	 1	 4	 1	 10.543250	 0.025257
6	 1	 4	 2	 9.147345	 1.521363
6	 1	 4	 3	 8.613333	 2.221125
6	 1	 4	 4	 10.513103	 3.256288
6	 1	 4	 5	 8.377510	 2.407247
6	 1	 4	 6	 10.082051	 2.117034
6	 1	 5	 1	 4.877778	 1.963026
6	 1	 5	 2	 5.752941	 1.877237
6	 1	 5	 3	 1.630108	 2.608497
6	 1	 5	 4	 10.509191	 2.461685
6	 1	 5	 5	 5.143197	 2.949266
6	 1	 5	 6	 10.477519	 4.256924
6	 1	 6	 1	 7.658070	 0.053854
6	 1	 6	 2	 5.388322	 2.245774
6	 1	 6	 3	 5.200000	 3.236954
6	 1	 6	 4	 5.178378	 3.616838
6	 1	 6	 5	 5.539410	 0.081195
6	 1	 6	 6	 6.531400	 0.092542
6	 1	 7	 1	 9.875556	 5.018634
6	 1	 7	 2	 9.249908	 5.450731
6	 1	 7	 3	 7.960030	 0.120706
6	 1	 7	 4	 9.051411	 7.827239
6	 1	 7	 5	 1.290520	 17.239735
6	 1	 7	 6	 5.027785	 10.318460
6	 2	 1	 1	 11.738157	 4.832890
6	 2	 1	 2	 11.580320	 0.026848
6	 2	 1	 3	 9.840000	 1.731830
6	 2	 1	 4	 10.667060	 0.019143
6	 2	 1	 5	 8.058072	 1.788705
6	 2	 1	 6	 7.839577	 1.769836
6	 2	 2	 1	 7.907990	 0.018587
6	 2	 2	 2	 6.692227	 1.930456
6	 2	 2	 3	 6.274384	 1.267274
6	 2	 2	 4	 8.695238	 1.764061
6	 2	 2	 5	 7.739583	 1.955393
6	 2	 2	 6	 8.603175	 1.850378
6	 2	 3	 1	 5.513725	 2.259556
6	 2	 3	 2	 7.566198	 2.054317
6	 2	 3	 3	 5.608205	 1.091648
6	 2	 3	 4	 7.562123	 2.161681
6	 2	 3	 5	 6.938012	 2.074149
6	 2	 3	 6	 5.386301	 1.570570
6	 2	 4	 1	 8.466667	 2.107129
6	 2	 4	 2	 6.627545	 2.596636
6	 2	 4	 3	 9.150809	 2.091042
6	 2	 4	 4	 7.199260	 0.025464
6	 2	 4	 5	 4.135441	 1.553862
6	 2	 4	 6	 4.812121	 3.087237
6	 2	 5	 1	 7.908040	 0.031176
6	 2	 5	 2	 9.570799	 1.920345
6	 2	 5	 3	 8.220772	 2.193634
6	 2	 5	 4	 4.431008	 3.660552
6	 2	 5	 5	 2.444357	 2.313048
6	 2	 5	 6	 4.016092	 2.157975
6	 2	 6	 1	 3.975000	 2.833484
6	 2	 6	 2	 4.281088	 2.551690
6	 2	 6	 3	 6.026230	 2.972526
6	 2	 6	 4	 12.762264	 5.355536
6	 2	 6	 5	 6.177778	 8.795386
6	 2	 6	 6	 4.562489	 5.638316
6	 2	 7	 1	 5.456397	 3.539856
6	 2	 7	 2	 9.933333	 6.021894
6	 2	 7	 3	 8.951111	 10.614503
6	 2	 7	 4	 3.597660	 0.147430
6	 2	 7	 5	 6.220430	 0.179757
6	 2	 7	 6	 5.289950	 0.222671
6	 3	 1	 1	 -24.131791	 11.413396
6	 3	 1	 2	 -24.804800	 0.082366
6	 3	 1	 3	 -26.494000	 1.421300
6	 3	 1	 4	 -25.872000	 0.033538
6	 3	 1	 5	 -26.237500	 0.030564
6	 3	 1	 6	 -26.559800	 0.017684
6	 3	 2	 1	 -27.313121	 3.317616
6	 3	 2	 2	 -25.040200	 0.025581
6	 3	 2	 3	 -27.643914	 2.804308
6	 3	 2	 4	 -29.638933	 3.307893
6	 3	 2	 5	 -25.280700	 0.028299
6	 3	 2	 6	 -28.595960	 3.641756
6	 3	 3	 1	 -33.136916	 5.232944
6	 3	 3	 2	 -25.812500	 0.030488
6	 3	 3	 3	 -28.522051	 2.987355
6	 3	 3	 4	 -27.037700	 0.031369
6	 3	 3	 5	 -25.374900	 0.033271
6	 3	 3	 6	 -24.906000	 0.037764
6	 3	 4	 1	 -26.539100	 0.034042
6	 3	 4	 2	 -38.329383	 8.238585
6	 3	 4	 3	 -27.865284	 3.021637
6	 3	 4	 4	 -29.537325	 4.064252
6	 3	 4	 5	 -27.739251	 4.080929
6	 3	 4	 6	 -31.718865	 5.826046
6	 3	 5	 1	 -28.376577	 3.836920
6	 3	 5	 2	 -26.688366	 4.379987
6	 3	 5	 3	 -23.429300	 0.080628
6	 3	 5	 4	 -26.280200	 0.078875
6	 3	 5	 5	 -25.074848	 4.878899
6	 3	 5	 6	 -25.549478	 5.279506
6	 3	 6	 1	 -25.642681	 6.486692
6	 3	 6	 2	 -25.383313	 5.065653
6	 3	 6	 3	 -24.950522	 5.241239
6	 3	 6	 4	 -25.795849	 9.222031
6	 3	 6	 5	 -32.525706	 15.141830
6	 3	 6	 6	 -23.734800	 0.174288
6	 3	 7	 1	 -23.458400	 1.869000
6	 3	 7	 2	 -25.390232	 9.545691
6	 3	 7	 3	 -39.400212	 19.005142
6	 3	 7	 4	 -27.218300	 0.892460
6	 3	 7	 5	 -27.951300	 1.479960
6	 3	 7	 6	 -34.704800	 2.732220
6	 4	 1	 1	 -13.919200	 1.202000
6	 4	 1	 2	 -25.784500	 0.147039
6	 4	 1	 3	 -29.834466	 4.207776
6	 4	 1	 4	 -25.687258	 2.482637
6	 4	 1	 5	 -26.668177	 2.566323
6	 4	 1	 6	 -25.069900	 0.022260
6	 4	 2	 1	 -25.846100	 0.026540
6	 4	 2	 2	 -27.120352	 2.521999
6	 4	 2	 3	 -28.347656	 2.854738
6	 4	 2	 4	 -26.440900	 0.034846
6	 4	 2	 5	 -28.562422	 3.153341
6	 4	 2	 6	 -27.168267	 2.596203
6	 4	 3	 1	 -24.873400	 0.029933
6	 4	 3	 2	 -27.818409	 2.790534
6	 4	 3	 3	 -28.675541	 3.044835
6	 4	 3	 4	 -28.563678	 2.882742
6	 4	 3	 5	 -25.597100	 0.039379
6	 4	 3	 6	 -28.787879	 3.122837
6	 4	 4	 1	 -30.165331	 3.618555
6	 4	 4	 2	 -26.092800	 0.047085
6	 4	 4	 3	 -30.703056	 2.716676
6	 4	 4	 4	 -32.118198	 3.272300
6	 4	 4	 5	 -29.069889	 4.499184
6	 4	 4	 6	 -31.240901	 3.440242
6	 4	 5	 1	 -38.171092	 9.531342
6	 4	 5	 2	 -30.641365	 6.034178
6	 4	 5	 3	 -28.621654	 4.535498
6	 4	 5	 4	 -28.709081	 4.176794
6	 4	 5	 5	 -27.644464	 5.312058
6	 4	 5	 6	 -27.648776	 6.380036
6	 4	 6	 1	 -25.609500	 0.129292
6	 4	 6	 2	 -48.680639	 32.752719
6	 4	 6	 3	 -34.114258	 13.655953
6	 4	 6	 4	 -29.613439	 11.497653
6	 4	 6	 5	 -111.812646	 107.806456
6	 4	 6	 6	 -29.400140	 8.421115
6	 4	 7	 1	 -28.831062	 12.038140
6	 4	 7	 2	 -29.735600	 0.653589
6	 4	 7	 3	 -31.961300	 0.810159
6	 4	 7	 4	 -25.685473	 16.167581
6	 4	 7	 5	 -32.284600	 1.784530
6	 4	 7	 6	 -32.992000	 2.707830
6	 5	 1	 1	 12.811600	 2.964480
6	 5	 1	 2	 22.826293	 5.888881
6	 5	 1	 3	 18.858471	 5.081481
6	 5	 1	 4	 18.688239	 9.698033
6	 5	 1	 5	 28.975300	 0.046662
6	 5	 1	 6	 15.432606	 8.583108
6	 5	 2	 1	 24.152436	 4.390317
6	 5	 2	 2	 24.650737	 4.302597
6	 5	 2	 3	 14.307678	 6.307531
6	 5	 2	 4	 18.604401	 8.153918
6	 5	 2	 5	 29.661883	 5.947717
6	 5	 2	 6	 27.416600	 0.032647
6	 5	 3	 1	 26.610800	 0.033142
6	 5	 3	 2	 25.561500	 0.037002
6	 5	 3	 3	 25.193300	 0.042181
6	 5	 3	 4	 25.383100	 0.045811
6	 5	 3	 5	 22.745483	 3.396803
6	 5	 3	 6	 15.002033	 8.435386
6	 5	 4	 1	 27.023128	 6.403894
6	 5	 4	 2	 32.014200	 0.061982
6	 5	 4	 3	 31.278300	 0.074099
6	 5	 4	 4	 26.161900	 0.082702
6	 5	 4	 5	 22.637181	 4.833143
6	 5	 4	 6	 21.480577	 8.252519
6	 5	 5	 1	 25.950700	 0.104557
6	 5	 5	 2	 25.037453	 4.978950
6	 5	 5	 3	 23.081570	 5.684212
6	 5	 5	 4	 25.717183	 4.937473
6	 5	 5	 5	 21.547342	 6.649782
6	 5	 5	 6	 23.779260	 6.508076
6	 5	 6	 1	 23.139098	 6.125784
6	 5	 6	 2	 25.003316	 8.529527
6	 5	 6	 3	 23.238245	 7.785224
6	 5	 6	 4	 16.847940	 10.315574
6	 5	 6	 5	 21.722000	 1.250090
6	 5	 6	 6	 9.873611	 12.332208
6	 5	 7	 1	 24.643100	 6.854000
6	 5	 7	 2	 21.767208	 12.887411
6	 5	 7	 3	 24.643100	 6.854000
6	 5	 7	 4	 30.093358	 32.968900
6	 5	 7	 5	 22.207489	 30.533659
6	 5	 7	 6	 32.603500	 5.761190
6	 6	 1	 1	 9.597317	 5.846231
6	 6	 1	 2	 11.885466	 9.598226
6	 6	 1	 3	 10.574610	 6.483519
6	 6	 1	 4	 20.972910	 5.252651
6	 6	 1	 5	 11.360946	 4.441417
6	 6	 1	 6	 11.081670	 6.958068
6	 6	 2	 1	 18.402558	 5.559436
6	 6	 2	 2	 15.416470	 6.064785
6	 6	 2	 3	 20.186000	 0.029898
6	 6	 2	 4	 -1.574921	 9.354010
6	 6	 2	 5	 19.304700	 0.027898
6	 6	 2	 6	 5.799475	 7.821310
6	 6	 3	 1	 18.917549	 5.263778
6	 6	 3	 2	 20.401960	 4.986452
6	 6	 3	 3	 19.930566	 4.856451
6	 6	 3	 4	 11.915452	 6.185444
6	 6	 3	 5	 16.671467	 5.530643
6	 6	 3	 6	 6.888034	 7.353951
6	 6	 4	 1	 8.807389	 6.946251
6	 6	 4	 2	 14.419732	 6.019383
6	 6	 4	 3	 5.366859	 7.898142
6	 6	 4	 4	 17.182661	 5.473904
6	 6	 4	 5	 12.004107	 6.749486
6	 6	 4	 6	 21.803200	 0.128821
6	 6	 5	 1	 24.121247	 5.069001
6	 6	 5	 2	 23.354379	 5.453104
6	 6	 5	 3	 15.440905	 5.388620
6	 6	 5	 4	 20.217270	 6.447818
6	 6	 5	 5	 6.554286	 13.129487
6	 6	 5	 6	 18.234670	 5.879603
6	 6	 6	 1	 19.790433	 5.803493
6	 6	 6	 2	 17.575364	 10.051922
6	 6	 6	 3	 15.880566	 8.247872
6	 6	 6	 4	 18.476309	 11.963045
6	 6	 6	 5	 12.052938	 8.916042
6	 6	 6	 6	 -1.056831	 13.440137
6	 6	 7	 1	 18.631749	 12.896873
6	 6	 7	 2	 21.033898	 17.165118
6	 6	 7	 3	 21.652352	 16.900507
6	 6	 7	 4	 27.286127	 29.307178
6	 6	 7	 5	 35.256164	 22.593874
6	 6	 7	 6	 10.740018	 41.031587
