#& Sector Superlayer Slot Cable T0Correction T0Error
1	 1	 1	 1	 0.393277	 0.026925
1	 1	 1	 2	 1.816475	 0.017755
1	 1	 1	 3	 1.525563	 0.011387
1	 1	 1	 4	 -0.657210	 0.609480
1	 1	 1	 5	 1.856665	 0.016166
1	 1	 1	 6	 2.214183	 0.017966
1	 1	 2	 1	 0.324403	 0.491165
1	 1	 2	 2	 0.448148	 0.513462
1	 1	 2	 3	 3.332150	 0.015370
1	 1	 2	 4	 2.155157	 0.015429
1	 1	 2	 5	 -0.485106	 1.325013
1	 1	 2	 6	 1.741935	 1.035147
1	 1	 3	 1	 2.199673	 0.016101
1	 1	 3	 2	 2.950943	 1.013493
1	 1	 3	 3	 0.196765	 0.667278
1	 1	 3	 4	 1.627629	 0.019505
1	 1	 3	 5	 3.633120	 0.020104
1	 1	 3	 6	 2.151579	 1.146065
1	 1	 4	 1	 2.727510	 0.021526
1	 1	 4	 2	 1.877596	 1.181912
1	 1	 4	 3	 -0.551986	 0.746379
1	 1	 4	 4	 -0.324670	 0.739845
1	 1	 4	 5	 2.310480	 0.024544
1	 1	 4	 6	 1.717906	 1.466237
1	 1	 5	 1	 3.942090	 0.027855
1	 1	 5	 2	 1.802995	 0.031542
1	 1	 5	 3	 0.472982	 1.851686
1	 1	 5	 4	 1.142857	 1.817924
1	 1	 5	 5	 3.703250	 0.039272
1	 1	 5	 6	 3.371429	 1.609518
1	 1	 6	 1	 0.400000	 2.593234
1	 1	 6	 2	 2.202667	 2.163042
1	 1	 6	 3	 2.448485	 2.388506
1	 1	 6	 4	 -4.642424	 5.518333
1	 1	 6	 5	 3.626900	 0.082849
1	 1	 6	 6	 4.160180	 0.100727
1	 1	 7	 1	 -0.559345	 2.505206
1	 1	 7	 2	 -16.552061	 12.042973
1	 1	 7	 3	 2.480984	 4.701736
1	 1	 7	 4	 -3.266798	 5.749155
1	 1	 7	 5	 1.828915	 0.131229
1	 1	 7	 6	 2.967920	 0.220162
1	 2	 1	 1	 -21.022222	 5.420118
1	 2	 1	 2	 -19.148800	 0.019937
1	 2	 1	 3	 -19.786636	 1.871573
1	 2	 1	 4	 -20.389898	 2.016111
1	 2	 1	 5	 -19.834500	 0.020968
1	 2	 1	 6	 -19.378100	 0.017526
1	 2	 2	 1	 -19.639200	 0.017882
1	 2	 2	 2	 -19.103700	 0.016686
1	 2	 2	 3	 -22.891001	 3.029126
1	 2	 2	 4	 -21.435866	 2.503869
1	 2	 2	 5	 -20.212900	 0.017910
1	 2	 2	 6	 -21.018696	 2.376513
1	 2	 3	 1	 -20.698200	 0.017321
1	 2	 3	 2	 -21.847774	 2.828072
1	 2	 3	 3	 -20.743802	 2.254030
1	 2	 3	 4	 -20.817382	 2.359358
1	 2	 3	 5	 -21.687407	 2.770495
1	 2	 3	 6	 -19.569000	 0.026564
1	 2	 4	 1	 -20.163900	 0.022660
1	 2	 4	 2	 -22.254264	 3.085501
1	 2	 4	 3	 -23.942416	 4.030818
1	 2	 4	 4	 -22.154217	 3.129696
1	 2	 4	 5	 -24.420258	 5.026353
1	 2	 4	 6	 -21.885714	 3.420811
1	 2	 5	 1	 -20.341500	 0.031412
1	 2	 5	 2	 -23.160866	 3.262483
1	 2	 5	 3	 -20.131400	 0.035246
1	 2	 5	 4	 -21.000000	 3.762078
1	 2	 5	 5	 -21.554141	 2.972143
1	 2	 5	 6	 -20.170400	 0.045449
1	 2	 6	 1	 -21.496554	 5.635631
1	 2	 6	 2	 -19.783700	 0.058813
1	 2	 6	 3	 -25.086380	 6.631243
1	 2	 6	 4	 -19.609357	 4.075638
1	 2	 6	 5	 -26.343082	 15.076407
1	 2	 6	 6	 -19.990700	 0.105442
1	 2	 7	 1	 -21.124300	 0.102732
1	 2	 7	 2	 -27.352174	 12.516434
1	 2	 7	 3	 -24.669106	 9.857445
1	 2	 7	 4	 -21.890600	 0.135391
1	 2	 7	 5	 -20.433400	 0.176544
1	 2	 7	 6	 -22.731800	 0.152579
1	 3	 1	 1	 -20.293302	 7.576800
1	 3	 1	 2	 -14.508900	 0.073424
1	 3	 1	 3	 -17.070800	 0.032217
1	 3	 1	 4	 -17.053200	 0.029691
1	 3	 1	 5	 -16.728700	 0.027174
1	 3	 1	 6	 -16.061900	 0.027887
1	 3	 2	 1	 -17.294100	 0.028137
1	 3	 2	 2	 -16.302600	 0.026589
1	 3	 2	 3	 -17.501400	 0.028799
1	 3	 2	 4	 -16.478000	 0.024747
1	 3	 2	 5	 -15.724900	 0.027208
1	 3	 2	 6	 -15.951300	 0.028262
1	 3	 3	 1	 -17.189400	 0.027344
1	 3	 3	 2	 -16.402600	 0.043382
1	 3	 3	 3	 -16.398200	 0.033937
1	 3	 3	 4	 -16.744400	 0.034081
1	 3	 3	 5	 -16.277200	 0.032697
1	 3	 3	 6	 -15.205000	 0.035054
1	 3	 4	 1	 -15.916200	 0.038213
1	 3	 4	 2	 -15.942900	 0.040526
1	 3	 4	 3	 -16.197900	 0.048464
1	 3	 4	 4	 -16.653700	 0.045850
1	 3	 4	 5	 -14.830500	 0.052486
1	 3	 4	 6	 -15.616000	 0.052187
1	 3	 5	 1	 -14.748700	 0.062650
1	 3	 5	 2	 -15.580300	 0.068546
1	 3	 5	 3	 -15.308400	 0.070909
1	 3	 5	 4	 -15.301000	 0.077177
1	 3	 5	 5	 -16.727012	 2.983084
1	 3	 5	 6	 -14.914200	 0.123062
1	 3	 6	 1	 -16.768371	 4.350224
1	 3	 6	 2	 -19.788489	 8.927945
1	 3	 6	 3	 -15.224900	 0.170783
1	 3	 6	 4	 -16.278000	 0.131280
1	 3	 6	 5	 -15.678000	 0.558248
1	 3	 6	 6	 -16.680300	 0.941267
1	 3	 7	 1	 -15.748100	 0.053604
1	 3	 7	 2	 -15.488500	 0.317304
1	 3	 7	 3	 -19.966300	 0.710913
1	 3	 7	 4	 -21.172400	 0.994972
1	 3	 7	 5	 -19.761300	 1.749730
1	 3	 7	 6	 -22.740000	 3.606850
1	 4	 1	 1	 -25.671700	 14.528700
1	 4	 1	 2	 -18.784800	 0.162276
1	 4	 1	 3	 -17.328600	 0.051202
1	 4	 1	 4	 -18.172400	 0.036478
1	 4	 1	 5	 -17.422000	 0.026415
1	 4	 1	 6	 -17.234100	 0.028198
1	 4	 2	 1	 -18.522600	 0.025591
1	 4	 2	 2	 -17.693600	 0.026129
1	 4	 2	 3	 -17.995800	 0.026461
1	 4	 2	 4	 -18.571700	 0.026922
1	 4	 2	 5	 -18.060300	 0.028957
1	 4	 2	 6	 -18.397600	 0.031303
1	 4	 3	 1	 -17.579000	 0.031482
1	 4	 3	 2	 -19.188700	 0.033037
1	 4	 3	 3	 -18.862000	 0.031253
1	 4	 3	 4	 -18.129100	 0.036175
1	 4	 3	 5	 -17.642600	 0.036323
1	 4	 3	 6	 -17.314800	 0.040724
1	 4	 4	 1	 -18.022400	 0.039475
1	 4	 4	 2	 -17.827300	 0.040450
1	 4	 4	 3	 -18.311300	 0.046094
1	 4	 4	 4	 -19.245500	 0.044147
1	 4	 4	 5	 -20.743643	 2.409168
1	 4	 4	 6	 -17.533300	 0.055545
1	 4	 5	 1	 -18.753800	 0.059031
1	 4	 5	 2	 -19.259800	 0.067481
1	 4	 5	 3	 -24.221917	 4.714475
1	 4	 5	 4	 -18.462200	 0.087903
1	 4	 5	 5	 -18.023300	 0.108222
1	 4	 5	 6	 -17.490300	 0.124205
1	 4	 6	 1	 -20.142321	 5.859618
1	 4	 6	 2	 -19.665200	 0.116043
1	 4	 6	 3	 -18.351300	 0.166741
1	 4	 6	 4	 -20.418200	 0.328302
1	 4	 6	 5	 -29.798692	 21.952108
1	 4	 6	 6	 -20.083381	 8.203590
1	 4	 7	 1	 -17.387500	 0.180590
1	 4	 7	 2	 -22.524898	 15.078635
1	 4	 7	 3	 -21.140300	 0.902941
1	 4	 7	 4	 -24.651700	 1.971960
1	 4	 7	 5	 -10.262300	 99.887500
1	 4	 7	 6	 -22.419400	 2.748620
1	 5	 1	 1	 6.351560	 5.943560
1	 5	 1	 2	 28.097900	 0.037361
1	 5	 1	 3	 29.202300	 0.017739
1	 5	 1	 4	 28.061900	 0.012902
1	 5	 1	 5	 28.243100	 0.019533
1	 5	 1	 6	 29.357300	 0.018420
1	 5	 2	 1	 28.227100	 0.016346
1	 5	 2	 2	 30.813900	 0.023073
1	 5	 2	 3	 29.963100	 0.018948
1	 5	 2	 4	 28.169500	 0.010864
1	 5	 2	 5	 28.500400	 0.016378
1	 5	 2	 6	 30.162000	 0.030024
1	 5	 3	 1	 29.593500	 0.030526
1	 5	 3	 2	 31.529100	 0.034463
1	 5	 3	 3	 31.270500	 0.037219
1	 5	 3	 4	 30.267900	 0.040539
1	 5	 3	 5	 29.687400	 0.046823
1	 5	 3	 6	 31.578000	 0.054228
1	 5	 4	 1	 30.361700	 0.062739
1	 5	 4	 2	 28.846500	 0.062136
1	 5	 4	 3	 29.846300	 0.074309
1	 5	 4	 4	 29.474900	 0.086689
1	 5	 4	 5	 28.850300	 0.098194
1	 5	 4	 6	 30.790200	 0.113600
1	 5	 5	 1	 30.083500	 0.106213
1	 5	 5	 2	 29.313800	 0.119125
1	 5	 5	 3	 22.017260	 6.301164
1	 5	 5	 4	 27.950300	 0.185382
1	 5	 5	 5	 25.772799	 5.737697
1	 5	 5	 6	 28.499600	 0.212095
1	 5	 6	 1	 25.855000	 0.237034
1	 5	 6	 2	 27.447400	 0.624763
1	 5	 6	 3	 23.116800	 0.057410
1	 5	 6	 4	 18.769144	 14.918797
1	 5	 6	 5	 23.610299	 22.217490
1	 5	 6	 6	 21.559700	 2.615300
1	 5	 7	 1	 16.352432	 18.829943
1	 5	 7	 2	 21.725500	 1.433250
1	 5	 7	 3	 18.062800	 1.953950
1	 5	 7	 4	 34.200100	 7.634000
1	 5	 7	 5	 40.894200	 0.866746
1	 5	 7	 6	 44.427900	 13.204500
1	 6	 1	 1	 20.231600	 1.330310
1	 6	 1	 2	 22.632900	 0.102320
1	 6	 1	 3	 22.375900	 0.036913
1	 6	 1	 4	 23.940200	 0.036847
1	 6	 1	 5	 26.994800	 0.043838
1	 6	 1	 6	 22.382800	 0.023278
1	 6	 2	 1	 23.385100	 0.018491
1	 6	 2	 2	 23.316300	 0.012555
1	 6	 2	 3	 22.329800	 0.019343
1	 6	 2	 4	 22.216100	 0.012207
1	 6	 2	 5	 22.937000	 0.022217
1	 6	 2	 6	 22.279500	 0.014547
1	 6	 3	 1	 23.839000	 0.020414
1	 6	 3	 2	 24.172900	 0.036581
1	 6	 3	 3	 24.108100	 0.041609
1	 6	 3	 4	 24.040200	 0.045265
1	 6	 3	 5	 23.379000	 0.047699
1	 6	 3	 6	 22.460600	 0.056636
1	 6	 4	 1	 19.682516	 3.002810
1	 6	 4	 2	 24.005200	 0.073669
1	 6	 4	 3	 24.274700	 0.074448
1	 6	 4	 4	 19.242012	 3.149337
1	 6	 4	 5	 27.441200	 0.084651
1	 6	 4	 6	 16.231910	 4.089379
1	 6	 5	 1	 28.701700	 0.122820
1	 6	 5	 2	 28.942800	 0.166351
1	 6	 5	 3	 26.738400	 0.089847
1	 6	 5	 4	 27.989800	 0.130531
1	 6	 5	 5	 28.588100	 0.198071
1	 6	 5	 6	 18.898143	 4.849867
1	 6	 6	 1	 26.183800	 0.561410
1	 6	 6	 2	 16.161385	 5.439796
1	 6	 6	 3	 30.682100	 0.165570
1	 6	 6	 4	 19.661100	 0.566717
1	 6	 6	 5	 20.851600	 0.829000
1	 6	 6	 6	 26.088500	 2.250170
1	 6	 7	 1	 21.592100	 1.027210
1	 6	 7	 2	 29.171262	 15.377015
1	 6	 7	 3	 37.099700	 17.593800
1	 6	 7	 4	 23.636700	 1.876520
1	 6	 7	 5	 28.002700	 3.214290
1	 6	 7	 6	 28.582000	 5.225000
2	 1	 1	 1	 12.043264	 3.231252
2	 1	 1	 2	 12.973694	 2.553161
2	 1	 1	 3	 10.406061	 2.963983
2	 1	 1	 4	 10.748090	 0.023326
2	 1	 1	 5	 9.934974	 2.528096
2	 1	 1	 6	 8.984127	 3.724921
2	 1	 2	 1	 10.592660	 0.020709
2	 1	 2	 2	 8.336379	 3.038651
2	 1	 2	 3	 12.233838	 2.428075
2	 1	 2	 4	 13.857218	 2.147359
2	 1	 2	 5	 15.529000	 0.018377
2	 1	 2	 6	 15.952294	 3.075144
2	 1	 3	 1	 12.761626	 2.560346
2	 1	 3	 2	 12.067005	 2.706441
2	 1	 3	 3	 11.328176	 2.934717
2	 1	 3	 4	 12.826667	 2.652284
2	 1	 3	 5	 12.375758	 2.711094
2	 1	 3	 6	 7.653333	 3.778395
2	 1	 4	 1	 12.432700	 0.020630
2	 1	 4	 2	 11.796407	 2.847642
2	 1	 4	 3	 9.504392	 1.708015
2	 1	 4	 4	 9.150469	 3.852613
2	 1	 4	 5	 12.872031	 2.756189
2	 1	 4	 6	 11.955556	 3.241164
2	 1	 5	 1	 9.446778	 1.983186
2	 1	 5	 2	 12.234483	 3.467788
2	 1	 5	 3	 12.863300	 0.028862
2	 1	 5	 4	 12.431373	 3.733428
2	 1	 5	 5	 11.834826	 4.385248
2	 1	 5	 6	 12.699543	 4.301758
2	 1	 6	 1	 13.126900	 0.038805
2	 1	 6	 2	 17.091358	 5.579976
2	 1	 6	 3	 15.059048	 3.812791
2	 1	 6	 4	 11.336400	 0.069201
2	 1	 6	 5	 11.016667	 4.904807
2	 1	 6	 6	 16.273684	 13.079118
2	 1	 7	 1	 11.244607	 10.973689
2	 1	 7	 2	 13.974100	 0.138212
2	 1	 7	 3	 12.746800	 0.166562
2	 1	 7	 4	 10.400000	 9.162125
2	 1	 7	 5	 11.773300	 0.222250
2	 1	 7	 6	 -39.749997	 14.086023
2	 2	 1	 1	 16.452300	 0.059361
2	 2	 1	 2	 16.818000	 0.022215
2	 2	 1	 3	 15.832100	 0.020466
2	 2	 1	 4	 16.204700	 0.023015
2	 2	 1	 5	 16.185400	 0.022152
2	 2	 1	 6	 15.254400	 0.020084
2	 2	 2	 1	 19.231200	 0.020193
2	 2	 2	 2	 18.389000	 0.019491
2	 2	 2	 3	 15.216438	 3.151571
2	 2	 2	 4	 17.549495	 2.427753
2	 2	 2	 5	 14.279400	 0.017772
2	 2	 2	 6	 15.799000	 0.018452
2	 2	 3	 1	 10.615603	 2.856022
2	 2	 3	 2	 12.883592	 2.561178
2	 2	 3	 3	 12.294100	 0.020326
2	 2	 3	 4	 11.572500	 0.028657
2	 2	 3	 5	 10.212750	 2.072352
2	 2	 3	 6	 9.378207	 1.705813
2	 2	 4	 1	 11.272727	 4.473256
2	 2	 4	 2	 14.400000	 3.763162
2	 2	 4	 3	 15.004255	 3.462883
2	 2	 4	 4	 11.430303	 3.387079
2	 2	 4	 5	 13.620339	 4.310816
2	 2	 4	 6	 14.507826	 4.394079
2	 2	 5	 1	 9.401170	 2.711141
2	 2	 5	 2	 9.466667	 2.872019
2	 2	 5	 3	 6.601597	 2.347114
2	 2	 5	 4	 12.033190	 3.221717
2	 2	 5	 5	 8.209592	 2.848831
2	 2	 5	 6	 12.562712	 4.550018
2	 2	 6	 1	 14.288800	 0.054326
2	 2	 6	 2	 15.237333	 6.498523
2	 2	 6	 3	 11.410533	 4.544237
2	 2	 6	 4	 11.804671	 5.048600
2	 2	 6	 5	 12.750000	 6.751335
2	 2	 6	 6	 5.946667	 16.113524
2	 2	 7	 1	 6.755556	 12.461383
2	 2	 7	 2	 13.989300	 0.690234
2	 2	 7	 3	 16.693100	 0.313706
2	 2	 7	 4	 13.676300	 0.211912
2	 2	 7	 5	 14.251700	 0.257461
2	 2	 7	 6	 14.526900	 0.249777
2	 3	 1	 1	 20.948900	 17.540035
2	 3	 1	 2	 22.498900	 0.082556
2	 3	 1	 3	 21.646700	 0.045471
2	 3	 1	 4	 15.835000	 0.030521
2	 3	 1	 5	 15.640600	 0.029133
2	 3	 1	 6	 15.581700	 0.028629
2	 3	 2	 1	 17.064000	 0.024457
2	 3	 2	 2	 16.796100	 0.024969
2	 3	 2	 3	 16.234900	 0.026830
2	 3	 2	 4	 16.860200	 0.025870
2	 3	 2	 5	 17.505200	 0.027461
2	 3	 2	 6	 16.622600	 0.027239
2	 3	 3	 1	 15.813300	 0.028820
2	 3	 3	 2	 17.383300	 0.034596
2	 3	 3	 3	 16.992900	 0.029145
2	 3	 3	 4	 15.881900	 0.040635
2	 3	 3	 5	 15.615200	 0.041370
2	 3	 3	 6	 16.168500	 0.043994
2	 3	 4	 1	 18.081800	 0.036497
2	 3	 4	 2	 19.181400	 0.042341
2	 3	 4	 3	 16.902600	 0.048665
2	 3	 4	 4	 16.614887	 2.736543
2	 3	 4	 5	 18.477600	 0.047306
2	 3	 4	 6	 18.218500	 0.053359
2	 3	 5	 1	 17.039500	 0.056943
2	 3	 5	 2	 16.612300	 0.060848
2	 3	 5	 3	 17.596600	 0.074810
2	 3	 5	 4	 18.566800	 0.072571
2	 3	 5	 5	 17.512200	 0.105252
2	 3	 5	 6	 18.514200	 0.113773
2	 3	 6	 1	 17.549600	 0.109636
2	 3	 6	 2	 19.751200	 0.123075
2	 3	 6	 3	 16.497900	 0.073256
2	 3	 6	 4	 17.902100	 0.220489
2	 3	 6	 5	 18.661486	 15.941792
2	 3	 6	 6	 15.051100	 0.496099
2	 3	 7	 1	 14.430000	 0.522438
2	 3	 7	 2	 18.509600	 0.214053
2	 3	 7	 3	 13.707300	 0.798274
2	 3	 7	 4	 15.147700	 1.355320
2	 3	 7	 5	 19.150600	 9.533030
2	 3	 7	 6	 17.581400	 2.710580
2	 4	 1	 1	 33.048200	 6.497670
2	 4	 1	 2	 18.234800	 0.162418
2	 4	 1	 3	 17.668100	 0.062235
2	 4	 1	 4	 19.307400	 0.058303
2	 4	 1	 5	 17.182400	 0.035261
2	 4	 1	 6	 17.957300	 0.030044
2	 4	 2	 1	 16.332100	 0.029193
2	 4	 2	 2	 16.908400	 0.025379
2	 4	 2	 3	 17.385200	 0.029171
2	 4	 2	 4	 18.211000	 0.031265
2	 4	 2	 5	 17.618000	 0.030119
2	 4	 2	 6	 17.943600	 0.036485
2	 4	 3	 1	 16.953700	 0.034965
2	 4	 3	 2	 16.526600	 0.034855
2	 4	 3	 3	 17.710200	 0.036144
2	 4	 3	 4	 16.675000	 0.038900
2	 4	 3	 5	 17.017600	 0.045998
2	 4	 3	 6	 17.608200	 0.040019
2	 4	 4	 1	 15.953300	 0.043461
2	 4	 4	 2	 15.646500	 0.051908
2	 4	 4	 3	 16.704700	 0.057549
2	 4	 4	 4	 16.262800	 0.071496
2	 4	 4	 5	 17.209100	 0.058792
2	 4	 4	 6	 16.720700	 0.060749
2	 4	 5	 1	 16.289900	 0.067306
2	 4	 5	 2	 16.007200	 0.085841
2	 4	 5	 3	 13.618100	 1.042820
2	 4	 5	 4	 16.117900	 0.087666
2	 4	 5	 5	 12.728864	 6.188743
2	 4	 5	 6	 17.437800	 0.121574
2	 4	 6	 1	 17.942000	 0.207210
2	 4	 6	 2	 17.032000	 0.425495
2	 4	 6	 3	 11.958621	 8.882499
2	 4	 6	 4	 23.109700	 2.101000
2	 4	 6	 5	 8.361364	 10.559331
2	 4	 6	 6	 17.171700	 0.222373
2	 4	 7	 1	 23.158700	 2.804000
2	 4	 7	 2	 14.666400	 0.767783
2	 4	 7	 3	 13.702400	 0.981205
2	 4	 7	 4	 12.911100	 1.266970
2	 4	 7	 5	 14.253800	 1.997930
2	 4	 7	 6	 25.080700	 21.482100
2	 5	 1	 1	 14.702200	 1.543640
2	 5	 1	 2	 27.747900	 0.023863
2	 5	 1	 3	 27.022500	 0.051452
2	 5	 1	 4	 26.349300	 0.042090
2	 5	 1	 5	 28.874000	 0.010591
2	 5	 1	 6	 27.855300	 0.012624
2	 5	 2	 1	 27.799300	 0.008872
2	 5	 2	 2	 28.884200	 0.008067
2	 5	 2	 3	 28.921800	 0.009328
2	 5	 2	 4	 28.953200	 0.010527
2	 5	 2	 5	 30.988400	 0.031651
2	 5	 2	 6	 30.819100	 0.031355
2	 5	 3	 1	 31.748400	 0.033113
2	 5	 3	 2	 30.002700	 0.034956
2	 5	 3	 3	 31.736400	 0.041395
2	 5	 3	 4	 30.533100	 0.043544
2	 5	 3	 5	 31.218700	 0.052403
2	 5	 3	 6	 32.338200	 0.058558
2	 5	 4	 1	 31.602400	 0.064793
2	 5	 4	 2	 29.608700	 0.058858
2	 5	 4	 3	 28.995800	 0.070524
2	 5	 4	 4	 27.287000	 0.088530
2	 5	 4	 5	 26.232667	 4.629713
2	 5	 4	 6	 24.374601	 4.891828
2	 5	 5	 1	 21.817738	 6.009766
2	 5	 5	 2	 27.346512	 5.147259
2	 5	 5	 3	 22.982677	 5.954312
2	 5	 5	 4	 23.604905	 6.152491
2	 5	 5	 5	 27.203452	 5.924367
2	 5	 5	 6	 21.048746	 7.568876
2	 5	 6	 1	 18.754028	 4.926267
2	 5	 6	 2	 17.441549	 7.879397
2	 5	 6	 3	 17.204800	 0.734133
2	 5	 6	 4	 18.529110	 14.779966
2	 5	 6	 5	 18.208800	 0.965394
2	 5	 6	 6	 15.734800	 0.836154
2	 5	 7	 1	 30.486200	 4.388000
2	 5	 7	 2	 -1.231790	 29.941126
2	 5	 7	 3	 -8.842450	 21.216698
2	 5	 7	 4	 16.735400	 2.673060
2	 5	 7	 5	 24.572500	 283.133000
2	 5	 7	 6	 30.486200	 4.388000
2	 6	 1	 1	 23.441100	 0.059037
2	 6	 1	 2	 24.495800	 0.069831
2	 6	 1	 3	 22.438400	 0.022267
2	 6	 1	 4	 22.470200	 0.020534
2	 6	 1	 5	 24.942300	 0.035232
2	 6	 1	 6	 23.342300	 0.033370
2	 6	 2	 1	 23.701900	 0.026153
2	 6	 2	 2	 23.884400	 0.028717
2	 6	 2	 3	 25.105600	 0.030220
2	 6	 2	 4	 22.799600	 0.018887
2	 6	 2	 5	 24.931000	 0.028619
2	 6	 2	 6	 33.329800	 0.037107
2	 6	 3	 1	 26.471400	 0.037445
2	 6	 3	 2	 28.448800	 0.015590
2	 6	 3	 3	 28.333600	 0.010397
2	 6	 3	 4	 25.376900	 0.045196
2	 6	 3	 5	 25.638700	 0.048575
2	 6	 3	 6	 28.170400	 0.056641
2	 6	 4	 1	 26.415700	 0.064625
2	 6	 4	 2	 24.470500	 0.070255
2	 6	 4	 3	 24.410900	 0.077202
2	 6	 4	 4	 25.600300	 0.090032
2	 6	 4	 5	 18.883234	 3.489764
2	 6	 4	 6	 20.424778	 3.446578
2	 6	 5	 1	 24.904100	 0.110345
2	 6	 5	 2	 15.553992	 4.578114
2	 6	 5	 3	 22.630600	 0.176311
2	 6	 5	 4	 16.415597	 4.833335
2	 6	 5	 5	 13.967900	 0.327768
2	 6	 5	 6	 20.077655	 4.402551
2	 6	 6	 1	 11.620000	 0.668412
2	 6	 6	 2	 18.173216	 6.308430
2	 6	 6	 3	 16.187663	 7.372926
2	 6	 6	 4	 29.846000	 0.166102
2	 6	 6	 5	 16.187276	 7.340746
2	 6	 6	 6	 15.306150	 12.766539
2	 6	 7	 1	 5.238530	 29.794183
2	 6	 7	 2	 16.690280	 11.919822
2	 6	 7	 3	 18.607155	 19.386475
2	 6	 7	 4	 20.985000	 1.712620
2	 6	 7	 5	 26.327830	 26.579384
2	 6	 7	 6	 26.026000	 4.021000
3	 1	 1	 1	 39.471300	 0.035350
3	 1	 1	 2	 40.802100	 0.021457
3	 1	 1	 3	 38.782571	 4.326072
3	 1	 1	 4	 39.460700	 0.019155
3	 1	 1	 5	 38.532000	 0.017251
3	 1	 1	 6	 38.082116	 4.597364
3	 1	 2	 1	 40.572800	 0.017173
3	 1	 2	 2	 42.195500	 0.016635
3	 1	 2	 3	 40.309700	 0.016384
3	 1	 2	 4	 42.488431	 4.938404
3	 1	 2	 5	 40.808600	 0.015888
3	 1	 2	 6	 40.132745	 6.119837
3	 1	 3	 1	 37.857261	 5.370541
3	 1	 3	 2	 37.583760	 4.260767
3	 1	 3	 3	 36.967234	 6.510927
3	 1	 3	 4	 39.910100	 0.022613
3	 1	 3	 5	 40.666700	 0.022130
3	 1	 3	 6	 36.804590	 4.846384
3	 1	 4	 1	 40.844445	 6.663416
3	 1	 4	 2	 40.097561	 7.521207
3	 1	 4	 3	 34.933333	 7.758998
3	 1	 4	 4	 40.578000	 0.024004
3	 1	 4	 5	 37.504167	 7.792926
3	 1	 4	 6	 41.248485	 7.667477
3	 1	 5	 1	 35.708642	 8.793876
3	 1	 5	 2	 36.109734	 8.660979
3	 1	 5	 3	 34.500680	 10.030309
3	 1	 5	 4	 42.362500	 0.995119
3	 1	 5	 5	 37.967347	 8.934090
3	 1	 5	 6	 43.371300	 0.636391
3	 1	 6	 1	 38.657144	 13.943713
3	 1	 6	 2	 39.400000	 15.391239
3	 1	 6	 3	 40.141900	 0.051136
3	 1	 6	 4	 41.185900	 0.067271
3	 1	 6	 5	 34.780693	 16.582531
3	 1	 6	 6	 42.517100	 0.087696
3	 1	 7	 1	 42.398600	 0.122635
3	 1	 7	 2	 34.941365	 23.020478
3	 1	 7	 3	 43.948200	 0.111262
3	 1	 7	 4	 42.832600	 0.122981
3	 1	 7	 5	 42.618800	 0.161231
3	 1	 7	 6	 41.897300	 0.176222
3	 2	 1	 1	 42.426200	 0.068317
3	 2	 1	 2	 43.925926	 7.426494
3	 2	 1	 3	 41.653333	 5.864047
3	 2	 1	 4	 41.223188	 5.322303
3	 2	 1	 5	 40.666667	 5.587956
3	 2	 1	 6	 40.742483	 8.197073
3	 2	 2	 1	 43.436100	 0.018593
3	 2	 2	 2	 44.575238	 5.705260
3	 2	 2	 3	 42.289855	 4.878325
3	 2	 2	 4	 41.371026	 5.930951
3	 2	 2	 5	 42.715600	 0.018861
3	 2	 2	 6	 43.661700	 0.019611
3	 2	 3	 1	 37.549881	 8.946158
3	 2	 3	 2	 43.242600	 0.021943
3	 2	 3	 3	 40.661705	 6.416968
3	 2	 3	 4	 41.633476	 6.732645
3	 2	 3	 5	 42.708400	 0.022184
3	 2	 3	 6	 42.246446	 5.861569
3	 2	 4	 1	 40.051900	 0.023445
3	 2	 4	 2	 34.617284	 11.651400
3	 2	 4	 3	 35.483709	 7.885309
3	 2	 4	 4	 42.453700	 0.027870
3	 2	 4	 5	 36.476836	 8.212167
3	 2	 4	 6	 40.493900	 0.044750
3	 2	 5	 1	 36.068148	 12.103997
3	 2	 5	 2	 38.081160	 11.760802
3	 2	 5	 3	 37.482828	 7.468968
3	 2	 5	 4	 39.163636	 11.212821
3	 2	 5	 5	 33.911109	 16.884380
3	 2	 5	 6	 40.337900	 11.108191
3	 2	 6	 1	 35.454381	 9.892059
3	 2	 6	 2	 41.168000	 12.846620
3	 2	 6	 3	 36.187769	 12.671529
3	 2	 6	 4	 36.115532	 13.607606
3	 2	 6	 5	 41.247400	 0.019735
3	 2	 6	 6	 36.573487	 19.278544
3	 2	 7	 1	 11.478941	 69.065056
3	 2	 7	 2	 43.605900	 0.164161
3	 2	 7	 3	 42.924444	 27.787935
3	 2	 7	 4	 43.854900	 0.155239
3	 2	 7	 5	 42.051300	 0.261522
3	 2	 7	 6	 43.595900	 0.243205
3	 3	 1	 1	 45.201300	 2.420030
3	 3	 1	 2	 39.951300	 0.094106
3	 3	 1	 3	 38.782300	 0.048930
3	 3	 1	 4	 39.744600	 0.036665
3	 3	 1	 5	 40.459700	 0.015853
3	 3	 1	 6	 42.267500	 0.030400
3	 3	 2	 1	 43.827400	 0.028143
3	 3	 2	 2	 43.065700	 0.034534
3	 3	 2	 3	 43.191000	 0.029409
3	 3	 2	 4	 43.572700	 0.024944
3	 3	 2	 5	 45.257000	 0.030254
3	 3	 2	 6	 44.923300	 0.032913
3	 3	 3	 1	 44.196000	 0.038121
3	 3	 3	 2	 42.903900	 0.038312
3	 3	 3	 3	 42.766700	 0.036704
3	 3	 3	 4	 44.768600	 0.043054
3	 3	 3	 5	 43.500105	 5.296136
3	 3	 3	 6	 44.483200	 0.041728
3	 3	 4	 1	 43.748100	 0.038921
3	 3	 4	 2	 42.529513	 6.561123
3	 3	 4	 3	 42.489726	 6.829538
3	 3	 4	 4	 37.158139	 9.874268
3	 3	 4	 5	 37.002749	 6.600745
3	 3	 4	 6	 40.052000	 0.064235
3	 3	 5	 1	 39.640400	 0.063282
3	 3	 5	 2	 40.846600	 0.066939
3	 3	 5	 3	 41.495000	 0.068461
3	 3	 5	 4	 43.029500	 0.098605
3	 3	 5	 5	 43.739935	 10.113366
3	 3	 5	 6	 41.496847	 13.791798
3	 3	 6	 1	 37.273617	 25.467405
3	 3	 6	 2	 40.997900	 0.134270
3	 3	 6	 3	 37.990100	 0.359420
3	 3	 6	 4	 40.390600	 0.084506
3	 3	 6	 5	 41.219100	 0.120021
3	 3	 6	 6	 40.809900	 0.404038
3	 3	 7	 1	 39.970000	 0.433051
3	 3	 7	 2	 40.511500	 0.512733
3	 3	 7	 3	 37.829000	 0.693647
3	 3	 7	 4	 38.714100	 1.415060
3	 3	 7	 5	 38.583700	 1.746690
3	 3	 7	 6	 41.806500	 18.623600
3	 4	 1	 1	 52.013400	 5.662000
3	 4	 1	 2	 40.469600	 0.137028
3	 4	 1	 3	 41.348400	 0.051981
3	 4	 1	 4	 41.449700	 0.038008
3	 4	 1	 5	 41.584100	 0.032020
3	 4	 1	 6	 41.739400	 0.030056
3	 4	 2	 1	 40.431700	 0.028098
3	 4	 2	 2	 41.131300	 0.027021
3	 4	 2	 3	 42.374300	 0.029684
3	 4	 2	 4	 43.849900	 0.033033
3	 4	 2	 5	 43.794000	 0.033310
3	 4	 2	 6	 44.125900	 0.034354
3	 4	 3	 1	 41.404600	 0.033271
3	 4	 3	 2	 44.204500	 0.042952
3	 4	 3	 3	 41.667344	 4.820722
3	 4	 3	 4	 41.301100	 0.039088
3	 4	 3	 5	 41.734300	 0.045562
3	 4	 3	 6	 41.615300	 0.042488
3	 4	 4	 1	 47.934300	 0.050191
3	 4	 4	 2	 46.383800	 0.051752
3	 4	 4	 3	 46.175100	 0.053794
3	 4	 4	 4	 43.163800	 0.078959
3	 4	 4	 5	 46.913900	 0.055884
3	 4	 4	 6	 47.286100	 0.058509
3	 4	 5	 1	 43.535400	 0.077337
3	 4	 5	 2	 43.515100	 0.092681
3	 4	 5	 3	 40.591974	 8.261152
3	 4	 5	 4	 42.267800	 0.098387
3	 4	 5	 5	 46.843700	 0.165727
3	 4	 5	 6	 43.468700	 0.275834
3	 4	 6	 1	 47.602800	 0.113423
3	 4	 6	 2	 52.543440	 21.989350
3	 4	 6	 3	 43.278082	 27.199925
3	 4	 6	 4	 49.823400	 3.640000
3	 4	 6	 5	 35.157030	 57.993347
3	 4	 6	 6	 43.594548	 34.716047
3	 4	 7	 1	 44.637400	 0.544026
3	 4	 7	 2	 45.821600	 0.670948
3	 4	 7	 3	 38.591300	 0.987559
3	 4	 7	 4	 39.519700	 1.363280
3	 4	 7	 5	 40.252800	 1.866040
3	 4	 7	 6	 45.020400	 2.295420
3	 5	 1	 1	 50.804100	 7.210680
3	 5	 1	 2	 73.739800	 1.073440
3	 5	 1	 3	 70.956000	 0.033158
3	 5	 1	 4	 69.857000	 0.031451
3	 5	 1	 5	 71.050200	 0.039983
3	 5	 1	 6	 71.738600	 0.027802
3	 5	 2	 1	 69.798600	 0.016100
3	 5	 2	 2	 69.698000	 0.013210
3	 5	 2	 3	 73.514600	 0.397265
3	 5	 2	 4	 70.983400	 0.015577
3	 5	 2	 5	 70.904100	 0.024229
3	 5	 2	 6	 71.596800	 0.030409
3	 5	 3	 1	 71.923500	 0.032694
3	 5	 3	 2	 70.852400	 0.035953
3	 5	 3	 3	 70.623800	 0.039707
3	 5	 3	 4	 70.462800	 0.044188
3	 5	 3	 5	 72.323800	 0.051299
3	 5	 3	 6	 72.876300	 0.060803
3	 5	 4	 1	 71.046800	 0.060278
3	 5	 4	 2	 72.557500	 0.071752
3	 5	 4	 3	 68.487078	 8.474765
3	 5	 4	 4	 70.130100	 0.084847
3	 5	 4	 5	 72.299600	 0.097682
3	 5	 4	 6	 72.326600	 0.117641
3	 5	 5	 1	 59.483782	 8.882390
3	 5	 5	 2	 55.812600	 0.130261
3	 5	 5	 3	 61.962600	 0.153306
3	 5	 5	 4	 52.327651	 9.510963
3	 5	 5	 5	 48.414148	 17.614201
3	 5	 5	 6	 48.483030	 15.105377
3	 5	 6	 1	 56.506693	 16.779786
3	 5	 6	 2	 61.118069	 14.902170
3	 5	 6	 3	 56.859524	 21.204202
3	 5	 6	 4	 53.444900	 0.266287
3	 5	 6	 5	 52.664600	 0.375893
3	 5	 6	 6	 37.801779	 38.391405
3	 5	 7	 1	 45.465700	 1.783270
3	 5	 7	 2	 52.520884	 63.956271
3	 5	 7	 3	 49.423700	 1.733850
3	 5	 7	 4	 48.389100	 2.537120
3	 5	 7	 5	 60.381000	 12.885000
3	 5	 7	 6	 60.381000	 12.885000
3	 6	 1	 1	 64.225400	 1.489290
3	 6	 1	 2	 67.605800	 0.147504
3	 6	 1	 3	 56.824703	 14.939151
3	 6	 1	 4	 65.118400	 0.090348
3	 6	 1	 5	 68.281800	 0.057863
3	 6	 1	 6	 68.595900	 0.053363
3	 6	 2	 1	 67.701200	 0.037508
3	 6	 2	 2	 67.022300	 0.034511
3	 6	 2	 3	 66.772400	 0.031441
3	 6	 2	 4	 67.950700	 0.031158
3	 6	 2	 5	 68.812000	 0.035227
3	 6	 2	 6	 67.657700	 0.036060
3	 6	 3	 1	 59.720100	 0.132880
3	 6	 3	 2	 67.432800	 0.039634
3	 6	 3	 3	 66.537900	 0.043465
3	 6	 3	 4	 66.549000	 0.050577
3	 6	 3	 5	 66.848300	 0.053583
3	 6	 3	 6	 66.893500	 0.063186
3	 6	 4	 1	 67.717600	 0.072258
3	 6	 4	 2	 67.278600	 0.075034
3	 6	 4	 3	 70.024700	 0.163580
3	 6	 4	 4	 67.259900	 0.095695
3	 6	 4	 5	 71.086600	 0.025015
3	 6	 4	 6	 68.585100	 0.102357
3	 6	 5	 1	 50.825901	 8.868539
3	 6	 5	 2	 51.347600	 0.077574
3	 6	 5	 3	 52.093600	 0.074723
3	 6	 5	 4	 51.545065	 9.504404
3	 6	 5	 5	 57.500300	 0.218473
3	 6	 5	 6	 48.984868	 12.185159
3	 6	 6	 1	 57.843208	 13.457476
3	 6	 6	 2	 48.972730	 11.601739
3	 6	 6	 3	 50.250047	 16.942540
3	 6	 6	 4	 46.362000	 0.695749
3	 6	 6	 5	 47.346000	 0.968472
3	 6	 6	 6	 46.690900	 1.251850
3	 6	 7	 1	 44.443900	 1.271970
3	 6	 7	 2	 50.865632	 28.221732
3	 6	 7	 3	 37.082559	 38.995665
3	 6	 7	 4	 55.017660	 43.122906
3	 6	 7	 5	 39.181105	 89.378479
3	 6	 7	 6	 58.257200	 10.619000
4	 1	 1	 1	 6.181240	 0.038349
4	 1	 1	 2	 6.970800	 0.019535
4	 1	 1	 3	 6.780720	 0.016713
4	 1	 1	 4	 3.855301	 0.815449
4	 1	 1	 5	 6.402440	 0.017730
4	 1	 1	 6	 5.804770	 0.017821
4	 1	 2	 1	 5.698113	 1.270315
4	 1	 2	 2	 6.238060	 0.017036
4	 1	 2	 3	 6.431010	 0.015824
4	 1	 2	 4	 5.297610	 0.015303
4	 1	 2	 5	 5.853540	 0.016562
4	 1	 2	 6	 5.056067	 1.491206
4	 1	 3	 1	 5.314060	 0.016289
4	 1	 3	 2	 5.230126	 1.489279
4	 1	 3	 3	 0.460819	 2.126645
4	 1	 3	 4	 4.964444	 1.508689
4	 1	 3	 5	 7.194110	 0.019778
4	 1	 3	 6	 6.759110	 0.020231
4	 1	 4	 1	 4.112821	 1.800632
4	 1	 4	 2	 5.570286	 1.641090
4	 1	 4	 3	 5.011933	 1.761920
4	 1	 4	 4	 4.368421	 1.945739
4	 1	 4	 5	 4.745540	 1.944642
4	 1	 4	 6	 8.077470	 0.030718
4	 1	 5	 1	 6.948090	 0.028049
4	 1	 5	 2	 5.449869	 2.045540
4	 1	 5	 3	 5.109434	 2.379681
4	 1	 5	 4	 6.507937	 2.194639
4	 1	 5	 5	 6.448227	 2.194180
4	 1	 5	 6	 6.293333	 2.486108
4	 1	 6	 1	 5.600000	 2.670322
4	 1	 6	 2	 6.764179	 2.539644
4	 1	 6	 3	 6.047530	 0.045877
4	 1	 6	 4	 7.333333	 3.222969
4	 1	 6	 5	 6.640000	 3.527806
4	 1	 6	 6	 -4.662502	 7.191643
4	 1	 7	 1	 1.266667	 4.730235
4	 1	 7	 2	 6.421053	 4.868727
4	 1	 7	 3	 -1.680000	 9.514273
4	 1	 7	 4	 7.132650	 0.147717
4	 1	 7	 5	 6.706550	 0.135373
4	 1	 7	 6	 6.822040	 0.238131
4	 2	 1	 1	 32.702100	 0.055125
4	 2	 1	 2	 34.311500	 0.024537
4	 2	 1	 3	 31.313283	 4.197069
4	 2	 1	 4	 32.340000	 0.017508
4	 2	 1	 5	 33.671279	 4.437661
4	 2	 1	 6	 33.352600	 0.016833
4	 2	 2	 1	 32.817500	 0.026237
4	 2	 2	 2	 47.544421	 6.664816
4	 2	 2	 3	 31.280197	 4.104353
4	 2	 2	 4	 33.146500	 0.018383
4	 2	 2	 5	 32.397400	 0.017995
4	 2	 2	 6	 33.569700	 0.019672
4	 2	 3	 1	 33.040000	 0.019654
4	 2	 3	 2	 30.679646	 4.868036
4	 2	 3	 3	 30.139384	 5.014658
4	 2	 3	 4	 30.035398	 4.896401
4	 2	 3	 5	 32.609077	 5.901999
4	 2	 3	 6	 30.140351	 5.137991
4	 2	 4	 1	 33.548200	 0.025231
4	 2	 4	 2	 31.419653	 5.278366
4	 2	 4	 3	 32.067597	 4.356861
4	 2	 4	 4	 29.965714	 6.504178
4	 2	 4	 5	 30.811034	 5.938744
4	 2	 4	 6	 30.444444	 6.657092
4	 2	 5	 1	 33.683600	 0.032116
4	 2	 5	 2	 32.370370	 7.808922
4	 2	 5	 3	 29.479216	 10.622278
4	 2	 5	 4	 28.302439	 8.611941
4	 2	 5	 5	 29.684211	 8.743530
4	 2	 5	 6	 32.327100	 0.041575
4	 2	 6	 1	 29.567816	 9.860759
4	 2	 6	 2	 30.749686	 10.022446
4	 2	 6	 3	 30.215730	 8.133660
4	 2	 6	 4	 28.763636	 13.044116
4	 2	 6	 5	 22.657005	 16.960495
4	 2	 6	 6	 30.764500	 0.115461
4	 2	 7	 1	 30.652500	 0.095080
4	 2	 7	 2	 30.846377	 15.056296
4	 2	 7	 3	 28.843818	 12.250269
4	 2	 7	 4	 50.087500	 0.182859
4	 2	 7	 5	 6.314166	 42.082681
4	 2	 7	 6	 30.034200	 0.167025
4	 3	 1	 1	 16.137500	 2.016820
4	 3	 1	 2	 14.395700	 0.076953
4	 3	 1	 3	 14.264300	 0.038579
4	 3	 1	 4	 15.088500	 0.033759
4	 3	 1	 5	 14.637600	 0.039058
4	 3	 1	 6	 14.533300	 0.033707
4	 3	 2	 1	 11.304300	 0.029328
4	 3	 2	 2	 10.601790	 1.627057
4	 3	 2	 3	 12.348700	 0.035256
4	 3	 2	 4	 11.801400	 0.029512
4	 3	 2	 5	 13.859300	 0.030604
4	 3	 2	 6	 13.385300	 0.034116
4	 3	 3	 1	 11.468400	 0.031420
4	 3	 3	 2	 12.181400	 0.031023
4	 3	 3	 3	 11.557300	 0.007588
4	 3	 3	 4	 10.165359	 1.835940
4	 3	 3	 5	 10.847779	 1.806032
4	 3	 3	 6	 12.376800	 0.040649
4	 3	 4	 1	 12.835800	 0.039379
4	 3	 4	 2	 13.312700	 0.043261
4	 3	 4	 3	 8.936817	 2.374966
4	 3	 4	 4	 12.572800	 0.047953
4	 3	 4	 5	 10.467050	 2.361484
4	 3	 4	 6	 13.095300	 0.051119
4	 3	 5	 1	 12.415300	 0.051869
4	 3	 5	 2	 11.434600	 0.052877
4	 3	 5	 3	 10.966766	 2.978279
4	 3	 5	 4	 11.557600	 0.100590
4	 3	 5	 5	 10.298322	 4.031314
4	 3	 5	 6	 12.741700	 0.184808
4	 3	 6	 1	 10.865833	 5.532927
4	 3	 6	 2	 6.697207	 13.352290
4	 3	 6	 3	 12.470100	 0.169107
4	 3	 6	 4	 3.230526	 6.763116
4	 3	 6	 5	 -1.384619	 24.019176
4	 3	 6	 6	 11.561900	 0.039586
4	 3	 7	 1	 13.580300	 0.241189
4	 3	 7	 2	 11.534600	 0.351662
4	 3	 7	 3	 9.519930	 0.698024
4	 3	 7	 4	 16.743800	 0.580228
4	 3	 7	 5	 7.084600	 1.837770
4	 3	 7	 6	 14.496600	 1.859180
4	 4	 1	 1	 13.883000	 5.969970
4	 4	 1	 2	 13.887000	 0.181820
4	 4	 1	 3	 14.309100	 0.054319
4	 4	 1	 4	 10.796864	 1.929910
4	 4	 1	 5	 14.870900	 0.035712
4	 4	 1	 6	 14.317900	 0.032700
4	 4	 2	 1	 14.101500	 0.029515
4	 4	 2	 2	 13.618700	 0.029191
4	 4	 2	 3	 13.402600	 0.028561
4	 4	 2	 4	 13.052700	 0.032235
4	 4	 2	 5	 13.130700	 0.030785
4	 4	 2	 6	 13.603000	 0.032244
4	 4	 3	 1	 13.910800	 0.034155
4	 4	 3	 2	 11.567147	 1.582410
4	 4	 3	 3	 12.942200	 0.039044
4	 4	 3	 4	 13.028600	 0.038499
4	 4	 3	 5	 10.496243	 1.810130
4	 4	 3	 6	 13.105400	 0.042302
4	 4	 4	 1	 13.180200	 0.051988
4	 4	 4	 2	 12.869300	 0.054196
4	 4	 4	 3	 12.613600	 0.048084
4	 4	 4	 4	 12.169000	 0.051665
4	 4	 4	 5	 10.830689	 2.181527
4	 4	 4	 6	 9.454378	 2.472151
4	 4	 5	 1	 10.027674	 2.956926
4	 4	 5	 2	 14.898600	 0.355773
4	 4	 5	 3	 9.450262	 3.092675
4	 4	 5	 4	 9.942930	 3.588807
4	 4	 5	 5	 13.255400	 0.166685
4	 4	 5	 6	 11.978400	 0.210516
4	 4	 6	 1	 11.829196	 9.150372
4	 4	 6	 2	 14.015808	 7.624676
4	 4	 6	 3	 1.075448	 14.233284
4	 4	 6	 4	 14.295600	 0.214010
4	 4	 6	 5	 11.036200	 0.464972
4	 4	 6	 6	 11.403776	 10.800770
4	 4	 7	 1	 10.526800	 0.669568
4	 4	 7	 2	 10.786200	 0.831715
4	 4	 7	 3	 8.711840	 1.094060
4	 4	 7	 4	 17.111900	 3.539000
4	 4	 7	 5	 7.954280	 1.744610
4	 4	 7	 6	 6.710590	 4.105340
4	 5	 1	 1	 54.244200	 2.477000
4	 5	 1	 2	 50.220700	 0.181315
4	 5	 1	 3	 51.076700	 0.064645
4	 5	 1	 4	 50.043000	 0.049128
4	 5	 1	 5	 52.461300	 0.010727
4	 5	 1	 6	 51.192400	 0.085670
4	 5	 2	 1	 51.618200	 0.023119
4	 5	 2	 2	 52.390200	 0.020826
4	 5	 2	 3	 51.404300	 0.009891
4	 5	 2	 4	 52.655900	 0.013711
4	 5	 2	 5	 54.446800	 0.027097
4	 5	 2	 6	 54.093800	 0.027293
4	 5	 3	 1	 55.297700	 0.033428
4	 5	 3	 2	 53.864100	 0.035024
4	 5	 3	 3	 54.555100	 0.040137
4	 5	 3	 4	 54.113000	 0.044730
4	 5	 3	 5	 54.618100	 0.049304
4	 5	 3	 6	 55.486000	 0.059940
4	 5	 4	 1	 55.411700	 0.058358
4	 5	 4	 2	 55.385000	 0.061538
4	 5	 4	 3	 53.584700	 0.070849
4	 5	 4	 4	 54.669500	 0.241652
4	 5	 4	 5	 52.766800	 0.096717
4	 5	 4	 6	 53.753400	 0.098165
4	 5	 5	 1	 52.565300	 0.110143
4	 5	 5	 2	 50.956700	 0.117821
4	 5	 5	 3	 49.083600	 0.148894
4	 5	 5	 4	 49.111600	 0.117262
4	 5	 5	 5	 42.198100	 0.344351
4	 5	 5	 6	 47.885900	 0.169101
4	 5	 6	 1	 40.147647	 19.758539
4	 5	 6	 2	 30.009153	 27.768716
4	 5	 6	 3	 36.950422	 25.604990
4	 5	 6	 4	 52.407200	 1.141880
4	 5	 6	 5	 42.432229	 21.953812
4	 5	 6	 6	 49.724044	 26.082073
4	 5	 7	 1	 47.917178	 28.220860
4	 5	 7	 2	 51.352336	 25.984527
4	 5	 7	 3	 37.988300	 0.587365
4	 5	 7	 4	 43.162400	 1.792610
4	 5	 7	 5	 54.640200	 10.186000
4	 5	 7	 6	 54.640200	 10.186000
4	 6	 1	 1	 32.957200	 1.928830
4	 6	 1	 2	 46.312100	 0.129365
4	 6	 1	 3	 45.813900	 0.020590
4	 6	 1	 4	 46.925200	 0.013812
4	 6	 1	 5	 45.796100	 0.012093
4	 6	 1	 6	 47.007900	 0.015193
4	 6	 2	 1	 48.229900	 0.030218
4	 6	 2	 2	 47.772100	 0.027965
4	 6	 2	 3	 48.206600	 0.028416
4	 6	 2	 4	 53.000900	 0.011003
4	 6	 2	 5	 50.121500	 0.029210
4	 6	 2	 6	 49.911300	 0.033886
4	 6	 3	 1	 53.426100	 0.035698
4	 6	 3	 2	 53.103700	 0.036656
4	 6	 3	 3	 53.401000	 0.023995
4	 6	 3	 4	 48.071000	 0.042656
4	 6	 3	 5	 48.205000	 0.048968
4	 6	 3	 6	 44.598096	 5.456017
4	 6	 4	 1	 49.518000	 0.064618
4	 6	 4	 2	 48.835600	 0.069898
4	 6	 4	 3	 49.016500	 0.084016
4	 6	 4	 4	 49.824500	 1.414210
4	 6	 4	 5	 51.786800	 0.016821
4	 6	 4	 6	 55.868100	 0.465687
4	 6	 5	 1	 50.033800	 0.135259
4	 6	 5	 2	 48.624400	 0.136484
4	 6	 5	 3	 51.611900	 0.257945
4	 6	 5	 4	 41.249205	 9.441671
4	 6	 5	 5	 50.851500	 0.232266
4	 6	 5	 6	 52.657100	 0.230227
4	 6	 6	 1	 33.912974	 15.991511
4	 6	 6	 2	 46.985039	 14.894073
4	 6	 6	 3	 39.334200	 0.616966
4	 6	 6	 4	 48.997638	 21.251265
4	 6	 6	 5	 28.846364	 19.401263
4	 6	 6	 6	 49.776542	 25.692048
4	 6	 7	 1	 36.109689	 18.052189
4	 6	 7	 2	 40.811700	 1.347730
4	 6	 7	 3	 39.658745	 33.263037
4	 6	 7	 4	 34.553049	 52.950107
4	 6	 7	 5	 60.896700	 2.141150
4	 6	 7	 6	 58.765600	 0.724527
5	 1	 1	 1	 40.650200	 0.047207
5	 1	 1	 2	 30.337300	 0.022585
5	 1	 1	 3	 28.470219	 3.211785
5	 1	 1	 4	 23.583000	 0.018046
5	 1	 1	 5	 22.915100	 0.016969
5	 1	 1	 6	 23.774300	 0.018017
5	 1	 2	 1	 27.413200	 0.016078
5	 1	 2	 2	 25.286900	 0.004159
5	 1	 2	 3	 25.913100	 0.014477
5	 1	 2	 4	 26.656600	 0.016665
5	 1	 2	 5	 25.949500	 0.024389
5	 1	 2	 6	 23.619869	 3.699299
5	 1	 3	 1	 26.637200	 0.017536
5	 1	 3	 2	 26.362100	 0.018562
5	 1	 3	 3	 26.861300	 0.018626
5	 1	 3	 4	 23.435514	 4.045588
5	 1	 3	 5	 26.026800	 0.018406
5	 1	 3	 6	 26.231100	 0.022631
5	 1	 4	 1	 26.233200	 0.021336
5	 1	 4	 2	 27.353000	 0.023241
5	 1	 4	 3	 22.955844	 4.946077
5	 1	 4	 4	 25.324581	 3.750953
5	 1	 4	 5	 27.943800	 0.025598
5	 1	 4	 6	 26.981400	 0.026956
5	 1	 5	 1	 27.869300	 0.027146
5	 1	 5	 2	 28.154700	 0.031971
5	 1	 5	 3	 23.959184	 5.531064
5	 1	 5	 4	 26.111400	 0.039245
5	 1	 5	 5	 28.489720	 5.991188
5	 1	 5	 6	 31.117900	 0.045171
5	 1	 6	 1	 27.174400	 0.048181
5	 1	 6	 2	 24.339623	 7.716039
5	 1	 6	 3	 27.720000	 0.051399
5	 1	 6	 4	 23.048889	 13.994799
5	 1	 6	 5	 13.111111	 26.343735
5	 1	 6	 6	 23.511111	 19.440727
5	 1	 7	 1	 17.856942	 15.069787
5	 1	 7	 2	 22.190476	 21.164441
5	 1	 7	 3	 27.381800	 0.132971
5	 1	 7	 4	 28.298809	 23.223328
5	 1	 7	 5	 29.391300	 0.059412
5	 1	 7	 6	 30.576700	 0.230490
5	 2	 1	 1	 -3.314286	 4.452249
5	 2	 1	 2	 2.688342	 1.080032
5	 2	 1	 3	 1.351032	 1.118602
5	 2	 1	 4	 0.600000	 1.214223
5	 2	 1	 5	 3.625430	 0.019757
5	 2	 1	 6	 2.709720	 0.017845
5	 2	 2	 1	 1.580282	 0.016756
5	 2	 2	 2	 1.251023	 1.011120
5	 2	 2	 3	 2.440570	 0.016708
5	 2	 2	 4	 -0.311905	 1.249638
5	 2	 2	 5	 0.072441	 0.588138
5	 2	 2	 6	 1.716835	 0.017799
5	 2	 3	 1	 0.373333	 0.570400
5	 2	 3	 2	 2.131592	 0.020273
5	 2	 3	 3	 -0.113580	 0.650178
5	 2	 3	 4	 0.201905	 0.663567
5	 2	 3	 5	 2.350350	 0.020076
5	 2	 3	 6	 1.627605	 0.020894
5	 2	 4	 1	 0.435017	 0.649762
5	 2	 4	 2	 0.135032	 1.458064
5	 2	 4	 3	 -1.333333	 0.858806
5	 2	 4	 4	 2.620960	 0.024778
5	 2	 4	 5	 -0.351515	 0.791902
5	 2	 4	 6	 3.206330	 0.028471
5	 2	 5	 1	 0.452525	 1.556198
5	 2	 5	 2	 -1.672852	 2.090222
5	 2	 5	 3	 -0.775652	 1.015990
5	 2	 5	 4	 1.549836	 0.033988
5	 2	 5	 5	 0.187755	 0.960753
5	 2	 5	 6	 1.955200	 0.041164
5	 2	 6	 1	 2.444460	 0.050038
5	 2	 6	 2	 -8.445977	 6.245576
5	 2	 6	 3	 -3.486869	 2.322573
5	 2	 6	 4	 3.072030	 0.068701
5	 2	 6	 5	 2.511260	 0.068450
5	 2	 6	 6	 2.266089	 0.106078
5	 2	 7	 1	 1.319713	 0.158942
5	 2	 7	 2	 1.798642	 0.235224
5	 2	 7	 3	 1.437715	 0.129498
5	 2	 7	 4	 2.070194	 0.171391
5	 2	 7	 5	 -1.000217	 5.837776
5	 2	 7	 6	 2.950510	 0.228274
5	 3	 1	 1	 8.274870	 4.254900
5	 3	 1	 2	 8.662859	 3.353841
5	 3	 1	 3	 8.859150	 0.035381
5	 3	 1	 4	 10.045900	 0.029319
5	 3	 1	 5	 10.075100	 0.027811
5	 3	 1	 6	 9.906010	 0.023795
5	 3	 2	 1	 9.422210	 0.024683
5	 3	 2	 2	 9.865110	 0.023415
5	 3	 2	 3	 9.890660	 0.024468
5	 3	 2	 4	 8.854840	 0.022674
5	 3	 2	 5	 9.469210	 0.026256
5	 3	 2	 6	 9.077520	 0.028655
5	 3	 3	 1	 10.107500	 0.026657
5	 3	 3	 2	 9.094700	 0.029069
5	 3	 3	 3	 8.452920	 0.029169
5	 3	 3	 4	 9.488060	 0.031100
5	 3	 3	 5	 9.688670	 0.031500
5	 3	 3	 6	 10.016110	 0.035145
5	 3	 4	 1	 12.579700	 0.037779
5	 3	 4	 2	 12.041400	 0.041515
5	 3	 4	 3	 11.855800	 0.039774
5	 3	 4	 4	 11.740500	 0.042684
5	 3	 4	 5	 8.466910	 0.038660
5	 3	 4	 6	 9.225950	 0.051052
5	 3	 5	 1	 9.038980	 0.055740
5	 3	 5	 2	 9.244590	 0.056985
5	 3	 5	 3	 9.424750	 0.065482
5	 3	 5	 4	 9.055830	 0.079667
5	 3	 5	 5	 9.193810	 0.076596
5	 3	 5	 6	 9.452610	 0.092572
5	 3	 6	 1	 -1.646998	 9.496662
5	 3	 6	 2	 10.647800	 0.125652
5	 3	 6	 3	 -3.763854	 15.056165
5	 3	 6	 4	 10.124400	 0.220428
5	 3	 6	 5	 9.023610	 0.127837
5	 3	 6	 6	 7.864311	 13.497922
5	 3	 7	 1	 8.022500	 0.171780
5	 3	 7	 2	 10.467200	 0.455167
5	 3	 7	 3	 8.050950	 0.688711
5	 3	 7	 4	 10.718600	 0.288429
5	 3	 7	 5	 11.956000	 1.111480
5	 3	 7	 6	 7.459020	 3.777730
5	 4	 1	 1	 14.498800	 4.590380
5	 4	 1	 2	 13.447400	 0.428280
5	 4	 1	 3	 9.469630	 0.050407
5	 4	 1	 4	 10.314900	 0.034539
5	 4	 1	 5	 10.942700	 0.032662
5	 4	 1	 6	 9.894570	 0.026378
5	 4	 2	 1	 10.127700	 0.027654
5	 4	 2	 2	 9.721220	 0.025229
5	 4	 2	 3	 9.526780	 0.026043
5	 4	 2	 4	 9.096690	 0.025885
5	 4	 2	 5	 10.369200	 0.028191
5	 4	 2	 6	 11.316500	 2.125850
5	 4	 3	 1	 10.137100	 0.031081
5	 4	 3	 2	 10.707100	 0.032930
5	 4	 3	 3	 9.813320	 0.035962
5	 4	 3	 4	 9.702990	 0.035075
5	 4	 3	 5	 9.719600	 0.038374
5	 4	 3	 6	 10.132900	 0.043358
5	 4	 4	 1	 11.431700	 0.049715
5	 4	 4	 2	 10.512500	 0.048307
5	 4	 4	 3	 9.712370	 0.050522
5	 4	 4	 4	 10.071880	 0.044946
5	 4	 4	 5	 11.455600	 0.051190
5	 4	 4	 6	 10.395900	 0.058800
5	 4	 5	 1	 10.544700	 0.057336
5	 4	 5	 2	 11.543800	 0.084945
5	 4	 5	 3	 9.231140	 0.082710
5	 4	 5	 4	 10.956900	 0.091093
5	 4	 5	 5	 13.468400	 0.328400
5	 4	 5	 6	 12.053800	 0.130779
5	 4	 6	 1	 12.418600	 0.367969
5	 4	 6	 2	 11.984100	 0.150596
5	 4	 6	 3	 9.306130	 0.202584
5	 4	 6	 4	 3.018182	 5.212965
5	 4	 6	 5	 8.935700	 0.128540
5	 4	 6	 6	 -2.378109	 13.237867
5	 4	 7	 1	 9.420670	 2.146940
5	 4	 7	 2	 16.780700	 4.407000
5	 4	 7	 3	 9.732190	 0.910163
5	 4	 7	 4	 4.413990	 1.356980
5	 4	 7	 5	 16.780700	 4.407000
5	 4	 7	 6	 16.780700	 4.407000
5	 5	 1	 1	 33.350600	 3.359150
5	 5	 1	 2	 44.053800	 23.172000
5	 5	 1	 3	 49.465000	 0.050625
5	 5	 1	 4	 49.493900	 0.045183
5	 5	 1	 5	 48.713900	 0.035349
5	 5	 1	 6	 48.450400	 0.032934
5	 5	 2	 1	 52.043800	 0.014233
5	 5	 2	 2	 52.073400	 0.011176
5	 5	 2	 3	 53.186900	 0.009650
5	 5	 2	 4	 49.550000	 0.027284
5	 5	 2	 5	 50.464300	 0.029603
5	 5	 2	 6	 51.434700	 0.032365
5	 5	 3	 1	 50.392700	 0.034933
5	 5	 3	 2	 50.155000	 0.035655
5	 5	 3	 3	 50.844600	 0.041428
5	 5	 3	 4	 48.316400	 0.040901
5	 5	 3	 5	 52.301500	 0.048712
5	 5	 3	 6	 50.243000	 0.058222
5	 5	 4	 1	 48.814700	 0.059242
5	 5	 4	 2	 49.281800	 0.062409
5	 5	 4	 3	 49.266300	 0.070578
5	 5	 4	 4	 44.014035	 5.736406
5	 5	 4	 5	 43.529582	 6.145571
5	 5	 4	 6	 47.448300	 0.088589
5	 5	 5	 1	 47.032000	 0.112701
5	 5	 5	 2	 37.458462	 9.299034
5	 5	 5	 3	 46.001700	 0.149840
5	 5	 5	 4	 47.539400	 0.170121
5	 5	 5	 5	 41.163573	 9.048251
5	 5	 5	 6	 48.810300	 0.482212
5	 5	 6	 1	 36.756100	 0.465497
5	 5	 6	 2	 45.831500	 0.346050
5	 5	 6	 3	 47.837300	 5.697000
5	 5	 6	 4	 38.918264	 20.014126
5	 5	 6	 5	 49.744300	 15.424000
5	 5	 6	 6	 29.844376	 25.973505
5	 5	 7	 1	 42.788464	 22.828473
5	 5	 7	 2	 35.887274	 18.371243
5	 5	 7	 3	 45.466900	 0.881924
5	 5	 7	 4	 19.535279	 63.380382
5	 5	 7	 5	 41.363800	 3.377560
5	 5	 7	 6	 55.590000	 11.686400
5	 6	 1	 1	 40.257000	 0.417408
5	 6	 1	 2	 43.237300	 0.094424
5	 6	 1	 3	 43.932200	 0.062554
5	 6	 1	 4	 43.327700	 0.054656
5	 6	 1	 5	 44.682000	 0.044206
5	 6	 1	 6	 42.846300	 0.037146
5	 6	 2	 1	 48.276200	 0.031030
5	 6	 2	 2	 46.011900	 0.025148
5	 6	 2	 3	 45.909300	 0.018562
5	 6	 2	 4	 47.958700	 0.024725
5	 6	 2	 5	 48.362600	 0.029467
5	 6	 2	 6	 48.587400	 0.029231
5	 6	 3	 1	 47.425200	 0.030198
5	 6	 3	 2	 48.013700	 0.036026
5	 6	 3	 3	 46.863000	 0.010124
5	 6	 3	 4	 45.986300	 0.075406
5	 6	 3	 5	 46.272300	 0.048646
5	 6	 3	 6	 46.034700	 0.051851
5	 6	 4	 1	 45.043700	 0.077243
5	 6	 4	 2	 45.845100	 0.066982
5	 6	 4	 3	 45.706600	 0.015199
5	 6	 4	 4	 54.646500	 3.394540
5	 6	 4	 5	 49.982900	 0.080715
5	 6	 4	 6	 45.067506	 6.272973
5	 6	 5	 1	 45.895700	 0.149887
5	 6	 5	 2	 45.542700	 0.128262
5	 6	 5	 3	 47.187200	 0.143778
5	 6	 5	 4	 39.388598	 9.867709
5	 6	 5	 5	 40.299257	 10.158096
5	 6	 5	 6	 48.775800	 0.283286
5	 6	 6	 1	 37.681575	 12.039885
5	 6	 6	 2	 39.329105	 12.974002
5	 6	 6	 3	 48.512900	 0.123673
5	 6	 6	 4	 26.388502	 15.062017
5	 6	 6	 5	 47.361600	 6.187000
5	 6	 6	 6	 41.222793	 18.124083
5	 6	 7	 1	 33.615385	 17.858920
5	 6	 7	 2	 1.597664	 39.789478
5	 6	 7	 3	 36.721800	 1.052270
5	 6	 7	 4	 40.678900	 1.688950
5	 6	 7	 5	 49.624800	 1.536170
5	 6	 7	 6	 78.523700	 176.966000
6	 1	 1	 1	 1.069006	 3.454561
6	 1	 1	 2	 5.565560	 0.019298
6	 1	 1	 3	 4.239305	 0.782604
6	 1	 1	 4	 7.681054	 1.119880
6	 1	 1	 5	 9.801500	 0.019790
6	 1	 1	 6	 10.462710	 0.019815
6	 1	 2	 1	 7.503476	 1.117870
6	 1	 2	 2	 7.624086	 1.118410
6	 1	 2	 3	 7.669565	 1.131313
6	 1	 2	 4	 8.179190	 0.017927
6	 1	 2	 5	 8.736240	 0.015437
6	 1	 2	 6	 7.117566	 1.344111
6	 1	 3	 1	 6.870175	 1.341108
6	 1	 3	 2	 7.891800	 0.018996
6	 1	 3	 3	 6.897984	 1.442511
6	 1	 3	 4	 6.333450	 0.021581
6	 1	 3	 5	 6.018002	 1.256126
6	 1	 3	 6	 4.252714	 1.886571
6	 1	 4	 1	 5.721444	 1.761954
6	 1	 4	 2	 8.938030	 0.025423
6	 1	 4	 3	 6.103226	 1.831696
6	 1	 4	 4	 7.450847	 2.841485
6	 1	 4	 5	 7.476923	 1.623476
6	 1	 4	 6	 5.934503	 3.169915
6	 1	 5	 1	 4.774340	 0.028715
6	 1	 5	 2	 1.016296	 2.942829
6	 1	 5	 3	 0.715152	 1.821151
6	 1	 5	 4	 7.983333	 3.300813
6	 1	 5	 5	 7.652107	 3.462028
6	 1	 5	 6	 9.684660	 0.043048
6	 1	 6	 1	 6.445270	 0.053854
6	 1	 6	 2	 3.715942	 3.672246
6	 1	 6	 3	 5.925020	 0.059449
6	 1	 6	 4	 3.772973	 2.316563
6	 1	 6	 5	 2.133333	 5.205965
6	 1	 6	 6	 3.986207	 2.608209
6	 1	 7	 1	 6.570430	 0.108113
6	 1	 7	 2	 8.904880	 0.141363
6	 1	 7	 3	 -16.062298	 16.487309
6	 1	 7	 4	 -2.080000	 8.881936
6	 1	 7	 5	 7.287820	 0.095615
6	 1	 7	 6	 7.926870	 0.047324
6	 2	 1	 1	 6.449658	 4.853762
6	 2	 1	 2	 10.411420	 0.026848
6	 2	 1	 3	 7.899180	 0.019732
6	 2	 1	 4	 9.410526	 1.804647
6	 2	 1	 5	 7.039114	 1.274886
6	 2	 1	 6	 6.821077	 1.246131
6	 2	 2	 1	 6.739090	 0.018587
6	 2	 2	 2	 5.524037	 1.405850
6	 2	 2	 3	 5.641540	 0.018581
6	 2	 2	 4	 7.296057	 1.221042
6	 2	 2	 5	 6.481871	 1.413736
6	 2	 2	 6	 8.407530	 0.020081
6	 2	 3	 1	 6.971410	 0.019018
6	 2	 3	 2	 7.956840	 0.021618
6	 2	 3	 3	 6.482670	 0.020809
6	 2	 3	 4	 5.591019	 1.610203
6	 2	 3	 5	 5.545263	 1.606729
6	 2	 3	 6	 3.153524	 1.890771
6	 2	 4	 1	 6.648560	 1.725229
6	 2	 4	 2	 8.224200	 0.033436
6	 2	 4	 3	 5.709705	 1.769993
6	 2	 4	 4	 6.030360	 0.025464
6	 2	 4	 5	 5.803110	 0.027850
6	 2	 4	 6	 1.481004	 2.693329
6	 2	 5	 1	 5.637956	 1.947079
6	 2	 5	 2	 7.911111	 3.064710
6	 2	 5	 3	 9.060510	 0.039949
6	 2	 5	 4	 4.774603	 2.533131
6	 2	 5	 5	 2.353052	 1.955460
6	 2	 5	 6	 6.904940	 0.051302
6	 2	 6	 1	 3.337853	 1.927650
6	 2	 6	 2	 4.933333	 3.141345
6	 2	 6	 3	 0.922645	 2.284120
6	 2	 6	 4	 10.047950	 0.090012
6	 2	 6	 5	 9.605240	 0.102377
6	 2	 6	 6	 8.794845	 5.160524
6	 2	 7	 1	 4.133333	 9.759883
6	 2	 7	 2	 7.322420	 5.811239
6	 2	 7	 3	 6.362127	 7.760051
6	 2	 7	 4	 2.428760	 0.147430
6	 2	 7	 5	 5.051530	 0.179757
6	 2	 7	 6	 4.121050	 0.222671
6	 3	 1	 1	 -27.248400	 2.345780
6	 3	 1	 2	 -27.425426	 4.138109
6	 3	 1	 3	 -28.863900	 1.421300
6	 3	 1	 4	 -28.241900	 0.033538
6	 3	 1	 5	 -28.607400	 0.030564
6	 3	 1	 6	 -28.929700	 0.017684
6	 3	 2	 1	 -27.617700	 0.024512
6	 3	 2	 2	 -27.410100	 0.025581
6	 3	 2	 3	 -29.647800	 0.036365
6	 3	 2	 4	 -29.177400	 0.027271
6	 3	 2	 5	 -27.650600	 0.028299
6	 3	 2	 6	 -29.014900	 0.027810
6	 3	 3	 1	 -28.761500	 0.014068
6	 3	 3	 2	 -28.182400	 0.030488
6	 3	 3	 3	 -29.678500	 0.031119
6	 3	 3	 4	 -29.407600	 0.031369
6	 3	 3	 5	 -27.744800	 0.033271
6	 3	 3	 6	 -27.275900	 0.037764
6	 3	 4	 1	 -28.909000	 0.034042
6	 3	 4	 2	 -28.139300	 0.037851
6	 3	 4	 3	 -28.851400	 0.042669
6	 3	 4	 4	 -28.803000	 0.042085
6	 3	 4	 5	 -27.820200	 0.046865
6	 3	 4	 6	 -27.558500	 0.051965
6	 3	 5	 1	 -27.774500	 0.053014
6	 3	 5	 2	 -26.252600	 0.060807
6	 3	 5	 3	 -25.799200	 0.080628
6	 3	 5	 4	 -28.650100	 0.078875
6	 3	 5	 5	 -26.923400	 0.091227
6	 3	 5	 6	 -25.905800	 0.082762
6	 3	 6	 1	 -26.350100	 0.105007
6	 3	 6	 2	 -26.485039	 8.774608
6	 3	 6	 3	 -34.344690	 21.913671
6	 3	 6	 4	 -37.237064	 20.308731
6	 3	 6	 5	 -26.885200	 0.233418
6	 3	 6	 6	 -26.296642	 11.370305
6	 3	 7	 1	 -49.751346	 56.965355
6	 3	 7	 2	 -26.729600	 9.906900
6	 3	 7	 3	 -30.076500	 0.749895
6	 3	 7	 4	 -29.588200	 0.892460
6	 3	 7	 5	 -30.321200	 1.479960
6	 3	 7	 6	 -37.074700	 2.732220
6	 4	 1	 1	 -15.884300	 1.202000
6	 4	 1	 2	 -27.749600	 0.147039
6	 4	 1	 3	 -28.234100	 0.055938
6	 4	 1	 4	 -27.724300	 0.031462
6	 4	 1	 5	 -27.497300	 0.030099
6	 4	 1	 6	 -27.035000	 0.022260
6	 4	 2	 1	 -27.811200	 0.026540
6	 4	 2	 2	 -28.110000	 0.026488
6	 4	 2	 3	 -28.303700	 0.025467
6	 4	 2	 4	 -28.406000	 0.034846
6	 4	 2	 5	 -28.724600	 0.027870
6	 4	 2	 6	 -28.634900	 0.029965
6	 4	 3	 1	 -26.838500	 0.029933
6	 4	 3	 2	 -28.758100	 0.031263
6	 4	 3	 3	 -28.890400	 0.033697
6	 4	 3	 4	 -28.196300	 0.036599
6	 4	 3	 5	 -27.562200	 0.039379
6	 4	 3	 6	 -27.161100	 0.036805
6	 4	 4	 1	 -28.141000	 0.043317
6	 4	 4	 2	 -28.057900	 0.047085
6	 4	 4	 3	 -31.158698	 3.230410
6	 4	 4	 4	 -31.843678	 3.723067
6	 4	 4	 5	 -27.186100	 0.063203
6	 4	 4	 6	 -27.862800	 0.066026
6	 4	 5	 1	 -27.075800	 0.065763
6	 4	 5	 2	 -27.379500	 0.063933
6	 4	 5	 3	 -27.781000	 0.077140
6	 4	 5	 4	 -27.450700	 0.092803
6	 4	 5	 5	 -28.062000	 0.100714
6	 4	 5	 6	 -28.213400	 0.090337
6	 4	 6	 1	 -27.574600	 0.129292
6	 4	 6	 2	 -28.943900	 0.062829
6	 4	 6	 3	 -118.498664	 91.272329
6	 4	 6	 4	 -33.542902	 19.496937
6	 4	 6	 5	 -30.321600	 0.391772
6	 4	 6	 6	 -29.554428	 17.163719
6	 4	 7	 1	 -28.626100	 0.106700
6	 4	 7	 2	 -31.700700	 0.653589
6	 4	 7	 3	 -33.926400	 0.810159
6	 4	 7	 4	 -32.872500	 1.583650
6	 4	 7	 5	 -34.249700	 1.784530
6	 4	 7	 6	 -34.957100	 2.707830
6	 5	 1	 1	 10.664200	 2.964480
6	 5	 1	 2	 23.322200	 0.211970
6	 5	 1	 3	 21.416200	 0.099897
6	 5	 1	 4	 24.991000	 0.058529
6	 5	 1	 5	 26.827900	 0.046662
6	 5	 1	 6	 26.016000	 0.036977
6	 5	 2	 1	 22.658200	 0.013248
6	 5	 2	 2	 25.646200	 0.060359
6	 5	 2	 3	 21.579000	 0.011507
6	 5	 2	 4	 27.754800	 0.035060
6	 5	 2	 5	 27.568200	 0.013088
6	 5	 2	 6	 25.269200	 0.032647
6	 5	 3	 1	 24.463400	 0.033142
6	 5	 3	 2	 23.414100	 0.037002
6	 5	 3	 3	 23.045900	 0.042181
6	 5	 3	 4	 23.235700	 0.045811
6	 5	 3	 5	 24.920100	 0.054399
6	 5	 3	 6	 25.839200	 0.062693
6	 5	 4	 1	 27.435800	 0.067746
6	 5	 4	 2	 29.866800	 0.061982
6	 5	 4	 3	 29.130900	 0.074099
6	 5	 4	 4	 24.014500	 0.082702
6	 5	 4	 5	 23.000000	 0.093083
6	 5	 4	 6	 26.209200	 0.117948
6	 5	 5	 1	 16.703800	 4.214807
6	 5	 5	 2	 25.401200	 0.107201
6	 5	 5	 3	 19.385894	 3.935654
6	 5	 5	 4	 20.496900	 0.427252
6	 5	 5	 5	 23.290200	 0.502583
6	 5	 5	 6	 23.461500	 0.320080
6	 5	 6	 1	 18.927400	 0.371811
6	 5	 6	 2	 18.905241	 6.274345
6	 5	 6	 3	 10.741700	 0.575848
6	 5	 6	 4	 12.393876	 11.114917
6	 5	 6	 5	 19.574600	 1.250090
6	 5	 6	 6	 17.068428	 11.995916
6	 5	 7	 1	 -11.042554	 35.512751
6	 5	 7	 2	 16.853200	 0.802511
6	 5	 7	 3	 22.495700	 6.854000
6	 5	 7	 4	 14.698100	 1.783080
6	 5	 7	 5	 13.428700	 2.687400
6	 5	 7	 6	 30.456100	 5.761190
6	 6	 1	 1	 14.443600	 1.264610
6	 6	 1	 2	 24.915700	 1.191000
6	 6	 1	 3	 18.380800	 0.127236
6	 6	 1	 4	 20.187400	 0.068081
6	 6	 1	 5	 19.872100	 0.052622
6	 6	 1	 6	 20.184400	 0.042894
6	 6	 2	 1	 19.378200	 0.033758
6	 6	 2	 2	 18.764400	 0.034200
6	 6	 2	 3	 18.092600	 0.029898
6	 6	 2	 4	 19.144800	 2.602030
6	 6	 2	 5	 17.211300	 0.027898
6	 6	 2	 6	 17.762800	 0.031292
6	 6	 3	 1	 21.331100	 0.048344
6	 6	 3	 2	 20.036900	 0.050385
6	 6	 3	 3	 20.077800	 0.049772
6	 6	 3	 4	 14.110900	 0.070487
6	 6	 3	 5	 18.564300	 0.056437
6	 6	 3	 6	 18.573500	 0.061063
6	 6	 4	 1	 19.764300	 0.078784
6	 6	 4	 2	 18.857500	 0.079782
6	 6	 4	 3	 20.361300	 0.085134
6	 6	 4	 4	 19.798600	 2.171060
6	 6	 4	 5	 21.012600	 0.110031
6	 6	 4	 6	 19.709800	 0.128821
6	 6	 5	 1	 22.759300	 0.128411
6	 6	 5	 2	 16.924322	 4.277739
6	 6	 5	 3	 13.714505	 4.980653
6	 6	 5	 4	 21.456600	 0.211571
6	 6	 5	 5	 17.646019	 4.535654
6	 6	 5	 6	 10.662100	 0.477421
6	 6	 6	 1	 21.393300	 0.145203
6	 6	 6	 2	 18.563537	 6.405812
6	 6	 6	 3	 7.388430	 0.517495
6	 6	 6	 4	 9.166092	 11.153160
6	 6	 6	 5	 5.071736	 9.004241
6	 6	 6	 6	 23.073300	 0.600396
6	 6	 7	 1	 -303.009723	 390.412298
6	 6	 7	 2	 13.052322	 13.831572
6	 6	 7	 3	 29.983700	 22.491300
6	 6	 7	 4	 22.113247	 20.141568
6	 6	 7	 5	 28.034800	 2.298580
6	 6	 7	 6	 42.020800	 16.587400
