#& Sector Superlayer Slot Cable T0Correction T0Error
1	 1	 1	 1	 0.482958	 1.977663
1	 1	 1	 2	 6.448374	 1.520888
1	 1	 1	 3	 3.054463	 1.922832
1	 1	 1	 4	 3.461737	 1.682750
1	 1	 1	 5	 3.964795	 0.016166
1	 1	 1	 6	 2.634367	 1.432466
1	 1	 2	 1	 0.640620	 2.119400
1	 1	 2	 2	 1.251164	 2.058954
1	 1	 2	 3	 4.857325	 1.731990
1	 1	 2	 4	 2.491320	 1.612949
1	 1	 2	 5	 5.330012	 1.707517
1	 1	 2	 6	 2.592129	 1.624155
1	 1	 3	 1	 3.148530	 1.976721
1	 1	 3	 2	 5.122416	 2.157090
1	 1	 3	 3	 4.359768	 1.536653
1	 1	 3	 4	 1.410723	 2.377617
1	 1	 3	 5	 -1.440409	 3.199605
1	 1	 3	 6	 4.807722	 1.536596
1	 1	 4	 1	 3.965873	 1.547870
1	 1	 4	 2	 2.486727	 2.038401
1	 1	 4	 3	 1.483841	 1.242044
1	 1	 4	 4	 1.728299	 2.035636
1	 1	 4	 5	 3.448850	 1.990751
1	 1	 4	 6	 4.698555	 1.952796
1	 1	 5	 1	 2.524253	 2.275730
1	 1	 5	 2	 1.573390	 2.347772
1	 1	 5	 3	 1.609725	 2.478352
1	 1	 5	 4	 0.378412	 2.153326
1	 1	 5	 5	 3.570303	 2.285289
1	 1	 5	 6	 -0.803370	 5.216694
1	 1	 6	 1	 6.101129	 3.790270
1	 1	 6	 2	 -1.119992	 11.732600
1	 1	 6	 3	 7.379964	 5.578210
1	 1	 6	 4	 5.471300	 3.291209
1	 1	 6	 5	 -5.143449	 5.209942
1	 1	 6	 6	 5.558673	 5.349536
1	 1	 7	 1	 7.632085	 8.963701
1	 1	 7	 2	 0.430082	 10.198856
1	 1	 7	 3	 4.733740	 0.126261
1	 1	 7	 4	 -21.333841	 42.265280
1	 1	 7	 5	 3.937045	 0.131229
1	 1	 7	 6	 9.468804	 40.963886
1	 2	 1	 1	 -21.270870	 7.828545
1	 2	 1	 2	 -17.195111	 1.690596
1	 2	 1	 3	 -18.455377	 1.871350
1	 2	 1	 4	 -20.463778	 2.189669
1	 2	 1	 5	 -18.835721	 2.445558
1	 2	 1	 6	 -19.972109	 1.995771
1	 2	 2	 1	 -19.157988	 1.841477
1	 2	 2	 2	 -19.258871	 1.932361
1	 2	 2	 3	 -21.141855	 2.031706
1	 2	 2	 4	 -22.497049	 2.517863
1	 2	 2	 5	 -19.602350	 2.929781
1	 2	 2	 6	 -22.435860	 1.902329
1	 2	 3	 1	 -22.561286	 1.893929
1	 2	 3	 2	 -19.535488	 2.128409
1	 2	 3	 3	 -21.581359	 1.754177
1	 2	 3	 4	 -22.421831	 2.620464
1	 2	 3	 5	 -18.565708	 0.022248
1	 2	 3	 6	 -23.798304	 3.533031
1	 2	 4	 1	 -22.273266	 3.104029
1	 2	 4	 2	 -19.109408	 0.024665
1	 2	 4	 3	 -25.308985	 2.967457
1	 2	 4	 4	 -24.301657	 2.800013
1	 2	 4	 5	 -20.846135	 2.885163
1	 2	 4	 6	 -22.313813	 3.722889
1	 2	 5	 1	 -21.498183	 2.886653
1	 2	 5	 2	 -19.882139	 3.022098
1	 2	 5	 3	 -21.119464	 2.957128
1	 2	 5	 4	 -21.023251	 5.777896
1	 2	 5	 5	 -24.103583	 4.124982
1	 2	 5	 6	 -24.771522	 3.393781
1	 2	 6	 1	 -20.242836	 4.424991
1	 2	 6	 2	 -18.004770	 3.555593
1	 2	 6	 3	 -16.800342	 4.365187
1	 2	 6	 4	 -23.692034	 13.038420
1	 2	 6	 5	 -24.015692	 6.222748
1	 2	 6	 6	 -24.692102	 8.346792
1	 2	 7	 1	 -21.011171	 4.682372
1	 2	 7	 2	 -19.038508	 0.143885
1	 2	 7	 3	 -19.710308	 0.142191
1	 2	 7	 4	 -42.290674	 35.296207
1	 2	 7	 5	 -19.440508	 0.176544
1	 2	 7	 6	 -21.738908	 0.152579
1	 3	 1	 1	 -15.138907	 3.818290
1	 3	 1	 2	 -19.689599	 5.119750
1	 3	 1	 3	 -16.489307	 0.032217
1	 3	 1	 4	 -17.743851	 2.492126
1	 3	 1	 5	 -20.411725	 3.353559
1	 3	 1	 6	 -16.928892	 2.223684
1	 3	 2	 1	 -15.913413	 1.874580
1	 3	 2	 2	 -17.106452	 2.938384
1	 3	 2	 3	 -17.284426	 1.667077
1	 3	 2	 4	 -17.175353	 1.663448
1	 3	 2	 5	 -14.350197	 2.182269
1	 3	 2	 6	 -17.699848	 1.820154
1	 3	 3	 1	 -21.174727	 2.621943
1	 3	 3	 2	 -15.821107	 0.043382
1	 3	 3	 3	 -18.833985	 2.052480
1	 3	 3	 4	 -26.128167	 4.752023
1	 3	 3	 5	 -15.557353	 2.482037
1	 3	 3	 6	 -21.627050	 3.362640
1	 3	 4	 1	 -15.334707	 0.038213
1	 3	 4	 2	 -21.027316	 3.275029
1	 3	 4	 3	 -35.386572	 8.565157
1	 3	 4	 4	 -17.830741	 2.902402
1	 3	 4	 5	 -30.808536	 5.803504
1	 3	 4	 6	 -30.577661	 7.720233
1	 3	 5	 1	 -19.356042	 2.632998
1	 3	 5	 2	 -18.526644	 4.828488
1	 3	 5	 3	 -14.024391	 3.154838
1	 3	 5	 4	 -25.285508	 4.230983
1	 3	 5	 5	 -72.066874	 41.882133
1	 3	 5	 6	 -14.332707	 0.123062
1	 3	 6	 1	 -24.236851	 10.464024
1	 3	 6	 2	 -10.408438	 4.003282
1	 3	 6	 3	 -18.289808	 5.305300
1	 3	 6	 4	 -19.890423	 7.517951
1	 3	 6	 5	 -46.494377	 30.584975
1	 3	 6	 6	 -14.857868	 8.634524
1	 3	 7	 1	 -2.804357	 4.871168
1	 3	 7	 2	 -14.907007	 0.317304
1	 3	 7	 3	 -19.384807	 0.710913
1	 3	 7	 4	 -20.590907	 0.994972
1	 3	 7	 5	 -19.179807	 1.749730
1	 3	 7	 6	 -22.158507	 3.606850
1	 4	 1	 1	 -24.887457	 14.528700
1	 4	 1	 2	 -16.851413	 2.779695
1	 4	 1	 3	 -17.769999	 2.608921
1	 4	 1	 4	 -18.428898	 2.609335
1	 4	 1	 5	 -17.350160	 2.245450
1	 4	 1	 6	 -21.412993	 4.493719
1	 4	 2	 1	 -16.766628	 2.002046
1	 4	 2	 2	 -19.562895	 3.438592
1	 4	 2	 3	 -17.838560	 2.335122
1	 4	 2	 4	 -18.666436	 2.318627
1	 4	 2	 5	 -12.138805	 1.445918
1	 4	 2	 6	 -26.908458	 4.910400
1	 4	 3	 1	 -26.358370	 4.210498
1	 4	 3	 2	 -26.247424	 3.894488
1	 4	 3	 3	 -23.633533	 3.453372
1	 4	 3	 4	 -20.048433	 2.593405
1	 4	 3	 5	 -22.066435	 3.025819
1	 4	 3	 6	 -15.655010	 2.281192
1	 4	 4	 1	 -16.430275	 2.708784
1	 4	 4	 2	 -22.473129	 2.570301
1	 4	 4	 3	 -21.267790	 2.054060
1	 4	 4	 4	 -25.138248	 3.678473
1	 4	 4	 5	 -24.500222	 4.373737
1	 4	 4	 6	 -21.096988	 3.520779
1	 4	 5	 1	 -25.432884	 4.464653
1	 4	 5	 2	 -24.453171	 3.503504
1	 4	 5	 3	 -14.904151	 2.466197
1	 4	 5	 4	 -30.418423	 8.970923
1	 4	 5	 5	 -17.239057	 0.108222
1	 4	 5	 6	 -16.863791	 5.328163
1	 4	 6	 1	 -36.965723	 21.495948
1	 4	 6	 2	 -20.779719	 6.841741
1	 4	 6	 3	 -25.050743	 8.649209
1	 4	 6	 4	 -19.633957	 0.328302
1	 4	 6	 5	 -17.051256	 7.426618
1	 4	 6	 6	 -13.440481	 7.790821
1	 4	 7	 1	 -16.603257	 0.180590
1	 4	 7	 2	 -18.756857	 0.683434
1	 4	 7	 3	 -20.356057	 0.902941
1	 4	 7	 4	 -23.867457	 1.971960
1	 4	 7	 5	 -9.478057	 99.887500
1	 4	 7	 6	 -21.635157	 2.748620
1	 5	 1	 1	 25.228762	 12.343208
1	 5	 1	 2	 21.814570	 7.298937
1	 5	 1	 3	 20.768679	 6.849329
1	 5	 1	 4	 20.512289	 7.091920
1	 5	 1	 5	 24.232109	 11.144015
1	 5	 1	 6	 22.749706	 10.940516
1	 5	 2	 1	 16.825096	 5.955591
1	 5	 2	 2	 17.076893	 9.674626
1	 5	 2	 3	 4.874303	 12.851057
1	 5	 2	 4	 11.863380	 8.595935
1	 5	 2	 5	 19.383870	 8.919671
1	 5	 2	 6	 21.191147	 9.460559
1	 5	 3	 1	 23.600455	 7.924653
1	 5	 3	 2	 29.430386	 0.034463
1	 5	 3	 3	 19.063209	 8.896487
1	 5	 3	 4	 28.169186	 0.040539
1	 5	 3	 5	 25.522134	 7.816607
1	 5	 3	 6	 16.971241	 9.273508
1	 5	 4	 1	 19.705547	 9.100884
1	 5	 4	 2	 24.461967	 11.067271
1	 5	 4	 3	 19.990049	 6.745829
1	 5	 4	 4	 17.261655	 9.465330
1	 5	 4	 5	 29.140260	 10.104420
1	 5	 4	 6	 16.275698	 10.833403
1	 5	 5	 1	 15.385904	 11.495310
1	 5	 5	 2	 27.215086	 0.119125
1	 5	 5	 3	 23.446893	 14.025711
1	 5	 5	 4	 18.464164	 7.154029
1	 5	 5	 5	 14.720710	 13.100372
1	 5	 5	 6	 23.799542	 9.215917
1	 5	 6	 1	 19.088565	 14.639461
1	 5	 6	 2	 18.213500	 13.784765
1	 5	 6	 3	 25.269667	 23.294567
1	 5	 6	 4	 31.434400	 16.291255
1	 5	 6	 5	 23.707240	 16.815347
1	 5	 6	 6	 31.770685	 26.176235
1	 5	 7	 1	 33.604735	 29.874445
1	 5	 7	 2	 20.501477	 25.835757
1	 5	 7	 3	 15.964086	 1.953950
1	 5	 7	 4	 32.101386	 7.634000
1	 5	 7	 5	 38.795486	 0.866746
1	 5	 7	 6	 42.329186	 13.204500
1	 6	 1	 1	 11.154050	 8.528160
1	 6	 1	 2	 19.842802	 6.502842
1	 6	 1	 3	 23.091394	 6.629576
1	 6	 1	 4	 18.451986	 9.908116
1	 6	 1	 5	 20.896973	 8.871863
1	 6	 1	 6	 21.054521	 6.543478
1	 6	 2	 1	 18.204183	 6.050024
1	 6	 2	 2	 13.656564	 6.613544
1	 6	 2	 3	 14.686845	 11.039336
1	 6	 2	 4	 16.162174	 6.717343
1	 6	 2	 5	 18.980092	 9.762960
1	 6	 2	 6	 16.170418	 8.192834
1	 6	 3	 1	 8.104493	 7.128456
1	 6	 3	 2	 9.963120	 6.785473
1	 6	 3	 3	 11.877591	 6.257932
1	 6	 3	 4	 15.729117	 6.865355
1	 6	 3	 5	 18.298588	 6.866887
1	 6	 3	 6	 20.562935	 6.424577
1	 6	 4	 1	 20.308414	 5.150904
1	 6	 4	 2	 15.954325	 7.233469
1	 6	 4	 3	 15.733531	 5.658763
1	 6	 4	 4	 10.689674	 8.728266
1	 6	 4	 5	 15.144370	 6.787282
1	 6	 4	 6	 11.639945	 8.697118
1	 6	 5	 1	 28.498292	 8.312456
1	 6	 5	 2	 27.897305	 11.956700
1	 6	 5	 3	 16.281319	 7.725297
1	 6	 5	 4	 12.608372	 6.778691
1	 6	 5	 5	 12.599478	 14.458195
1	 6	 5	 6	 17.917872	 8.026322
1	 6	 6	 1	 19.475346	 11.337843
1	 6	 6	 2	 20.801795	 14.935208
1	 6	 6	 3	 27.318698	 15.655723
1	 6	 6	 4	 12.366633	 33.912710
1	 6	 6	 5	 0.764703	 20.832226
1	 6	 6	 6	 9.413893	 17.928100
1	 6	 7	 1	 17.962901	 17.496691
1	 6	 7	 2	 30.018336	 37.855349
1	 6	 7	 3	 25.921320	 33.839182
1	 6	 7	 4	 3.285281	 25.814425
1	 6	 7	 5	 26.660703	 3.214290
1	 6	 7	 6	 27.240003	 5.225000
2	 1	 1	 1	 0.468322	 5.874788
2	 1	 1	 2	 12.649221	 3.115216
2	 1	 1	 3	 4.029361	 4.555332
2	 1	 1	 4	 11.063709	 4.250336
2	 1	 1	 5	 12.700878	 4.281785
2	 1	 1	 6	 14.585201	 4.845682
2	 1	 2	 1	 11.534858	 3.372136
2	 1	 2	 2	 10.384018	 2.708246
2	 1	 2	 3	 14.169194	 0.018263
2	 1	 2	 4	 11.126331	 3.115679
2	 1	 2	 5	 15.034612	 7.426132
2	 1	 2	 6	 17.650502	 3.866277
2	 1	 3	 1	 14.035533	 3.293777
2	 1	 3	 2	 13.069938	 4.492918
2	 1	 3	 3	 13.409005	 2.830311
2	 1	 3	 4	 11.189842	 4.144279
2	 1	 3	 5	 12.047052	 3.176997
2	 1	 3	 6	 6.167180	 3.189504
2	 1	 4	 1	 10.695731	 4.050277
2	 1	 4	 2	 12.913878	 3.531006
2	 1	 4	 3	 7.720247	 3.694212
2	 1	 4	 4	 11.873226	 3.138908
2	 1	 4	 5	 11.718602	 4.174273
2	 1	 4	 6	 12.387942	 3.828376
2	 1	 5	 1	 11.922971	 4.473991
2	 1	 5	 2	 7.274836	 7.179445
2	 1	 5	 3	 9.140458	 4.315393
2	 1	 5	 4	 12.345055	 3.875766
2	 1	 5	 5	 5.889385	 4.985029
2	 1	 5	 6	 1.299342	 8.608153
2	 1	 6	 1	 12.158918	 5.067860
2	 1	 6	 2	 13.509025	 6.405222
2	 1	 6	 3	 9.440969	 4.944974
2	 1	 6	 4	 9.130188	 6.387177
2	 1	 6	 5	 10.655208	 8.387079
2	 1	 6	 6	 20.171020	 9.672019
2	 1	 7	 1	 14.349594	 14.261540
2	 1	 7	 2	 15.526394	 0.138212
2	 1	 7	 3	 14.299094	 0.166562
2	 1	 7	 4	 13.533494	 0.063647
2	 1	 7	 5	 13.325594	 0.222250
2	 1	 7	 6	 17.085694	 0.193318
2	 2	 1	 1	 18.260176	 0.059361
2	 2	 1	 2	 17.010421	 4.539812
2	 2	 1	 3	 17.003363	 3.827564
2	 2	 1	 4	 15.335104	 3.201299
2	 2	 1	 5	 14.935642	 3.437184
2	 2	 1	 6	 10.789386	 6.391387
2	 2	 2	 1	 17.574108	 3.509157
2	 2	 2	 2	 18.288121	 3.353563
2	 2	 2	 3	 18.110012	 3.455333
2	 2	 2	 4	 18.045874	 4.326201
2	 2	 2	 5	 14.089160	 3.867599
2	 2	 2	 6	 15.923975	 3.770163
2	 2	 3	 1	 11.597484	 2.535555
2	 2	 3	 2	 9.877489	 5.140699
2	 2	 3	 3	 9.124193	 3.892025
2	 2	 3	 4	 9.920603	 3.063779
2	 2	 3	 5	 5.349273	 5.987729
2	 2	 3	 6	 14.098476	 0.024500
2	 2	 4	 1	 13.451550	 3.583046
2	 2	 4	 2	 16.176170	 3.475879
2	 2	 4	 3	 15.086200	 3.617577
2	 2	 4	 4	 13.066976	 3.572477
2	 2	 4	 5	 9.771802	 4.052820
2	 2	 4	 6	 16.064974	 4.560763
2	 2	 5	 1	 7.750468	 4.280857
2	 2	 5	 2	 10.649139	 3.182433
2	 2	 5	 3	 12.571558	 4.657469
2	 2	 5	 4	 4.751409	 5.602310
2	 2	 5	 5	 5.020550	 6.482990
2	 2	 5	 6	 16.302376	 0.052736
2	 2	 6	 1	 14.381890	 7.476217
2	 2	 6	 2	 17.201951	 9.557746
2	 2	 6	 3	 12.992683	 8.711575
2	 2	 6	 4	 14.469166	 7.038643
2	 2	 6	 5	 7.790181	 10.533285
2	 2	 6	 6	 11.620309	 10.842078
2	 2	 7	 1	 10.965079	 14.238561
2	 2	 7	 2	 15.797176	 0.690234
2	 2	 7	 3	 18.500976	 0.313706
2	 2	 7	 4	 7.706517	 18.134638
2	 2	 7	 5	 16.059576	 0.257461
2	 2	 7	 6	 16.334776	 0.249777
2	 3	 1	 1	 30.498581	 2.363320
2	 3	 1	 2	 24.401181	 0.082556
2	 3	 1	 3	 23.548981	 0.045471
2	 3	 1	 4	 8.286716	 10.855214
2	 3	 1	 5	 17.492732	 6.194409
2	 3	 1	 6	 16.498509	 5.859818
2	 3	 2	 1	 19.064981	 4.944981
2	 3	 2	 2	 18.334542	 3.923395
2	 3	 2	 3	 8.792537	 11.293497
2	 3	 2	 4	 14.029352	 4.745464
2	 3	 2	 5	 17.312048	 7.799772
2	 3	 2	 6	 14.880843	 3.520333
2	 3	 3	 1	 13.383198	 6.802784
2	 3	 3	 2	 15.210427	 3.620360
2	 3	 3	 3	 15.757187	 8.502168
2	 3	 3	 4	 15.288679	 5.420642
2	 3	 3	 5	 12.508416	 8.728559
2	 3	 3	 6	 10.066441	 5.140467
2	 3	 4	 1	 19.448932	 6.917948
2	 3	 4	 2	 18.624048	 7.732740
2	 3	 4	 3	 15.574212	 6.449385
2	 3	 4	 4	 15.503880	 5.672631
2	 3	 4	 5	 10.097419	 7.046340
2	 3	 4	 6	 21.892692	 5.739352
2	 3	 5	 1	 11.237032	 9.801120
2	 3	 5	 2	 12.936004	 6.269624
2	 3	 5	 3	 15.992204	 7.025095
2	 3	 5	 4	 -12.912034	 15.903570
2	 3	 5	 5	 9.650226	 9.627151
2	 3	 5	 6	 10.000278	 10.539285
2	 3	 6	 1	 8.348173	 14.317883
2	 3	 6	 2	 29.996668	 16.731042
2	 3	 6	 3	 18.400181	 0.073256
2	 3	 6	 4	 25.408690	 15.534172
2	 3	 6	 5	 6.959821	 24.973262
2	 3	 6	 6	 -31.804546	 38.351024
2	 3	 7	 1	 10.028756	 29.336490
2	 3	 7	 2	 20.411881	 0.214053
2	 3	 7	 3	 15.609581	 0.798274
2	 3	 7	 4	 17.049981	 1.355320
2	 3	 7	 5	 21.052881	 9.533030
2	 3	 7	 6	 19.483681	 2.710580
2	 4	 1	 1	 34.496894	 6.497670
2	 4	 1	 2	 19.683494	 0.162418
2	 4	 1	 3	 16.708879	 12.213048
2	 4	 1	 4	 20.229882	 7.991873
2	 4	 1	 5	 18.286956	 6.964321
2	 4	 1	 6	 16.787776	 10.409736
2	 4	 2	 1	 17.724391	 4.794043
2	 4	 2	 2	 17.681604	 6.761104
2	 4	 2	 3	 8.257418	 13.654180
2	 4	 2	 4	 26.751899	 5.593004
2	 4	 2	 5	 16.567184	 4.532653
2	 4	 2	 6	 15.468629	 6.879685
2	 4	 3	 1	 9.346202	 4.682036
2	 4	 3	 2	 14.311997	 4.046829
2	 4	 3	 3	 11.133093	 10.174769
2	 4	 3	 4	 14.281673	 4.330005
2	 4	 3	 5	 15.366797	 4.186328
2	 4	 3	 6	 5.228390	 6.068795
2	 4	 4	 1	 12.215612	 7.708685
2	 4	 4	 2	 6.022722	 9.576319
2	 4	 4	 3	 13.433093	 5.851615
2	 4	 4	 4	 7.992812	 9.353449
2	 4	 4	 5	 16.786092	 5.869686
2	 4	 4	 6	 15.649830	 4.851652
2	 4	 5	 1	 15.290331	 9.629665
2	 4	 5	 2	 12.192783	 5.165491
2	 4	 5	 3	 14.537222	 8.736852
2	 4	 5	 4	 12.974761	 7.594739
2	 4	 5	 5	 18.385382	 8.348893
2	 4	 5	 6	 29.113503	 14.085616
2	 4	 6	 1	 15.643225	 12.434822
2	 4	 6	 2	 22.059565	 12.455329
2	 4	 6	 3	 7.903300	 16.178048
2	 4	 6	 4	 13.805738	 19.358692
2	 4	 6	 5	 19.232694	 0.298066
2	 4	 6	 6	 14.950752	 12.571924
2	 4	 7	 1	 -6.259629	 39.324994
2	 4	 7	 2	 16.115094	 0.767783
2	 4	 7	 3	 -45.163182	 76.500492
2	 4	 7	 4	 14.359794	 1.266970
2	 4	 7	 5	 15.702494	 1.997930
2	 4	 7	 6	 26.529394	 21.482100
2	 5	 1	 1	 -4.799127	 22.762307
2	 5	 1	 2	 19.071261	 8.006837
2	 5	 1	 3	 24.293102	 8.723328
2	 5	 1	 4	 24.991911	 8.361259
2	 5	 1	 5	 20.703226	 5.580886
2	 5	 1	 6	 24.286886	 6.858159
2	 5	 2	 1	 11.719584	 17.799993
2	 5	 2	 2	 24.699565	 5.631360
2	 5	 2	 3	 22.683497	 7.016375
2	 5	 2	 4	 17.539675	 10.653130
2	 5	 2	 5	 24.186753	 7.732728
2	 5	 2	 6	 15.612637	 8.517677
2	 5	 3	 1	 24.011233	 8.846519
2	 5	 3	 2	 25.937943	 11.619413
2	 5	 3	 3	 19.304730	 7.469030
2	 5	 3	 4	 19.532930	 9.323966
2	 5	 3	 5	 16.483025	 7.850535
2	 5	 3	 6	 26.046325	 8.652239
2	 5	 4	 1	 27.137789	 11.115629
2	 5	 4	 2	 29.336812	 0.058858
2	 5	 4	 3	 22.694412	 6.527294
2	 5	 4	 4	 23.392441	 6.284709
2	 5	 4	 5	 30.308050	 8.319790
2	 5	 4	 6	 19.458507	 10.680964
2	 5	 5	 1	 22.282404	 7.648944
2	 5	 5	 2	 28.219271	 13.446305
2	 5	 5	 3	 22.324280	 8.082865
2	 5	 5	 4	 17.828018	 11.460384
2	 5	 5	 5	 20.041221	 8.592363
2	 5	 5	 6	 24.946120	 13.780926
2	 5	 6	 1	 27.229027	 19.062894
2	 5	 6	 2	 17.831974	 15.178583
2	 5	 6	 3	 7.151093	 28.781356
2	 5	 6	 4	 -25.937881	 41.509345
2	 5	 6	 5	 30.426345	 24.023509
2	 5	 6	 6	 46.814895	 25.941143
2	 5	 7	 1	 2.303274	 45.201620
2	 5	 7	 2	 10.897797	 6.873759
2	 5	 7	 3	 15.230412	 3.114220
2	 5	 7	 4	 16.463512	 2.673060
2	 5	 7	 5	 19.308437	 53.760543
2	 5	 7	 6	 30.214312	 4.388000
2	 6	 1	 1	 14.584237	 9.694551
2	 6	 1	 2	 20.379913	 8.463716
2	 6	 1	 3	 19.541423	 6.437709
2	 6	 1	 4	 24.493119	 7.143106
2	 6	 1	 5	 20.961951	 6.413584
2	 6	 1	 6	 18.178865	 7.974491
2	 6	 2	 1	 21.272930	 8.101229
2	 6	 2	 2	 19.411082	 7.263661
2	 6	 2	 3	 23.345901	 6.156932
2	 6	 2	 4	 15.995916	 10.304632
2	 6	 2	 5	 17.458955	 9.210962
2	 6	 2	 6	 30.480432	 7.306605
2	 6	 3	 1	 20.314823	 6.358613
2	 6	 3	 2	 1.273723	 14.164538
2	 6	 3	 3	 20.463453	 8.243930
2	 6	 3	 4	 17.811987	 7.880834
2	 6	 3	 5	 18.023475	 6.382747
2	 6	 3	 6	 13.708610	 11.284741
2	 6	 4	 1	 24.019535	 6.998839
2	 6	 4	 2	 21.570040	 7.304446
2	 6	 4	 3	 14.041674	 15.828451
2	 6	 4	 4	 13.112713	 6.995157
2	 6	 4	 5	 -3.062595	 15.693448
2	 6	 4	 6	 26.580706	 0.106498
2	 6	 5	 1	 24.020916	 7.305571
2	 6	 5	 2	 19.515112	 8.676004
2	 6	 5	 3	 21.416828	 8.838015
2	 6	 5	 4	 18.975587	 9.725914
2	 6	 5	 5	 21.555519	 9.673038
2	 6	 5	 6	 25.041854	 9.609254
2	 6	 6	 1	 21.497255	 9.163918
2	 6	 6	 2	 17.676983	 11.463081
2	 6	 6	 3	 36.539671	 19.866380
2	 6	 6	 4	 31.311806	 0.166102
2	 6	 6	 5	 -62.065571	 107.107668
2	 6	 6	 6	 25.434379	 15.572747
2	 6	 7	 1	 11.103146	 1.393920
2	 6	 7	 2	 28.008806	 0.206273
2	 6	 7	 3	 16.749606	 2.617740
2	 6	 7	 4	 22.450806	 1.712620
2	 6	 7	 5	 44.421506	 1.549530
2	 6	 7	 6	 27.491806	 4.021000
3	 1	 1	 1	 43.820925	 15.286483
3	 1	 1	 2	 38.645848	 8.144108
3	 1	 1	 3	 39.622385	 12.048876
3	 1	 1	 4	 41.193537	 6.520593
3	 1	 1	 5	 39.046810	 5.553733
3	 1	 1	 6	 40.484054	 6.278369
3	 1	 2	 1	 41.397305	 8.553120
3	 1	 2	 2	 42.248214	 5.957039
3	 1	 2	 3	 41.863819	 0.016384
3	 1	 2	 4	 44.130792	 10.269898
3	 1	 2	 5	 42.290580	 6.126602
3	 1	 2	 6	 39.121461	 6.029790
3	 1	 3	 1	 38.081341	 6.073917
3	 1	 3	 2	 35.960113	 5.766426
3	 1	 3	 3	 37.472950	 8.890248
3	 1	 3	 4	 34.725910	 10.285560
3	 1	 3	 5	 41.473745	 9.376221
3	 1	 3	 6	 39.743669	 11.200906
3	 1	 4	 1	 38.741112	 9.106575
3	 1	 4	 2	 40.615770	 8.128343
3	 1	 4	 3	 37.282241	 9.628870
3	 1	 4	 4	 40.563891	 7.212765
3	 1	 4	 5	 35.887865	 11.641680
3	 1	 4	 6	 37.154598	 8.987502
3	 1	 5	 1	 37.037538	 7.233449
3	 1	 5	 2	 38.845979	 8.640910
3	 1	 5	 3	 31.724038	 7.594330
3	 1	 5	 4	 33.682659	 8.661413
3	 1	 5	 5	 38.295397	 10.103443
3	 1	 5	 6	 37.932769	 10.920862
3	 1	 6	 1	 39.803001	 8.944473
3	 1	 6	 2	 33.118620	 22.457558
3	 1	 6	 3	 39.482033	 17.026470
3	 1	 6	 4	 40.089435	 14.087366
3	 1	 6	 5	 38.531501	 12.026737
3	 1	 6	 6	 44.071219	 0.087696
3	 1	 7	 1	 45.782407	 37.286970
3	 1	 7	 2	 42.971252	 24.031874
3	 1	 7	 3	 43.204488	 20.102696
3	 1	 7	 4	 43.390276	 42.744547
3	 1	 7	 5	 44.172919	 0.161231
3	 1	 7	 6	 43.451419	 0.176222
3	 2	 1	 1	 31.488628	 44.288944
3	 2	 1	 2	 46.766916	 9.364246
3	 2	 1	 3	 44.414642	 9.332934
3	 2	 1	 4	 43.180826	 8.633082
3	 2	 1	 5	 44.847066	 10.363849
3	 2	 1	 6	 43.528629	 6.330273
3	 2	 2	 1	 41.982410	 6.643817
3	 2	 2	 2	 48.662326	 7.220624
3	 2	 2	 3	 41.612887	 8.698020
3	 2	 2	 4	 41.835354	 7.313523
3	 2	 2	 5	 43.803100	 8.215000
3	 2	 2	 6	 43.090902	 8.626738
3	 2	 3	 1	 40.177518	 6.513639
3	 2	 3	 2	 44.087373	 8.472496
3	 2	 3	 3	 41.226407	 6.050827
3	 2	 3	 4	 40.520828	 7.991783
3	 2	 3	 5	 43.659273	 8.577623
3	 2	 3	 6	 42.766994	 9.650616
3	 2	 4	 1	 37.973194	 11.836970
3	 2	 4	 2	 40.878253	 7.452084
3	 2	 4	 3	 38.138045	 6.484567
3	 2	 4	 4	 41.416524	 6.603144
3	 2	 4	 5	 37.974514	 7.084648
3	 2	 4	 6	 42.681818	 8.867575
3	 2	 5	 1	 32.167594	 18.441691
3	 2	 5	 2	 45.118438	 10.532965
3	 2	 5	 3	 38.371773	 12.099634
3	 2	 5	 4	 42.765639	 9.925669
3	 2	 5	 5	 39.599163	 14.276086
3	 2	 5	 6	 40.929839	 24.431301
3	 2	 6	 1	 35.926191	 14.329758
3	 2	 6	 2	 41.322986	 12.528285
3	 2	 6	 3	 38.593030	 10.689261
3	 2	 6	 4	 39.926308	 15.361252
3	 2	 6	 5	 41.322137	 15.231494
3	 2	 6	 6	 31.240754	 18.671653
3	 2	 7	 1	 23.418091	 23.934620
3	 2	 7	 2	 40.445149	 20.339258
3	 2	 7	 3	 28.967767	 21.357317
3	 2	 7	 4	 35.428539	 43.477048
3	 2	 7	 5	 44.272569	 0.261522
3	 2	 7	 6	 45.817169	 0.243205
3	 3	 1	 1	 45.633008	 2.420030
3	 3	 1	 2	 40.383008	 0.094106
3	 3	 1	 3	 30.077062	 22.425829
3	 3	 1	 4	 -30.661893	 109.612094
3	 3	 1	 5	 40.891408	 0.015853
3	 3	 1	 6	 38.048618	 13.062676
3	 3	 2	 1	 40.968679	 16.416008
3	 3	 2	 2	 42.374600	 10.167749
3	 3	 2	 3	 39.808078	 14.285893
3	 3	 2	 4	 39.548022	 13.862895
3	 3	 2	 5	 43.608251	 12.702227
3	 3	 2	 6	 28.859547	 19.690429
3	 3	 3	 1	 39.115239	 13.995076
3	 3	 3	 2	 37.650840	 14.696627
3	 3	 3	 3	 38.365608	 14.228671
3	 3	 3	 4	 41.859981	 9.883521
3	 3	 3	 5	 36.476325	 9.658314
3	 3	 3	 6	 35.005249	 12.394401
3	 3	 4	 1	 37.551544	 7.558310
3	 3	 4	 2	 44.544141	 12.625722
3	 3	 4	 3	 32.448025	 15.434981
3	 3	 4	 4	 35.309807	 13.997851
3	 3	 4	 5	 40.124832	 12.618223
3	 3	 4	 6	 29.227830	 14.911260
3	 3	 5	 1	 34.705022	 15.808952
3	 3	 5	 2	 32.806546	 14.929662
3	 3	 5	 3	 33.721658	 13.952519
3	 3	 5	 4	 36.993917	 14.956400
3	 3	 5	 5	 34.327233	 24.068842
3	 3	 5	 6	 35.833999	 14.025620
3	 3	 6	 1	 13.009628	 27.099219
3	 3	 6	 2	 35.887988	 19.111126
3	 3	 6	 3	 19.546920	 37.316388
3	 3	 6	 4	 29.520280	 33.446256
3	 3	 6	 5	 21.224244	 45.017603
3	 3	 6	 6	 41.241608	 0.404038
3	 3	 7	 1	 40.401708	 0.433051
3	 3	 7	 2	 50.298598	 45.542645
3	 3	 7	 3	 38.260708	 0.693647
3	 3	 7	 4	 39.145808	 1.415060
3	 3	 7	 5	 39.015408	 1.746690
3	 3	 7	 6	 42.238208	 18.623600
3	 4	 1	 1	 51.983301	 5.662000
3	 4	 1	 2	 40.439501	 0.137028
3	 4	 1	 3	 41.318301	 0.051981
3	 4	 1	 4	 35.425927	 17.237757
3	 4	 1	 5	 38.089764	 18.367567
3	 4	 1	 6	 40.314156	 14.483394
3	 4	 2	 1	 36.440699	 11.309582
3	 4	 2	 2	 23.874785	 18.836805
3	 4	 2	 3	 36.673550	 10.641051
3	 4	 2	 4	 42.800032	 12.950274
3	 4	 2	 5	 41.597054	 12.761269
3	 4	 2	 6	 41.533694	 9.142579
3	 4	 3	 1	 32.130337	 11.793921
3	 4	 3	 2	 39.717588	 9.342429
3	 4	 3	 3	 39.183794	 12.009385
3	 4	 3	 4	 33.667894	 8.518251
3	 4	 3	 5	 35.949324	 13.751970
3	 4	 3	 6	 36.900337	 7.589589
3	 4	 4	 1	 36.727856	 7.197077
3	 4	 4	 2	 43.007586	 15.183076
3	 4	 4	 3	 40.567173	 10.941722
3	 4	 4	 4	 38.793125	 12.771326
3	 4	 4	 5	 22.953291	 27.181701
3	 4	 4	 6	 43.354496	 14.157306
3	 4	 5	 1	 34.558889	 11.487507
3	 4	 5	 2	 42.748379	 14.431515
3	 4	 5	 3	 11.521595	 22.104169
3	 4	 5	 4	 33.850206	 14.899516
3	 4	 5	 5	 25.855367	 25.133604
3	 4	 5	 6	 42.570155	 27.140319
3	 4	 6	 1	 42.460043	 23.467987
3	 4	 6	 2	 37.792136	 33.706818
3	 4	 6	 3	 48.925901	 0.195384
3	 4	 6	 4	 49.793301	 3.640000
3	 4	 6	 5	 49.775448	 27.519944
3	 4	 6	 6	 53.743101	 1.725010
3	 4	 7	 1	 -45.094274	 24.282958
3	 4	 7	 2	 47.245342	 68.150286
3	 4	 7	 3	 32.813486	 108.055340
3	 4	 7	 4	 39.489601	 1.363280
3	 4	 7	 5	 40.222701	 1.866040
3	 4	 7	 6	 44.990301	 2.295420
3	 5	 1	 1	 62.637037	 30.216492
3	 5	 1	 2	 61.952714	 32.868692
3	 5	 1	 3	 71.622804	 24.515635
3	 5	 1	 4	 61.304422	 21.215254
3	 5	 1	 5	 70.094930	 15.879323
3	 5	 1	 6	 64.165372	 14.615685
3	 5	 2	 1	 58.658633	 15.329655
3	 5	 2	 2	 70.129187	 16.347601
3	 5	 2	 3	 75.723846	 17.624048
3	 5	 2	 4	 68.349257	 16.731859
3	 5	 2	 5	 72.528745	 0.024229
3	 5	 2	 6	 61.584650	 14.774833
3	 5	 3	 1	 60.747096	 19.342432
3	 5	 3	 2	 65.719725	 16.786693
3	 5	 3	 3	 63.413179	 17.209835
3	 5	 3	 4	 65.914718	 12.301203
3	 5	 3	 5	 66.732677	 15.726307
3	 5	 3	 6	 77.533659	 15.684651
3	 5	 4	 1	 63.857388	 12.798426
3	 5	 4	 2	 74.182145	 0.071752
3	 5	 4	 3	 66.994816	 15.875566
3	 5	 4	 4	 63.836785	 16.968275
3	 5	 4	 5	 72.817935	 14.284425
3	 5	 4	 6	 63.350178	 12.402220
3	 5	 5	 1	 52.709707	 20.263897
3	 5	 5	 2	 56.985816	 24.773349
3	 5	 5	 3	 62.605021	 15.553298
3	 5	 5	 4	 52.658208	 11.899000
3	 5	 5	 5	 55.187345	 0.127715
3	 5	 5	 6	 66.278137	 24.240868
3	 5	 6	 1	 55.603544	 28.312725
3	 5	 6	 2	 67.496692	 20.908461
3	 5	 6	 3	 65.270841	 27.594896
3	 5	 6	 4	 71.956711	 27.927512
3	 5	 6	 5	 70.502498	 35.504229
3	 5	 6	 6	 64.195024	 26.385912
3	 5	 7	 1	 68.808283	 47.663254
3	 5	 7	 2	 60.651976	 43.658997
3	 5	 7	 3	 61.505733	 50.731184
3	 5	 7	 4	 50.013745	 2.537120
3	 5	 7	 5	 62.005645	 12.885000
3	 5	 7	 6	 62.005645	 12.885000
3	 6	 1	 1	 56.055284	 14.271622
3	 6	 1	 2	 56.596517	 21.229807
3	 6	 1	 3	 51.056337	 23.656673
3	 6	 1	 4	 70.581525	 14.907126
3	 6	 1	 5	 64.238152	 15.002161
3	 6	 1	 6	 58.256886	 23.937347
3	 6	 2	 1	 54.376380	 21.307216
3	 6	 2	 2	 61.181991	 11.957542
3	 6	 2	 3	 57.109775	 13.420375
3	 6	 2	 4	 67.323899	 17.616958
3	 6	 2	 5	 65.980716	 18.746328
3	 6	 2	 6	 62.343460	 14.623524
3	 6	 3	 1	 54.508538	 21.972464
3	 6	 3	 2	 65.816106	 0.039634
3	 6	 3	 3	 54.623481	 12.829417
3	 6	 3	 4	 57.183453	 19.447925
3	 6	 3	 5	 61.514787	 18.079729
3	 6	 3	 6	 57.925679	 12.088836
3	 6	 4	 1	 57.622733	 19.739829
3	 6	 4	 2	 57.764432	 12.400769
3	 6	 4	 3	 60.966332	 13.327136
3	 6	 4	 4	 61.487055	 14.049220
3	 6	 4	 5	 54.947106	 13.968008
3	 6	 4	 6	 51.973729	 23.515859
3	 6	 5	 1	 51.134541	 14.928173
3	 6	 5	 2	 49.333300	 11.886193
3	 6	 5	 3	 44.986375	 13.170780
3	 6	 5	 4	 50.998201	 16.558360
3	 6	 5	 5	 57.472126	 14.551792
3	 6	 5	 6	 43.054642	 21.225949
3	 6	 6	 1	 58.175384	 16.566849
3	 6	 6	 2	 42.737792	 19.150220
3	 6	 6	 3	 60.795698	 25.977234
3	 6	 6	 4	 44.745306	 0.695749
3	 6	 6	 5	 48.109126	 30.819230
3	 6	 6	 6	 64.435628	 39.729256
3	 6	 7	 1	 66.724536	 37.181528
3	 6	 7	 2	 49.374494	 23.508448
3	 6	 7	 3	 46.933506	 1.980430
3	 6	 7	 4	 49.628306	 1.638570
3	 6	 7	 5	 58.173806	 2.188620
3	 6	 7	 6	 56.640506	 10.619000
4	 1	 1	 1	 7.571100	 3.435426
4	 1	 1	 2	 6.992014	 2.515462
4	 1	 1	 3	 5.765275	 2.204149
4	 1	 1	 4	 5.613584	 2.583413
4	 1	 1	 5	 6.074351	 1.749739
4	 1	 1	 6	 5.560832	 1.821297
4	 1	 2	 1	 7.181909	 1.764383
4	 1	 2	 2	 6.100979	 1.828381
4	 1	 2	 3	 4.069290	 2.049383
4	 1	 2	 4	 4.831842	 2.029955
4	 1	 2	 5	 7.078725	 0.016562
4	 1	 2	 6	 8.594735	 0.017104
4	 1	 3	 1	 5.503582	 1.926016
4	 1	 3	 2	 6.247174	 1.964570
4	 1	 3	 3	 7.072183	 2.432192
4	 1	 3	 4	 4.864077	 2.072326
4	 1	 3	 5	 6.082149	 2.023021
4	 1	 3	 6	 6.214625	 2.061738
4	 1	 4	 1	 5.168779	 1.942655
4	 1	 4	 2	 0.971349	 3.457848
4	 1	 4	 3	 0.845154	 2.300006
4	 1	 4	 4	 2.665149	 2.113352
4	 1	 4	 5	 3.324226	 2.626277
4	 1	 4	 6	 4.540313	 2.445651
4	 1	 5	 1	 -0.077728	 4.872207
4	 1	 5	 2	 8.494235	 0.035673
4	 1	 5	 3	 9.455196	 4.882320
4	 1	 5	 4	 0.703249	 4.685995
4	 1	 5	 5	 3.336461	 3.373516
4	 1	 5	 6	 9.582016	 4.452278
4	 1	 6	 1	 6.121176	 3.746839
4	 1	 6	 2	 4.731624	 4.214496
4	 1	 6	 3	 1.392495	 5.793148
4	 1	 6	 4	 8.470595	 0.056753
4	 1	 6	 5	 5.958405	 5.969410
4	 1	 6	 6	 -2.979854	 12.974247
4	 1	 7	 1	 6.918367	 5.578478
4	 1	 7	 2	 1.870087	 8.878674
4	 1	 7	 3	 2.509381	 6.547047
4	 1	 7	 4	 -5.179268	 17.902425
4	 1	 7	 5	 -16.215158	 11.480300
4	 1	 7	 6	 8.047225	 0.238131
4	 2	 1	 1	 35.479685	 15.882283
4	 2	 1	 2	 22.373196	 16.536026
4	 2	 1	 3	 30.951750	 6.261747
4	 2	 1	 4	 34.302737	 6.285957
4	 2	 1	 5	 34.983677	 0.017531
4	 2	 1	 6	 35.920339	 5.044154
4	 2	 2	 1	 33.208464	 5.692464
4	 2	 2	 2	 50.504618	 6.578788
4	 2	 2	 3	 34.084877	 0.013511
4	 2	 2	 4	 33.659048	 6.562646
4	 2	 2	 5	 31.666946	 5.456448
4	 2	 2	 6	 34.279579	 6.541214
4	 2	 3	 1	 34.733061	 5.909765
4	 2	 3	 2	 32.127957	 7.114341
4	 2	 3	 3	 27.742142	 8.617389
4	 2	 3	 4	 31.549709	 5.483370
4	 2	 3	 5	 31.617225	 5.800563
4	 2	 3	 6	 32.940134	 7.009410
4	 2	 4	 1	 29.462510	 9.185765
4	 2	 4	 2	 35.053207	 6.566870
4	 2	 4	 3	 31.967885	 7.876279
4	 2	 4	 4	 28.909803	 7.536981
4	 2	 4	 5	 34.482800	 7.691698
4	 2	 4	 6	 34.987295	 7.555088
4	 2	 5	 1	 32.344459	 7.270257
4	 2	 5	 2	 33.026123	 6.023555
4	 2	 5	 3	 37.122118	 10.122149
4	 2	 5	 4	 27.644282	 5.647212
4	 2	 5	 5	 29.160080	 9.503444
4	 2	 5	 6	 29.975307	 8.400982
4	 2	 6	 1	 19.811797	 10.631792
4	 2	 6	 2	 31.745006	 10.822433
4	 2	 6	 3	 19.400042	 8.282040
4	 2	 6	 4	 8.821757	 21.958119
4	 2	 6	 5	 33.858477	 17.028762
4	 2	 6	 6	 31.665163	 12.927327
4	 2	 7	 1	 29.867437	 13.942522
4	 2	 7	 2	 29.699086	 21.251233
4	 2	 7	 3	 32.422869	 21.959309
4	 2	 7	 4	 26.386823	 48.273352
4	 2	 7	 5	 32.884577	 0.155404
4	 2	 7	 6	 32.131477	 0.167025
4	 3	 1	 1	 17.457959	 2.016820
4	 3	 1	 2	 15.716159	 0.076953
4	 3	 1	 3	 13.418108	 10.886487
4	 3	 1	 4	 6.625920	 12.760857
4	 3	 1	 5	 13.878489	 6.041267
4	 3	 1	 6	 7.715543	 13.047197
4	 3	 2	 1	 11.309197	 5.669291
4	 3	 2	 2	 10.079192	 7.845077
4	 3	 2	 3	 11.418285	 6.025183
4	 3	 2	 4	 10.675109	 7.825267
4	 3	 2	 5	 12.136388	 5.849165
4	 3	 2	 6	 11.772972	 5.168033
4	 3	 3	 1	 1.863079	 7.136783
4	 3	 3	 2	 3.349001	 5.396531
4	 3	 3	 3	 8.591948	 5.518575
4	 3	 3	 4	 11.862680	 5.222900
4	 3	 3	 5	 9.003178	 4.649658
4	 3	 3	 6	 6.716974	 3.994171
4	 3	 4	 1	 8.041015	 6.366263
4	 3	 4	 2	 10.469278	 6.191002
4	 3	 4	 3	 6.680878	 5.521112
4	 3	 4	 4	 14.379080	 5.109936
4	 3	 4	 5	 11.517070	 6.241803
4	 3	 4	 6	 10.733622	 5.298196
4	 3	 5	 1	 4.680973	 6.153824
4	 3	 5	 2	 12.555357	 5.606107
4	 3	 5	 3	 5.901119	 7.395349
4	 3	 5	 4	 15.813120	 8.719979
4	 3	 5	 5	 12.675478	 8.997218
4	 3	 5	 6	 15.074949	 15.913569
4	 3	 6	 1	 11.200850	 11.090229
4	 3	 6	 2	 11.159816	 9.545914
4	 3	 6	 3	 7.974766	 11.563258
4	 3	 6	 4	 -0.732338	 19.139594
4	 3	 6	 5	 9.678962	 7.933875
4	 3	 6	 6	 2.226177	 22.311378
4	 3	 7	 1	 0.074291	 26.900122
4	 3	 7	 2	 -3.329102	 15.889974
4	 3	 7	 3	 10.840389	 0.698024
4	 3	 7	 4	 18.064259	 0.580228
4	 3	 7	 5	 8.405059	 1.837770
4	 3	 7	 6	 15.817059	 1.859180
4	 4	 1	 1	 12.073212	 5.969970
4	 4	 1	 2	 12.077212	 0.181820
4	 4	 1	 3	 12.499312	 0.054319
4	 4	 1	 4	 0.280563	 16.154124
4	 4	 1	 5	 -12.820342	 14.235599
4	 4	 1	 6	 3.477179	 8.192417
4	 4	 2	 1	 9.045687	 8.850565
4	 4	 2	 2	 -9.712468	 8.601636
4	 4	 2	 3	 11.592812	 0.028561
4	 4	 2	 4	 11.242912	 0.032235
4	 4	 2	 5	 5.816200	 5.268931
4	 4	 2	 6	 -0.340286	 7.287173
4	 4	 3	 1	 1.387719	 6.750172
4	 4	 3	 2	 4.423073	 5.079858
4	 4	 3	 3	 -3.557108	 7.902661
4	 4	 3	 4	 1.747526	 5.129899
4	 4	 3	 5	 4.347678	 4.864252
4	 4	 3	 6	 4.962693	 5.066490
4	 4	 4	 1	 -2.287105	 6.375668
4	 4	 4	 2	 1.943322	 10.151775
4	 4	 4	 3	 5.661645	 6.366788
4	 4	 4	 4	 4.318858	 5.449620
4	 4	 4	 5	 11.664412	 0.057991
4	 4	 4	 6	 7.420419	 5.520768
4	 4	 5	 1	 6.569730	 5.879269
4	 4	 5	 2	 3.457410	 9.424690
4	 4	 5	 3	 6.954045	 8.203128
4	 4	 5	 4	 -0.805778	 14.871657
4	 4	 5	 5	 11.157628	 11.785688
4	 4	 5	 6	 2.975785	 9.640873
4	 4	 6	 1	 13.374002	 9.603009
4	 4	 6	 2	 18.313945	 27.787978
4	 4	 6	 3	 6.613101	 10.674673
4	 4	 6	 4	 4.747495	 18.208234
4	 4	 6	 5	 -0.467505	 16.974607
4	 4	 6	 6	 8.240137	 23.708215
4	 4	 7	 1	 0.291755	 21.682304
4	 4	 7	 2	 8.976412	 0.831715
4	 4	 7	 3	 9.682241	 37.112600
4	 4	 7	 4	 13.552020	 51.515539
4	 4	 7	 5	 6.144492	 1.744610
4	 4	 7	 6	 4.900802	 4.105340
4	 5	 1	 1	 44.324698	 16.783670
4	 5	 1	 2	 41.538563	 13.211847
4	 5	 1	 3	 39.318072	 13.654024
4	 5	 1	 4	 42.036070	 11.804775
4	 5	 1	 5	 47.575961	 9.811766
4	 5	 1	 6	 52.059634	 0.085670
4	 5	 2	 1	 44.073672	 8.514669
4	 5	 2	 2	 51.167313	 9.325852
4	 5	 2	 3	 43.426349	 8.696365
4	 5	 2	 4	 53.523134	 0.013711
4	 5	 2	 5	 54.486078	 17.025735
4	 5	 2	 6	 47.268458	 19.064350
4	 5	 3	 1	 50.010100	 9.325291
4	 5	 3	 2	 49.559135	 17.942004
4	 5	 3	 3	 43.366948	 19.563877
4	 5	 3	 4	 43.303970	 13.676136
4	 5	 3	 5	 50.732095	 16.961279
4	 5	 3	 6	 48.587076	 12.704979
4	 5	 4	 1	 42.154368	 10.832743
4	 5	 4	 2	 49.338057	 7.492092
4	 5	 4	 3	 55.288257	 10.493785
4	 5	 4	 4	 51.260430	 9.630295
4	 5	 4	 5	 48.880453	 8.178777
4	 5	 4	 6	 44.233217	 21.689753
4	 5	 5	 1	 50.136447	 11.608510
4	 5	 5	 2	 50.257644	 14.916991
4	 5	 5	 3	 51.174237	 15.949238
4	 5	 5	 4	 46.102383	 13.830927
4	 5	 5	 5	 37.627286	 11.142116
4	 5	 5	 6	 49.907677	 14.252212
4	 5	 6	 1	 34.489834	 2.021220
4	 5	 6	 2	 54.990334	 0.509110
4	 5	 6	 3	 47.088502	 19.046046
4	 5	 6	 4	 47.217271	 27.668539
4	 5	 6	 5	 45.582174	 27.339641
4	 5	 6	 6	 64.209886	 33.699104
4	 5	 7	 1	 39.429234	 0.966351
4	 5	 7	 2	 65.540334	 1.039480
4	 5	 7	 3	 53.495638	 31.876145
4	 5	 7	 4	 27.127415	 34.871599
4	 5	 7	 5	 55.507434	 10.186000
4	 5	 7	 6	 55.507434	 10.186000
4	 6	 1	 1	 41.356310	 21.945708
4	 6	 1	 2	 41.400978	 13.287069
4	 6	 1	 3	 24.633813	 19.778828
4	 6	 1	 4	 47.429923	 14.399362
4	 6	 1	 5	 36.495750	 10.430208
4	 6	 1	 6	 31.591291	 14.350466
4	 6	 2	 1	 43.978644	 11.556156
4	 6	 2	 2	 43.302757	 12.309943
4	 6	 2	 3	 40.634451	 12.801664
4	 6	 2	 4	 50.112397	 13.619437
4	 6	 2	 5	 44.912210	 9.433000
4	 6	 2	 6	 31.044396	 12.208659
4	 6	 3	 1	 52.700023	 0.035698
4	 6	 3	 2	 38.801996	 12.819002
4	 6	 3	 3	 45.064411	 11.646343
4	 6	 3	 4	 36.868125	 9.378546
4	 6	 3	 5	 48.643447	 8.494097
4	 6	 3	 6	 39.910714	 11.057303
4	 6	 4	 1	 43.404992	 11.212985
4	 6	 4	 2	 43.007902	 11.282636
4	 6	 4	 3	 45.624188	 10.282609
4	 6	 4	 4	 43.180560	 10.588168
4	 6	 4	 5	 42.529094	 9.680806
4	 6	 4	 6	 55.142023	 0.465687
4	 6	 5	 1	 47.654050	 11.218246
4	 6	 5	 2	 42.401997	 11.576341
4	 6	 5	 3	 43.233437	 15.326949
4	 6	 5	 4	 51.034723	 0.210779
4	 6	 5	 5	 47.470196	 25.018641
4	 6	 5	 6	 38.242640	 13.748709
4	 6	 6	 1	 43.654392	 14.583742
4	 6	 6	 2	 46.533763	 15.999279
4	 6	 6	 3	 36.326370	 29.814713
4	 6	 6	 4	 56.903460	 24.042032
4	 6	 6	 5	 53.463607	 23.411385
4	 6	 6	 6	 66.612396	 36.693650
4	 6	 7	 1	 34.132855	 77.630681
4	 6	 7	 2	 40.085623	 1.347730
4	 6	 7	 3	 39.909825	 43.744830
4	 6	 7	 4	 55.791521	 52.139231
4	 6	 7	 5	 60.279860	 76.440521
4	 6	 7	 6	 58.039523	 0.724527
5	 1	 1	 1	 40.816886	 13.365074
5	 1	 1	 2	 30.335988	 5.659056
5	 1	 1	 3	 31.106161	 7.440327
5	 1	 1	 4	 25.759370	 3.715516
5	 1	 1	 5	 25.120778	 4.544669
5	 1	 1	 6	 25.763813	 4.583729
5	 1	 2	 1	 28.631181	 5.597597
5	 1	 2	 2	 26.305783	 3.363500
5	 1	 2	 3	 28.648255	 5.371218
5	 1	 2	 4	 25.579893	 5.216571
5	 1	 2	 5	 25.940156	 3.660121
5	 1	 2	 6	 30.140590	 4.826576
5	 1	 3	 1	 28.781897	 0.017536
5	 1	 3	 2	 25.374059	 5.259426
5	 1	 3	 3	 25.300136	 3.471115
5	 1	 3	 4	 23.013239	 6.051441
5	 1	 3	 5	 25.899802	 4.077740
5	 1	 3	 6	 26.600492	 5.369223
5	 1	 4	 1	 28.842117	 4.574019
5	 1	 4	 2	 24.386340	 6.513349
5	 1	 4	 3	 27.405716	 7.612835
5	 1	 4	 4	 27.943997	 5.568269
5	 1	 4	 5	 24.193871	 5.779229
5	 1	 4	 6	 28.263084	 5.496542
5	 1	 5	 1	 28.417980	 5.839136
5	 1	 5	 2	 24.623187	 5.892291
5	 1	 5	 3	 22.759638	 6.680643
5	 1	 5	 4	 29.973746	 8.172313
5	 1	 5	 5	 32.164039	 7.435988
5	 1	 5	 6	 30.140723	 9.687515
5	 1	 6	 1	 25.995164	 6.739002
5	 1	 6	 2	 25.677919	 13.556066
5	 1	 6	 3	 28.673429	 10.380703
5	 1	 6	 4	 25.613090	 11.145273
5	 1	 6	 5	 21.900418	 15.267734
5	 1	 6	 6	 33.267863	 15.292980
5	 1	 7	 1	 29.331181	 13.734253
5	 1	 7	 2	 22.683151	 15.600555
5	 1	 7	 3	 29.526497	 0.132971
5	 1	 7	 4	 1004.278617	 9824.002087
5	 1	 7	 5	 31.535997	 0.059412
5	 1	 7	 6	 32.721397	 0.230490
5	 2	 1	 1	 -1.690729	 5.246115
5	 2	 1	 2	 4.061166	 4.061520
5	 2	 1	 3	 -7.236780	 4.675469
5	 2	 1	 4	 -2.262444	 1.474457
5	 2	 1	 5	 1.615153	 2.265353
5	 2	 1	 6	 3.359112	 2.680658
5	 2	 2	 1	 1.320687	 1.552218
5	 2	 2	 2	 3.696140	 1.422318
5	 2	 2	 3	 4.314688	 1.660222
5	 2	 2	 4	 2.840126	 1.518747
5	 2	 2	 5	 4.104265	 1.372660
5	 2	 2	 6	 2.869925	 1.604439
5	 2	 3	 1	 -1.556550	 2.779944
5	 2	 3	 2	 1.555627	 1.710225
5	 2	 3	 3	 -1.496817	 2.161219
5	 2	 3	 4	 4.470617	 1.448013
5	 2	 3	 5	 3.982460	 0.020076
5	 2	 3	 6	 0.737287	 1.926907
5	 2	 4	 1	 2.323325	 1.735912
5	 2	 4	 2	 -2.303026	 2.015067
5	 2	 4	 3	 -1.050433	 2.359916
5	 2	 4	 4	 2.025408	 1.897295
5	 2	 4	 5	 -1.766431	 2.534360
5	 2	 4	 6	 1.057754	 2.194719
5	 2	 5	 1	 0.957826	 1.924762
5	 2	 5	 2	 2.244079	 2.237180
5	 2	 5	 3	 -5.037196	 1.982695
5	 2	 5	 4	 -2.256781	 2.281160
5	 2	 5	 5	 1.761437	 2.622340
5	 2	 5	 6	 1.796947	 2.327063
5	 2	 6	 1	 0.165520	 3.502324
5	 2	 6	 2	 1.741483	 3.358855
5	 2	 6	 3	 0.364557	 4.074782
5	 2	 6	 4	 3.732301	 3.553192
5	 2	 6	 5	 -21.319215	 21.327615
5	 2	 6	 6	 -1.439284	 4.899522
5	 2	 7	 1	 2.951824	 0.158942
5	 2	 7	 2	 -17.617797	 16.987895
5	 2	 7	 3	 -9.953888	 14.502060
5	 2	 7	 4	 3.702304	 0.171391
5	 2	 7	 5	 2.940488	 0.127713
5	 2	 7	 6	 4.582620	 0.228274
5	 3	 1	 1	 10.715027	 4.254900
5	 3	 1	 2	 12.910657	 0.109522
5	 3	 1	 3	 -10.225316	 20.792477
5	 3	 1	 4	 12.486057	 0.029319
5	 3	 1	 5	 12.478564	 4.323632
5	 3	 1	 6	 12.346167	 0.023795
5	 3	 2	 1	 11.621237	 3.984856
5	 3	 2	 2	 10.924230	 3.277662
5	 3	 2	 3	 10.595679	 3.272438
5	 3	 2	 4	 12.062204	 4.003179
5	 3	 2	 5	 10.557292	 4.447457
5	 3	 2	 6	 8.086323	 3.818554
5	 3	 3	 1	 12.547657	 0.026657
5	 3	 3	 2	 9.586660	 3.432330
5	 3	 3	 3	 9.218681	 3.210388
5	 3	 3	 4	 11.928217	 0.031100
5	 3	 3	 5	 11.189958	 2.982568
5	 3	 3	 6	 12.456267	 0.035145
5	 3	 4	 1	 11.057619	 6.851115
5	 3	 4	 2	 14.481557	 0.041515
5	 3	 4	 3	 6.640096	 4.278519
5	 3	 4	 4	 1.371309	 4.566539
5	 3	 4	 5	 4.851989	 3.992753
5	 3	 4	 6	 0.516879	 10.916324
5	 3	 5	 1	 8.326976	 4.833658
5	 3	 5	 2	 -0.998182	 5.778356
5	 3	 5	 3	 13.172963	 5.546188
5	 3	 5	 4	 10.860753	 7.083761
5	 3	 5	 5	 10.926674	 10.706127
5	 3	 5	 6	 11.264330	 5.958153
5	 3	 6	 1	 13.594554	 8.566891
5	 3	 6	 2	 14.799015	 12.757283
5	 3	 6	 3	 14.832460	 11.171377
5	 3	 6	 4	 8.409916	 9.651209
5	 3	 6	 5	 13.150837	 12.554680
5	 3	 6	 6	 -5.374196	 37.210117
5	 3	 7	 1	 7.035467	 12.047691
5	 3	 7	 2	 12.907357	 0.455167
5	 3	 7	 3	 10.491107	 0.688711
5	 3	 7	 4	 -0.301419	 57.778418
5	 3	 7	 5	 14.396157	 1.111480
5	 3	 7	 6	 9.899177	 3.777730
5	 4	 1	 1	 16.560073	 4.590380
5	 4	 1	 2	 16.607616	 16.435306
5	 4	 1	 3	 11.530903	 0.050407
5	 4	 1	 4	 12.376173	 0.034539
5	 4	 1	 5	 6.947838	 5.702532
5	 4	 1	 6	 11.955843	 0.026378
5	 4	 2	 1	 10.312457	 4.553579
5	 4	 2	 2	 -1.808303	 5.254162
5	 4	 2	 3	 12.229859	 4.037359
5	 4	 2	 4	 9.872215	 4.973382
5	 4	 2	 5	 2.967871	 9.291632
5	 4	 2	 6	 13.377773	 2.125850
5	 4	 3	 1	 10.233631	 4.630051
5	 4	 3	 2	 -4.417329	 7.832629
5	 4	 3	 3	 -1.186804	 5.055458
5	 4	 3	 4	 10.529758	 3.489354
5	 4	 3	 5	 9.395121	 3.664245
5	 4	 3	 6	 9.121265	 3.774483
5	 4	 4	 1	 2.499770	 3.929951
5	 4	 4	 2	 11.526396	 3.348145
5	 4	 4	 3	 7.247535	 3.993470
5	 4	 4	 4	 5.875435	 4.337552
5	 4	 4	 5	 15.314401	 6.202317
5	 4	 4	 6	 11.161761	 4.433443
5	 4	 5	 1	 -1.008607	 8.572390
5	 4	 5	 2	 9.797191	 5.869827
5	 4	 5	 3	 8.550577	 4.524530
5	 4	 5	 4	 16.158482	 7.260978
5	 4	 5	 5	 13.360902	 5.760876
5	 4	 5	 6	 13.825962	 9.673238
5	 4	 6	 1	 -21.686917	 16.517186
5	 4	 6	 2	 1.075412	 14.443248
5	 4	 6	 3	 2.794770	 13.156099
5	 4	 6	 4	 2.905521	 25.937730
5	 4	 6	 5	 20.731720	 12.459654
5	 4	 6	 6	 -13.218548	 24.380975
5	 4	 7	 1	 19.960072	 26.006620
5	 4	 7	 2	 -18.335463	 65.854222
5	 4	 7	 3	 11.793463	 0.910163
5	 4	 7	 4	 6.475263	 1.356980
5	 4	 7	 5	 18.841973	 4.407000
5	 4	 7	 6	 18.841973	 4.407000
5	 5	 1	 1	 -0.340459	 36.399712
5	 5	 1	 2	 20.828420	 18.482743
5	 5	 1	 3	 41.966524	 17.676204
5	 5	 1	 4	 35.123260	 14.304040
5	 5	 1	 5	 40.910286	 17.259820
5	 5	 1	 6	 50.819231	 0.032934
5	 5	 2	 1	 45.266053	 13.802955
5	 5	 2	 2	 47.313133	 14.188051
5	 5	 2	 3	 49.366622	 10.265233
5	 5	 2	 4	 36.582566	 13.101688
5	 5	 2	 5	 42.512751	 8.641324
5	 5	 2	 6	 42.329513	 9.061068
5	 5	 3	 1	 52.761531	 0.034933
5	 5	 3	 2	 52.523831	 0.035655
5	 5	 3	 3	 50.418242	 11.944574
5	 5	 3	 4	 45.945186	 9.500021
5	 5	 3	 5	 47.998769	 18.281161
5	 5	 3	 6	 51.125925	 12.725326
5	 5	 4	 1	 48.270245	 13.605161
5	 5	 4	 2	 43.948846	 10.587599
5	 5	 4	 3	 40.483349	 12.047352
5	 5	 4	 4	 53.545191	 11.490996
5	 5	 4	 5	 48.915325	 13.674082
5	 5	 4	 6	 49.126269	 14.399560
5	 5	 5	 1	 47.684440	 14.840813
5	 5	 5	 2	 40.817550	 14.218599
5	 5	 5	 3	 36.199689	 16.035096
5	 5	 5	 4	 53.439652	 14.421727
5	 5	 5	 5	 47.841761	 13.017095
5	 5	 5	 6	 46.008679	 16.283063
5	 5	 6	 1	 47.773375	 23.396092
5	 5	 6	 2	 51.945902	 24.866441
5	 5	 6	 3	 50.206131	 5.697000
5	 5	 6	 4	 55.763804	 27.071405
5	 5	 6	 5	 51.848528	 28.840554
5	 5	 6	 6	 39.046230	 67.137304
5	 5	 7	 1	 64.754550	 34.154962
5	 5	 7	 2	 32.718602	 34.484008
5	 5	 7	 3	 51.389832	 63.325864
5	 5	 7	 4	 38.649072	 40.450079
5	 5	 7	 5	 39.783347	 43.586966
5	 5	 7	 6	 57.958831	 11.686400
5	 6	 1	 1	 39.399866	 12.873062
5	 6	 1	 2	 35.784900	 8.599225
5	 6	 1	 3	 34.070781	 16.995340
5	 6	 1	 4	 36.504651	 10.803627
5	 6	 1	 5	 21.883341	 15.196890
5	 6	 1	 6	 36.535719	 7.817197
5	 6	 2	 1	 39.322880	 10.132936
5	 6	 2	 2	 38.436163	 10.491160
5	 6	 2	 3	 40.961766	 10.330304
5	 6	 2	 4	 35.577334	 10.562593
5	 6	 2	 5	 48.461335	 0.029467
5	 6	 2	 6	 42.215183	 9.195666
5	 6	 3	 1	 44.148771	 8.530320
5	 6	 3	 2	 43.376012	 9.023298
5	 6	 3	 3	 44.889086	 10.955112
5	 6	 3	 4	 43.912370	 11.396747
5	 6	 3	 5	 40.908414	 9.217036
5	 6	 3	 6	 42.585621	 11.521678
5	 6	 4	 1	 35.257847	 14.200924
5	 6	 4	 2	 41.594413	 12.095664
5	 6	 4	 3	 32.722159	 13.583580
5	 6	 4	 4	 42.061095	 12.513350
5	 6	 4	 5	 44.845892	 11.311490
5	 6	 4	 6	 47.257428	 10.901885
5	 6	 5	 1	 8.793553	 23.456764
5	 6	 5	 2	 44.322287	 9.404225
5	 6	 5	 3	 47.285935	 0.143778
5	 6	 5	 4	 47.262734	 17.479955
5	 6	 5	 5	 43.708697	 14.738537
5	 6	 5	 6	 47.516528	 18.589750
5	 6	 6	 1	 46.813707	 24.868671
5	 6	 6	 2	 47.369058	 16.739527
5	 6	 6	 3	 54.822368	 17.808492
5	 6	 6	 4	 42.018152	 15.584949
5	 6	 6	 5	 39.735349	 20.039472
5	 6	 6	 6	 46.530793	 30.262995
5	 6	 7	 1	 46.256071	 21.709329
5	 6	 7	 2	 36.586133	 41.852455
5	 6	 7	 3	 36.820535	 1.052270
5	 6	 7	 4	 40.777635	 1.688950
5	 6	 7	 5	 -270.864877	 822.597871
5	 6	 7	 6	 78.622435	 176.966000
6	 1	 1	 1	 1.201814	 4.645165
6	 1	 1	 2	 3.923645	 5.342056
6	 1	 1	 3	 6.071336	 0.015945
6	 1	 1	 4	 6.870046	 3.607929
6	 1	 1	 5	 10.345360	 2.886236
6	 1	 1	 6	 9.980543	 2.185993
6	 1	 2	 1	 9.898385	 3.022528
6	 1	 2	 2	 7.821372	 2.461806
6	 1	 2	 3	 7.062141	 2.577282
6	 1	 2	 4	 5.019000	 3.101124
6	 1	 2	 5	 8.982279	 2.535598
6	 1	 2	 6	 7.621336	 2.193768
6	 1	 3	 1	 11.242423	 2.763057
6	 1	 3	 2	 8.346469	 2.171819
6	 1	 3	 3	 6.951029	 2.950969
6	 1	 3	 4	 5.341048	 2.211229
6	 1	 3	 5	 9.164314	 2.108669
6	 1	 3	 6	 6.899925	 2.920506
6	 1	 4	 1	 10.961544	 2.565268
6	 1	 4	 2	 10.712297	 2.185829
6	 1	 4	 3	 10.402367	 2.686752
6	 1	 4	 4	 0.009912	 4.988087
6	 1	 4	 5	 7.360053	 2.095553
6	 1	 4	 6	 9.520101	 3.339192
6	 1	 5	 1	 5.089637	 2.950580
6	 1	 5	 2	 -3.207755	 3.211302
6	 1	 5	 3	 3.623968	 2.295377
6	 1	 5	 4	 3.885032	 3.585376
6	 1	 5	 5	 2.337544	 3.914124
6	 1	 5	 6	 9.427069	 3.799299
6	 1	 6	 1	 9.104325	 3.654592
6	 1	 6	 2	 4.224116	 3.443299
6	 1	 6	 3	 7.853556	 0.059449
6	 1	 6	 4	 8.384001	 4.141227
6	 1	 6	 5	 1.773922	 4.934315
6	 1	 6	 6	 7.504894	 7.692850
6	 1	 7	 1	 -173.491596	 1424.003098
6	 1	 7	 2	 10.833416	 0.141363
6	 1	 7	 3	 4.224126	 6.477753
6	 1	 7	 4	 -12.003547	 20.822738
6	 1	 7	 5	 9.216356	 0.095615
6	 1	 7	 6	 9.855406	 0.047324
6	 2	 1	 1	 -5.232829	 11.931468
6	 2	 1	 2	 8.656376	 3.381788
6	 2	 1	 3	 11.770954	 2.845809
6	 2	 1	 4	 10.545683	 3.751261
6	 2	 1	 5	 10.367269	 0.021253
6	 2	 1	 6	 12.625930	 2.502697
6	 2	 2	 1	 7.244764	 1.912176
6	 2	 2	 2	 10.882706	 2.927775
6	 2	 2	 3	 7.251197	 1.848556
6	 2	 2	 4	 9.621514	 2.427810
6	 2	 2	 5	 7.816047	 2.823386
6	 2	 2	 6	 9.434350	 3.648730
6	 2	 3	 1	 7.459322	 2.063103
6	 2	 3	 2	 8.598221	 2.953385
6	 2	 3	 3	 1.926816	 2.241527
6	 2	 3	 4	 10.640485	 2.394565
6	 2	 3	 5	 6.036526	 1.857631
6	 2	 3	 6	 5.530868	 3.336502
6	 2	 4	 1	 5.991288	 2.854714
6	 2	 4	 2	 9.760691	 2.562303
6	 2	 4	 3	 8.671941	 2.599473
6	 2	 4	 4	 7.578018	 2.234696
6	 2	 4	 5	 2.130972	 2.785332
6	 2	 4	 6	 7.833881	 2.084281
6	 2	 5	 1	 4.980659	 2.299498
6	 2	 5	 2	 10.504645	 2.917793
6	 2	 5	 3	 -10.842067	 9.081028
6	 2	 5	 4	 6.079877	 2.883976
6	 2	 5	 5	 -7.556265	 7.247159
6	 2	 5	 6	 -2.157403	 4.087067
6	 2	 6	 1	 7.413016	 3.564298
6	 2	 6	 2	 6.296818	 4.464487
6	 2	 6	 3	 3.327815	 5.937966
6	 2	 6	 4	 9.347687	 5.863743
6	 2	 6	 5	 12.819585	 6.282154
6	 2	 6	 6	 11.377484	 6.540125
6	 2	 7	 1	 11.128029	 0.098149
6	 2	 7	 2	 4.022970	 7.246990
6	 2	 7	 3	 10.320019	 0.192677
6	 2	 7	 4	 4.872239	 0.147430
6	 2	 7	 5	 -6.562834	 7.943985
6	 2	 7	 6	 6.564529	 0.222671
6	 3	 1	 1	 -26.538538	 2.345780
6	 3	 1	 2	 -26.464838	 0.082366
6	 3	 1	 3	 -27.589992	 8.087594
6	 3	 1	 4	 -31.713714	 8.012813
6	 3	 1	 5	 -27.636204	 4.297891
6	 3	 1	 6	 -30.938306	 5.679892
6	 3	 2	 1	 -29.909484	 3.467242
6	 3	 2	 2	 -34.469482	 8.331651
6	 3	 2	 3	 -33.090770	 4.660735
6	 3	 2	 4	 -31.399705	 5.662368
6	 3	 2	 5	 -31.301622	 4.179565
6	 3	 2	 6	 -28.531332	 3.045070
6	 3	 3	 1	 -31.119239	 3.589972
6	 3	 3	 2	 -34.293940	 3.510473
6	 3	 3	 3	 -27.033809	 3.588652
6	 3	 3	 4	 -28.448313	 4.314232
6	 3	 3	 5	 -28.754031	 3.160096
6	 3	 3	 6	 -31.930824	 4.456143
6	 3	 4	 1	 -30.628219	 3.589967
6	 3	 4	 2	 -34.386052	 3.928613
6	 3	 4	 3	 -28.141538	 0.042669
6	 3	 4	 4	 -31.498353	 3.391039
6	 3	 4	 5	 -37.410459	 5.217842
6	 3	 4	 6	 -30.781425	 4.392938
6	 3	 5	 1	 -30.919884	 4.951164
6	 3	 5	 2	 -29.456932	 5.280202
6	 3	 5	 3	 -40.241408	 11.799299
6	 3	 5	 4	 -26.763776	 3.979447
6	 3	 5	 5	 -36.861820	 8.378847
6	 3	 5	 6	 -25.056233	 7.342512
6	 3	 6	 1	 -25.325723	 5.932486
6	 3	 6	 2	 -25.070938	 0.127494
6	 3	 6	 3	 -28.365250	 8.784176
6	 3	 6	 4	 -27.624638	 0.151601
6	 3	 6	 5	 -32.356870	 17.867269
6	 3	 6	 6	 -19.862291	 5.751365
6	 3	 7	 1	 -36.321453	 23.654858
6	 3	 7	 2	 -26.019738	 9.906900
6	 3	 7	 3	 -29.366638	 0.749895
6	 3	 7	 4	 1550.005363	 60060.704612
6	 3	 7	 5	 -29.611338	 1.479960
6	 3	 7	 6	 -36.364838	 2.732220
6	 4	 1	 1	 -14.944551	 1.202000
6	 4	 1	 2	 -26.809851	 0.147039
6	 4	 1	 3	 -27.294351	 0.055938
6	 4	 1	 4	 -26.784551	 0.031462
6	 4	 1	 5	 -26.557551	 0.030099
6	 4	 1	 6	 -27.795928	 4.263075
6	 4	 2	 1	 -29.192709	 4.747788
6	 4	 2	 2	 -27.170251	 0.026488
6	 4	 2	 3	 -29.203539	 4.881680
6	 4	 2	 4	 -31.031270	 6.332312
6	 4	 2	 5	 -26.848568	 2.703185
6	 4	 2	 6	 -27.695151	 0.029965
6	 4	 3	 1	 -31.630039	 3.769963
6	 4	 3	 2	 -32.906714	 4.132245
6	 4	 3	 3	 -34.053786	 3.384931
6	 4	 3	 4	 -35.461293	 5.002070
6	 4	 3	 5	 -34.486311	 3.877201
6	 4	 3	 6	 -32.491856	 4.165938
6	 4	 4	 1	 -32.470508	 3.956772
6	 4	 4	 2	 -35.108032	 5.103122
6	 4	 4	 3	 -26.798451	 0.056759
6	 4	 4	 4	 -33.079379	 4.857478
6	 4	 4	 5	 -34.109587	 4.809215
6	 4	 4	 6	 -31.501387	 4.892847
6	 4	 5	 1	 -34.987568	 5.023487
6	 4	 5	 2	 -34.286373	 5.316742
6	 4	 5	 3	 -32.112048	 6.219686
6	 4	 5	 4	 -28.600799	 5.231996
6	 4	 5	 5	 -18.533217	 3.687702
6	 4	 5	 6	 -26.413969	 6.024446
6	 4	 6	 1	 -37.275977	 7.776795
6	 4	 6	 2	 -28.004151	 0.062829
6	 4	 6	 3	 -26.014003	 8.469736
6	 4	 6	 4	 -31.592328	 10.608931
6	 4	 6	 5	 -29.372821	 17.135339
6	 4	 6	 6	 -24.216947	 6.955894
6	 4	 7	 1	 499.923537	 4842.871664
6	 4	 7	 2	 -30.760951	 0.653589
6	 4	 7	 3	 -32.986651	 0.810159
6	 4	 7	 4	 -31.932751	 1.583650
6	 4	 7	 5	 -33.309951	 1.784530
6	 4	 7	 6	 -34.017351	 2.707830
6	 5	 1	 1	 27.634664	 16.303870
6	 5	 1	 2	 21.039476	 8.335644
6	 5	 1	 3	 -8.970044	 23.515063
6	 5	 1	 4	 27.415220	 18.666280
6	 5	 1	 5	 6.809149	 19.033038
6	 5	 1	 6	 23.969443	 11.886847
6	 5	 2	 1	 26.852830	 7.710058
6	 5	 2	 2	 3.775629	 10.252611
6	 5	 2	 3	 8.000947	 7.322587
6	 5	 2	 4	 20.962994	 7.436256
6	 5	 2	 5	 25.604780	 8.847733
6	 5	 2	 6	 26.005662	 0.032647
6	 5	 3	 1	 18.190621	 13.909625
6	 5	 3	 2	 13.856334	 6.302782
6	 5	 3	 3	 15.845525	 6.031852
6	 5	 3	 4	 22.049470	 6.511029
6	 5	 3	 5	 15.543169	 6.245026
6	 5	 3	 6	 21.609339	 5.874098
6	 5	 4	 1	 24.756709	 6.185676
6	 5	 4	 2	 30.603262	 0.061982
6	 5	 4	 3	 24.925511	 11.960310
6	 5	 4	 4	 22.718203	 6.971377
6	 5	 4	 5	 25.160027	 8.291426
6	 5	 4	 6	 25.896448	 12.401732
6	 5	 5	 1	 28.009827	 8.427247
6	 5	 5	 2	 22.662213	 8.179247
6	 5	 5	 3	 26.414528	 10.099557
6	 5	 5	 4	 20.405655	 8.109267
6	 5	 5	 5	 24.405174	 11.559975
6	 5	 5	 6	 14.489488	 7.532253
6	 5	 6	 1	 23.628329	 11.191813
6	 5	 6	 2	 21.744485	 25.166844
6	 5	 6	 3	 7.804283	 11.626239
6	 5	 6	 4	 14.532372	 27.479255
6	 5	 6	 5	 23.613466	 16.748359
6	 5	 6	 6	 20.636262	 0.217657
6	 5	 7	 1	 22.487565	 17.330158
6	 5	 7	 2	 11.135727	 33.807254
6	 5	 7	 3	 28.928130	 33.208266
6	 5	 7	 4	 15.434562	 1.783080
6	 5	 7	 5	 14.165162	 2.687400
6	 5	 7	 6	 31.192562	 5.761190
6	 6	 1	 1	 22.391626	 9.041144
6	 6	 1	 2	 28.831582	 15.306096
6	 6	 1	 3	 15.701018	 8.468512
6	 6	 1	 4	 15.262062	 8.248491
6	 6	 1	 5	 17.826832	 7.159773
6	 6	 1	 6	 6.149286	 10.314391
6	 6	 2	 1	 13.175009	 8.616332
6	 6	 2	 2	 10.497741	 7.414508
6	 6	 2	 3	 14.169024	 4.872723
6	 6	 2	 4	 10.914372	 6.561688
6	 6	 2	 5	 13.873225	 8.167897
6	 6	 2	 6	 10.601469	 6.653736
6	 6	 3	 1	 9.228238	 7.256792
6	 6	 3	 2	 15.845084	 7.915016
6	 6	 3	 3	 25.659288	 7.787584
6	 6	 3	 4	 17.073871	 7.244437
6	 6	 3	 5	 10.904348	 6.505408
6	 6	 3	 6	 11.148585	 6.342798
6	 6	 4	 1	 10.377692	 8.971827
6	 6	 4	 2	 14.361394	 6.374042
6	 6	 4	 3	 11.617517	 4.413244
6	 6	 4	 4	 18.951112	 5.009143
6	 6	 4	 5	 16.174294	 4.869267
6	 6	 4	 6	 20.827722	 7.518505
6	 6	 5	 1	 23.366563	 0.128411
6	 6	 5	 2	 24.057049	 7.256075
6	 6	 5	 3	 18.949037	 9.759642
6	 6	 5	 4	 19.071345	 10.004255
6	 6	 5	 5	 22.835314	 7.621945
6	 6	 5	 6	 26.268449	 8.759409
6	 6	 6	 1	 9.073121	 20.363165
6	 6	 6	 2	 7.405433	 0.468026
6	 6	 6	 3	 15.865183	 10.223473
6	 6	 6	 4	 19.888058	 9.432848
6	 6	 6	 5	 23.032114	 17.157941
6	 6	 6	 6	 13.033943	 11.196952
6	 6	 7	 1	 19.785363	 3.289930
6	 6	 7	 2	 18.565877	 30.747813
6	 6	 7	 3	 30.590963	 22.491300
6	 6	 7	 4	 36.362502	 32.136492
6	 6	 7	 5	 28.642063	 2.298580
6	 6	 7	 6	 -13.353779	 48.868404
