#& Sector Superlayer Slot Cable T0Correction T0Error
1	 1	 1	 1	 1.095059	 0.026925
1	 1	 1	 2	 2.518257	 0.017755
1	 1	 1	 3	 2.227345	 0.011387
1	 1	 1	 4	 1.145199	 0.014589
1	 1	 1	 5	 2.558447	 0.016166
1	 1	 1	 6	 2.915965	 0.017966
1	 1	 2	 1	 2.007539	 0.004691
1	 1	 2	 2	 2.110900	 0.011439
1	 1	 2	 3	 4.033932	 0.015370
1	 1	 2	 4	 2.856939	 0.015429
1	 1	 2	 5	 3.489602	 0.016019
1	 1	 2	 6	 3.915272	 0.016242
1	 1	 3	 1	 2.901455	 0.016101
1	 1	 3	 2	 5.575592	 0.023866
1	 1	 3	 3	 2.329708	 0.017734
1	 1	 3	 4	 2.329411	 0.019505
1	 1	 3	 5	 4.334902	 0.020104
1	 1	 3	 6	 4.077862	 0.021515
1	 1	 4	 1	 3.429292	 0.021526
1	 1	 4	 2	 4.602992	 0.023417
1	 1	 4	 3	 0.944302	 0.035467
1	 1	 4	 4	 1.357782	 0.022901
1	 1	 4	 5	 3.012262	 0.024544
1	 1	 4	 6	 4.229052	 0.028295
1	 1	 5	 1	 4.643872	 0.027855
1	 1	 5	 2	 2.504777	 0.031542
1	 1	 5	 3	 4.451622	 0.033236
1	 1	 5	 4	 4.838542	 0.036712
1	 1	 5	 5	 4.405032	 0.039272
1	 1	 5	 6	 4.868582	 0.042458
1	 1	 6	 1	 5.229292	 0.063593
1	 1	 6	 2	 5.061362	 0.030817
1	 1	 6	 3	 4.631072	 0.065940
1	 1	 6	 4	 3.284922	 0.055702
1	 1	 6	 5	 4.328682	 0.082849
1	 1	 6	 6	 4.861962	 0.100727
1	 1	 7	 1	 5.195492	 0.102668
1	 1	 7	 2	 6.343862	 0.153868
1	 1	 7	 3	 3.327392	 0.126261
1	 1	 7	 4	 6.040382	 0.043473
1	 1	 7	 5	 2.530697	 0.131229
1	 1	 7	 6	 3.669702	 0.220162
1	 2	 1	 1	 -19.638234	 0.015213
1	 2	 1	 2	 -18.808234	 0.019937
1	 2	 1	 3	 -19.641834	 0.020746
1	 2	 1	 4	 -19.369934	 0.033656
1	 2	 1	 5	 -19.493934	 0.020968
1	 2	 1	 6	 -19.037534	 0.017526
1	 2	 2	 1	 -19.298634	 0.017882
1	 2	 2	 2	 -18.763134	 0.016686
1	 2	 2	 3	 -20.758734	 0.016662
1	 2	 2	 4	 -20.862334	 0.016433
1	 2	 2	 5	 -19.872334	 0.017910
1	 2	 2	 6	 -20.162034	 0.018158
1	 2	 3	 1	 -20.357634	 0.017321
1	 2	 3	 2	 -18.655134	 0.031051
1	 2	 3	 3	 -20.190634	 0.020154
1	 2	 3	 4	 -19.677334	 0.021081
1	 2	 3	 5	 -19.218034	 0.022248
1	 2	 3	 6	 -19.228434	 0.026564
1	 2	 4	 1	 -19.823334	 0.022660
1	 2	 4	 2	 -19.761734	 0.024665
1	 2	 4	 3	 -20.685434	 0.023390
1	 2	 4	 4	 -19.667234	 0.026681
1	 2	 4	 5	 -19.594634	 0.027085
1	 2	 4	 6	 -19.175734	 0.036670
1	 2	 5	 1	 -20.000934	 0.031412
1	 2	 5	 2	 -19.787934	 0.038390
1	 2	 5	 3	 -19.790834	 0.035246
1	 2	 5	 4	 -20.368434	 0.036730
1	 2	 5	 5	 -18.930334	 0.036861
1	 2	 5	 6	 -19.829834	 0.045449
1	 2	 6	 1	 -20.204234	 0.050838
1	 2	 6	 2	 -19.443134	 0.058813
1	 2	 6	 3	 -20.559534	 0.063557
1	 2	 6	 4	 -20.750834	 0.075553
1	 2	 6	 5	 -20.616834	 0.075428
1	 2	 6	 6	 -19.650134	 0.105442
1	 2	 7	 1	 -20.783734	 0.102732
1	 2	 7	 2	 -19.690834	 0.143885
1	 2	 7	 3	 -20.362634	 0.142191
1	 2	 7	 4	 -21.550034	 0.135391
1	 2	 7	 5	 -20.092834	 0.176544
1	 2	 7	 6	 -22.391234	 0.152579
1	 3	 1	 1	 -15.165393	 3.818290
1	 3	 1	 2	 -13.953893	 0.073424
1	 3	 1	 3	 -16.515793	 0.032217
1	 3	 1	 4	 -16.498193	 0.029691
1	 3	 1	 5	 -16.173693	 0.027174
1	 3	 1	 6	 -15.506893	 0.027887
1	 3	 2	 1	 -16.739093	 0.028137
1	 3	 2	 2	 -15.747593	 0.026589
1	 3	 2	 3	 -16.946393	 0.028799
1	 3	 2	 4	 -15.922993	 0.024747
1	 3	 2	 5	 -15.169893	 0.027208
1	 3	 2	 6	 -15.396293	 0.028262
1	 3	 3	 1	 -16.634393	 0.027344
1	 3	 3	 2	 -15.847593	 0.043382
1	 3	 3	 3	 -15.843193	 0.033937
1	 3	 3	 4	 -16.189393	 0.034081
1	 3	 3	 5	 -15.722193	 0.032697
1	 3	 3	 6	 -14.649993	 0.035054
1	 3	 4	 1	 -15.361193	 0.038213
1	 3	 4	 2	 -15.387893	 0.040526
1	 3	 4	 3	 -15.642893	 0.048464
1	 3	 4	 4	 -16.098693	 0.045850
1	 3	 4	 5	 -14.275493	 0.052486
1	 3	 4	 6	 -15.060993	 0.052187
1	 3	 5	 1	 -14.193693	 0.062650
1	 3	 5	 2	 -15.025293	 0.068546
1	 3	 5	 3	 -14.753393	 0.070909
1	 3	 5	 4	 -14.745993	 0.077177
1	 3	 5	 5	 -13.839393	 0.124744
1	 3	 5	 6	 -14.359193	 0.123062
1	 3	 6	 1	 -15.459293	 0.154873
1	 3	 6	 2	 -15.981493	 0.111099
1	 3	 6	 3	 -14.669893	 0.170783
1	 3	 6	 4	 -15.722993	 0.131280
1	 3	 6	 5	 -15.122993	 0.558248
1	 3	 6	 6	 -16.125293	 0.941267
1	 3	 7	 1	 -15.193093	 0.053604
1	 3	 7	 2	 -14.933493	 0.317304
1	 3	 7	 3	 -19.411293	 0.710913
1	 3	 7	 4	 -20.617393	 0.994972
1	 3	 7	 5	 -19.206293	 1.749730
1	 3	 7	 6	 -22.184993	 3.606850
1	 4	 1	 1	 -25.693035	 14.528700
1	 4	 1	 2	 -18.806135	 0.162276
1	 4	 1	 3	 -17.349935	 0.051202
1	 4	 1	 4	 -18.193735	 0.036478
1	 4	 1	 5	 -17.443335	 0.026415
1	 4	 1	 6	 -17.255435	 0.028198
1	 4	 2	 1	 -18.543935	 0.025591
1	 4	 2	 2	 -17.714935	 0.026129
1	 4	 2	 3	 -18.017135	 0.026461
1	 4	 2	 4	 -18.593035	 0.026922
1	 4	 2	 5	 -18.081635	 0.028957
1	 4	 2	 6	 -18.418935	 0.031303
1	 4	 3	 1	 -17.600335	 0.031482
1	 4	 3	 2	 -19.210035	 0.033037
1	 4	 3	 3	 -18.883335	 0.031253
1	 4	 3	 4	 -18.150435	 0.036175
1	 4	 3	 5	 -17.663935	 0.036323
1	 4	 3	 6	 -17.336135	 0.040724
1	 4	 4	 1	 -18.043735	 0.039475
1	 4	 4	 2	 -17.848635	 0.040450
1	 4	 4	 3	 -18.332635	 0.046094
1	 4	 4	 4	 -19.266835	 0.044147
1	 4	 4	 5	 -17.591535	 0.049521
1	 4	 4	 6	 -17.554635	 0.055545
1	 4	 5	 1	 -18.775135	 0.059031
1	 4	 5	 2	 -19.281135	 0.067481
1	 4	 5	 3	 -18.191535	 0.072034
1	 4	 5	 4	 -18.483535	 0.087903
1	 4	 5	 5	 -18.044635	 0.108222
1	 4	 5	 6	 -17.511635	 0.124205
1	 4	 6	 1	 -18.754135	 0.102324
1	 4	 6	 2	 -19.686535	 0.116043
1	 4	 6	 3	 -18.372635	 0.166741
1	 4	 6	 4	 -20.439535	 0.328302
1	 4	 6	 5	 -19.965935	 0.375588
1	 4	 6	 6	 -19.879535	 0.125591
1	 4	 7	 1	 -17.408835	 0.180590
1	 4	 7	 2	 -19.562435	 0.683434
1	 4	 7	 3	 -21.161635	 0.902941
1	 4	 7	 4	 -24.673035	 1.971960
1	 4	 7	 5	 -10.283635	 99.887500
1	 4	 7	 6	 -22.440735	 2.748620
1	 5	 1	 1	 7.053494	 5.943560
1	 5	 1	 2	 28.799834	 0.037361
1	 5	 1	 3	 29.904234	 0.017739
1	 5	 1	 4	 28.763834	 0.012902
1	 5	 1	 5	 28.945034	 0.019533
1	 5	 1	 6	 30.059234	 0.018420
1	 5	 2	 1	 28.929034	 0.016346
1	 5	 2	 2	 31.515834	 0.023073
1	 5	 2	 3	 30.665034	 0.018948
1	 5	 2	 4	 28.871434	 0.010864
1	 5	 2	 5	 29.202334	 0.016378
1	 5	 2	 6	 30.863934	 0.030024
1	 5	 3	 1	 30.295434	 0.030526
1	 5	 3	 2	 32.231034	 0.034463
1	 5	 3	 3	 31.972434	 0.037219
1	 5	 3	 4	 30.969834	 0.040539
1	 5	 3	 5	 30.389334	 0.046823
1	 5	 3	 6	 32.279934	 0.054228
1	 5	 4	 1	 31.063634	 0.062739
1	 5	 4	 2	 29.548434	 0.062136
1	 5	 4	 3	 30.548234	 0.074309
1	 5	 4	 4	 30.176834	 0.086689
1	 5	 4	 5	 29.552234	 0.098194
1	 5	 4	 6	 31.492134	 0.113600
1	 5	 5	 1	 30.785434	 0.106213
1	 5	 5	 2	 30.015734	 0.119125
1	 5	 5	 3	 29.792034	 0.238216
1	 5	 5	 4	 28.652234	 0.185382
1	 5	 5	 5	 32.645634	 0.297304
1	 5	 5	 6	 29.201534	 0.212095
1	 5	 6	 1	 26.556934	 0.237034
1	 5	 6	 2	 28.149334	 0.624763
1	 5	 6	 3	 23.818734	 0.057410
1	 5	 6	 4	 23.155034	 0.713254
1	 5	 6	 5	 22.175534	 0.743962
1	 5	 6	 6	 22.261634	 2.615300
1	 5	 7	 1	 42.973234	 52.194600
1	 5	 7	 2	 22.427434	 1.433250
1	 5	 7	 3	 18.764734	 1.953950
1	 5	 7	 4	 34.902034	 7.634000
1	 5	 7	 5	 41.596134	 0.866746
1	 5	 7	 6	 45.129834	 13.204500
1	 6	 1	 1	 21.907857	 1.330310
1	 6	 1	 2	 24.309157	 0.102320
1	 6	 1	 3	 24.052157	 0.036913
1	 6	 1	 4	 25.616457	 0.036847
1	 6	 1	 5	 28.671057	 0.043838
1	 6	 1	 6	 24.059057	 0.023278
1	 6	 2	 1	 25.061357	 0.018491
1	 6	 2	 2	 24.992557	 0.012555
1	 6	 2	 3	 24.006057	 0.019343
1	 6	 2	 4	 23.892357	 0.012207
1	 6	 2	 5	 24.613257	 0.022217
1	 6	 2	 6	 23.955757	 0.014547
1	 6	 3	 1	 25.515257	 0.020414
1	 6	 3	 2	 25.849157	 0.036581
1	 6	 3	 3	 25.784357	 0.041609
1	 6	 3	 4	 25.716457	 0.045265
1	 6	 3	 5	 25.055257	 0.047699
1	 6	 3	 6	 24.136857	 0.056636
1	 6	 4	 1	 25.681857	 0.063720
1	 6	 4	 2	 25.681457	 0.073669
1	 6	 4	 3	 25.950957	 0.074448
1	 6	 4	 4	 26.300457	 0.084452
1	 6	 4	 5	 29.117457	 0.084651
1	 6	 4	 6	 25.547157	 0.109905
1	 6	 5	 1	 30.377957	 0.122820
1	 6	 5	 2	 30.619057	 0.166351
1	 6	 5	 3	 28.414657	 0.089847
1	 6	 5	 4	 29.666057	 0.130531
1	 6	 5	 5	 30.264357	 0.198071
1	 6	 5	 6	 25.009757	 0.342879
1	 6	 6	 1	 27.860057	 0.561410
1	 6	 6	 2	 19.993957	 0.424999
1	 6	 6	 3	 32.358357	 0.165570
1	 6	 6	 4	 21.337357	 0.566717
1	 6	 6	 5	 22.527857	 0.829000
1	 6	 6	 6	 27.764757	 2.250170
1	 6	 7	 1	 23.268357	 1.027210
1	 6	 7	 2	 30.258257	 5.225000
1	 6	 7	 3	 38.775957	 17.593800
1	 6	 7	 4	 25.312957	 1.876520
1	 6	 7	 5	 29.678957	 3.214290
1	 6	 7	 6	 30.258257	 5.225000
2	 1	 1	 1	 13.383733	 0.046275
2	 1	 1	 2	 12.946233	 0.022351
2	 1	 1	 3	 13.483533	 0.020454
2	 1	 1	 4	 11.276223	 0.023326
2	 1	 1	 5	 13.084133	 0.033377
2	 1	 1	 6	 12.465633	 0.027570
2	 1	 2	 1	 11.120793	 0.020709
2	 1	 2	 2	 12.868433	 0.018227
2	 1	 2	 3	 13.145033	 0.018263
2	 1	 2	 4	 14.410133	 0.020313
2	 1	 2	 5	 16.057133	 0.018377
2	 1	 2	 6	 18.088333	 0.021097
2	 1	 3	 1	 13.932933	 0.021055
2	 1	 3	 2	 14.459933	 0.021641
2	 1	 3	 3	 13.656033	 0.022196
2	 1	 3	 4	 14.438833	 0.025132
2	 1	 3	 5	 14.534533	 0.023824
2	 1	 3	 6	 12.520833	 0.022961
2	 1	 4	 1	 12.960833	 0.020630
2	 1	 4	 2	 14.063833	 0.024310
2	 1	 4	 3	 12.792133	 0.033060
2	 1	 4	 4	 12.606133	 0.024761
2	 1	 4	 5	 14.070433	 0.024808
2	 1	 4	 6	 14.005333	 0.027885
2	 1	 5	 1	 13.178133	 0.032849
2	 1	 5	 2	 14.314533	 0.033238
2	 1	 5	 3	 13.391433	 0.028862
2	 1	 5	 4	 14.508733	 0.035329
2	 1	 5	 5	 14.525933	 0.038114
2	 1	 5	 6	 13.877033	 0.044027
2	 1	 6	 1	 13.655033	 0.038805
2	 1	 6	 2	 17.485633	 0.011630
2	 1	 6	 3	 15.462233	 1.500780
2	 1	 6	 4	 11.864533	 0.069201
2	 1	 6	 5	 11.346203	 0.074272
2	 1	 6	 6	 19.170833	 0.197277
2	 1	 7	 1	 11.056383	 0.167166
2	 1	 7	 2	 14.502233	 0.138212
2	 1	 7	 3	 13.274933	 0.166562
2	 1	 7	 4	 12.509333	 0.063647
2	 1	 7	 5	 12.301433	 0.222250
2	 1	 7	 6	 16.061533	 0.193318
2	 2	 1	 1	 17.177016	 0.059361
2	 2	 1	 2	 17.542716	 0.022215
2	 2	 1	 3	 16.556816	 0.020466
2	 2	 1	 4	 16.929416	 0.023015
2	 2	 1	 5	 16.910116	 0.022152
2	 2	 1	 6	 15.979116	 0.020084
2	 2	 2	 1	 19.955916	 0.020193
2	 2	 2	 2	 19.113716	 0.019491
2	 2	 2	 3	 18.139516	 0.018349
2	 2	 2	 4	 19.295616	 0.019191
2	 2	 2	 5	 15.004116	 0.017772
2	 2	 2	 6	 16.523716	 0.018452
2	 2	 3	 1	 13.046516	 0.019974
2	 2	 3	 2	 15.714316	 0.018855
2	 2	 3	 3	 13.018816	 0.020326
2	 2	 3	 4	 12.297216	 0.028657
2	 2	 3	 5	 12.720716	 0.020935
2	 2	 3	 6	 13.015316	 0.024500
2	 2	 4	 1	 15.932316	 0.024723
2	 2	 4	 2	 15.378616	 0.034955
2	 2	 4	 3	 16.641716	 0.027284
2	 2	 4	 4	 15.024816	 0.027858
2	 2	 4	 5	 18.114516	 0.032488
2	 2	 4	 6	 15.945916	 0.035482
2	 2	 5	 1	 11.847576	 0.030040
2	 2	 5	 2	 12.810016	 0.037303
2	 2	 5	 3	 12.793016	 0.034991
2	 2	 5	 4	 13.677416	 0.047008
2	 2	 5	 5	 12.707316	 0.046390
2	 2	 5	 6	 15.219216	 0.052736
2	 2	 6	 1	 15.013516	 0.054326
2	 2	 6	 2	 16.385916	 0.059018
2	 2	 6	 3	 14.295916	 0.060289
2	 2	 6	 4	 12.861916	 0.077988
2	 2	 6	 5	 15.228516	 0.083733
2	 2	 6	 6	 15.698816	 0.164073
2	 2	 7	 1	 13.989216	 0.146483
2	 2	 7	 2	 14.714016	 0.690234
2	 2	 7	 3	 17.417816	 0.313706
2	 2	 7	 4	 14.401016	 0.211912
2	 2	 7	 5	 14.976416	 0.257461
2	 2	 7	 6	 15.251616	 0.249777
2	 3	 1	 1	 29.153358	 2.363320
2	 3	 1	 2	 23.055958	 0.082556
2	 3	 1	 3	 22.203758	 0.045471
2	 3	 1	 4	 16.392058	 0.030521
2	 3	 1	 5	 16.197658	 0.029133
2	 3	 1	 6	 16.138758	 0.028629
2	 3	 2	 1	 17.621058	 0.024457
2	 3	 2	 2	 17.353158	 0.024969
2	 3	 2	 3	 16.791958	 0.026830
2	 3	 2	 4	 17.417258	 0.025870
2	 3	 2	 5	 18.062258	 0.027461
2	 3	 2	 6	 17.179658	 0.027239
2	 3	 3	 1	 16.370358	 0.028820
2	 3	 3	 2	 17.940358	 0.034596
2	 3	 3	 3	 17.549958	 0.029145
2	 3	 3	 4	 16.438958	 0.040635
2	 3	 3	 5	 16.172258	 0.041370
2	 3	 3	 6	 16.725558	 0.043994
2	 3	 4	 1	 18.638858	 0.036497
2	 3	 4	 2	 19.738458	 0.042341
2	 3	 4	 3	 17.459658	 0.048665
2	 3	 4	 4	 19.105458	 0.058847
2	 3	 4	 5	 19.034658	 0.047306
2	 3	 4	 6	 18.775558	 0.053359
2	 3	 5	 1	 17.596558	 0.056943
2	 3	 5	 2	 17.169358	 0.060848
2	 3	 5	 3	 18.153658	 0.074810
2	 3	 5	 4	 19.123858	 0.072571
2	 3	 5	 5	 18.069258	 0.105252
2	 3	 5	 6	 19.071258	 0.113773
2	 3	 6	 1	 18.106658	 0.109636
2	 3	 6	 2	 20.308258	 0.123075
2	 3	 6	 3	 17.054958	 0.073256
2	 3	 6	 4	 18.459158	 0.220489
2	 3	 6	 5	 18.492058	 0.230312
2	 3	 6	 6	 15.608158	 0.496099
2	 3	 7	 1	 14.987058	 0.522438
2	 3	 7	 2	 19.066658	 0.214053
2	 3	 7	 3	 14.264358	 0.798274
2	 3	 7	 4	 15.704758	 1.355320
2	 3	 7	 5	 19.707658	 9.533030
2	 3	 7	 6	 18.138458	 2.710580
2	 4	 1	 1	 33.616256	 6.497670
2	 4	 1	 2	 18.802856	 0.162418
2	 4	 1	 3	 18.236156	 0.062235
2	 4	 1	 4	 19.875456	 0.058303
2	 4	 1	 5	 17.750456	 0.035261
2	 4	 1	 6	 18.525356	 0.030044
2	 4	 2	 1	 16.900156	 0.029193
2	 4	 2	 2	 17.476456	 0.025379
2	 4	 2	 3	 17.953256	 0.029171
2	 4	 2	 4	 18.779056	 0.031265
2	 4	 2	 5	 18.186056	 0.030119
2	 4	 2	 6	 18.511656	 0.036485
2	 4	 3	 1	 17.521756	 0.034965
2	 4	 3	 2	 17.094656	 0.034855
2	 4	 3	 3	 18.278256	 0.036144
2	 4	 3	 4	 17.243056	 0.038900
2	 4	 3	 5	 17.585656	 0.045998
2	 4	 3	 6	 18.176256	 0.040019
2	 4	 4	 1	 16.521356	 0.043461
2	 4	 4	 2	 16.214556	 0.051908
2	 4	 4	 3	 17.272756	 0.057549
2	 4	 4	 4	 16.830856	 0.071496
2	 4	 4	 5	 17.777156	 0.058792
2	 4	 4	 6	 17.288756	 0.060749
2	 4	 5	 1	 16.857956	 0.067306
2	 4	 5	 2	 16.575256	 0.085841
2	 4	 5	 3	 14.186156	 1.042820
2	 4	 5	 4	 16.685956	 0.087666
2	 4	 5	 5	 16.740356	 0.147676
2	 4	 5	 6	 18.005856	 0.121574
2	 4	 6	 1	 18.510056	 0.207210
2	 4	 6	 2	 17.600056	 0.425495
2	 4	 6	 3	 16.794256	 0.433299
2	 4	 6	 4	 23.677756	 2.101000
2	 4	 6	 5	 18.352056	 0.298066
2	 4	 6	 6	 17.739756	 0.222373
2	 4	 7	 1	 23.726756	 2.804000
2	 4	 7	 2	 15.234456	 0.767783
2	 4	 7	 3	 14.270456	 0.981205
2	 4	 7	 4	 13.479156	 1.266970
2	 4	 7	 5	 14.821856	 1.997930
2	 4	 7	 6	 25.648756	 21.482100
2	 5	 1	 1	 16.791526	 1.543640
2	 5	 1	 2	 29.837226	 0.023863
2	 5	 1	 3	 29.111826	 0.051452
2	 5	 1	 4	 28.438626	 0.042090
2	 5	 1	 5	 30.963326	 0.010591
2	 5	 1	 6	 29.944626	 0.012624
2	 5	 2	 1	 29.888626	 0.008872
2	 5	 2	 2	 30.973526	 0.008067
2	 5	 2	 3	 31.011126	 0.009328
2	 5	 2	 4	 31.042526	 0.010527
2	 5	 2	 5	 33.077726	 0.031651
2	 5	 2	 6	 32.908426	 0.031355
2	 5	 3	 1	 33.837726	 0.033113
2	 5	 3	 2	 32.092026	 0.034956
2	 5	 3	 3	 33.825726	 0.041395
2	 5	 3	 4	 32.622426	 0.043544
2	 5	 3	 5	 33.308026	 0.052403
2	 5	 3	 6	 34.427526	 0.058558
2	 5	 4	 1	 33.691726	 0.064793
2	 5	 4	 2	 31.698026	 0.058858
2	 5	 4	 3	 31.085126	 0.070524
2	 5	 4	 4	 29.376326	 0.088530
2	 5	 4	 5	 32.037726	 0.085882
2	 5	 4	 6	 31.519826	 0.099895
2	 5	 5	 1	 30.374326	 0.117673
2	 5	 5	 2	 28.315626	 0.064352
2	 5	 5	 3	 29.117626	 0.194959
2	 5	 5	 4	 24.034626	 0.334476
2	 5	 5	 5	 33.913626	 0.444922
2	 5	 5	 6	 18.891626	 0.439217
2	 5	 6	 1	 18.175326	 0.599622
2	 5	 6	 2	 17.799226	 0.569938
2	 5	 6	 3	 19.294126	 0.734133
2	 5	 6	 4	 21.883626	 16.433000
2	 5	 6	 5	 20.298126	 0.965394
2	 5	 6	 6	 17.824126	 0.836154
2	 5	 7	 1	 32.575526	 4.388000
2	 5	 7	 2	 16.467426	 1.639410
2	 5	 7	 3	 17.591626	 3.114220
2	 5	 7	 4	 18.824726	 2.673060
2	 5	 7	 5	 26.661826	 283.133000
2	 5	 7	 6	 32.575526	 4.388000
2	 6	 1	 1	 24.579636	 0.059037
2	 6	 1	 2	 25.634336	 0.069831
2	 6	 1	 3	 23.576936	 0.022267
2	 6	 1	 4	 23.608736	 0.020534
2	 6	 1	 5	 26.080836	 0.035232
2	 6	 1	 6	 24.480836	 0.033370
2	 6	 2	 1	 24.840436	 0.026153
2	 6	 2	 2	 25.022936	 0.028717
2	 6	 2	 3	 26.244136	 0.030220
2	 6	 2	 4	 23.938136	 0.018887
2	 6	 2	 5	 26.069536	 0.028619
2	 6	 2	 6	 34.468336	 0.037107
2	 6	 3	 1	 27.609936	 0.037445
2	 6	 3	 2	 29.587336	 0.015590
2	 6	 3	 3	 29.472136	 0.010397
2	 6	 3	 4	 26.515436	 0.045196
2	 6	 3	 5	 26.777236	 0.048575
2	 6	 3	 6	 29.308936	 0.056641
2	 6	 4	 1	 27.554236	 0.064625
2	 6	 4	 2	 25.609036	 0.070255
2	 6	 4	 3	 25.549436	 0.077202
2	 6	 4	 4	 26.738836	 0.090032
2	 6	 4	 5	 26.907936	 0.094492
2	 6	 4	 6	 26.253436	 0.106498
2	 6	 5	 1	 26.042636	 0.110345
2	 6	 5	 2	 25.917136	 0.140253
2	 6	 5	 3	 23.769136	 0.176311
2	 6	 5	 4	 25.258836	 0.217793
2	 6	 5	 5	 15.106436	 0.327768
2	 6	 5	 6	 13.858436	 0.498838
2	 6	 6	 1	 12.758536	 0.668412
2	 6	 6	 2	 13.149136	 0.453162
2	 6	 6	 3	 31.648136	 0.743358
2	 6	 6	 4	 30.984536	 0.166102
2	 6	 6	 5	 14.851736	 0.601690
2	 6	 6	 6	 27.609036	 0.109236
2	 6	 7	 1	 10.775876	 1.393920
2	 6	 7	 2	 27.681536	 0.206273
2	 6	 7	 3	 16.422336	 2.617740
2	 6	 7	 4	 22.123536	 1.712620
2	 6	 7	 5	 44.094236	 1.549530
2	 6	 7	 6	 27.164536	 4.021000
3	 1	 1	 1	 39.951831	 0.035350
3	 1	 1	 2	 41.282631	 0.021457
3	 1	 1	 3	 40.489031	 0.016929
3	 1	 1	 4	 39.941231	 0.019155
3	 1	 1	 5	 39.012531	 0.017251
3	 1	 1	 6	 39.535231	 0.017657
3	 1	 2	 1	 41.053331	 0.017173
3	 1	 2	 2	 42.676031	 0.016635
3	 1	 2	 3	 40.790231	 0.016384
3	 1	 2	 4	 44.285231	 0.017782
3	 1	 2	 5	 41.289131	 0.015888
3	 1	 2	 6	 40.581031	 0.016449
3	 1	 3	 1	 40.445931	 0.017606
3	 1	 3	 2	 40.289631	 0.020275
3	 1	 3	 3	 40.263131	 0.020584
3	 1	 3	 4	 40.390631	 0.022613
3	 1	 3	 5	 41.147231	 0.022130
3	 1	 3	 6	 41.006831	 0.023472
3	 1	 4	 1	 43.025331	 0.021331
3	 1	 4	 2	 42.450631	 0.022265
3	 1	 4	 3	 38.526431	 0.020725
3	 1	 4	 4	 41.058531	 0.024004
3	 1	 4	 5	 41.907231	 0.015033
3	 1	 4	 6	 42.643531	 0.026000
3	 1	 5	 1	 40.741031	 0.031795
3	 1	 5	 2	 39.781831	 0.032096
3	 1	 5	 3	 39.021431	 0.031103
3	 1	 5	 4	 42.843031	 0.995119
3	 1	 5	 5	 40.765331	 0.037932
3	 1	 5	 6	 43.851831	 0.636391
3	 1	 6	 1	 40.949131	 0.035104
3	 1	 6	 2	 40.812031	 0.049618
3	 1	 6	 3	 40.622431	 0.051136
3	 1	 6	 4	 41.666431	 0.067271
3	 1	 6	 5	 39.770231	 0.085434
3	 1	 6	 6	 42.997631	 0.087696
3	 1	 7	 1	 42.879131	 0.122635
3	 1	 7	 2	 41.754531	 0.085349
3	 1	 7	 3	 44.428731	 0.111262
3	 1	 7	 4	 43.313131	 0.122981
3	 1	 7	 5	 43.099331	 0.161231
3	 1	 7	 6	 42.377831	 0.176222
3	 2	 1	 1	 43.185764	 0.068317
3	 2	 1	 2	 45.957164	 0.023882
3	 2	 1	 3	 44.069564	 0.018825
3	 2	 1	 4	 43.296764	 0.019885
3	 2	 1	 5	 43.558864	 0.019504
3	 2	 1	 6	 45.073464	 0.020603
3	 2	 2	 1	 44.195664	 0.018593
3	 2	 2	 2	 45.870764	 0.018940
3	 2	 2	 3	 42.707064	 0.017658
3	 2	 2	 4	 44.035364	 0.019261
3	 2	 2	 5	 43.475164	 0.018861
3	 2	 2	 6	 44.421264	 0.019611
3	 2	 3	 1	 42.709064	 0.020998
3	 2	 3	 2	 44.002164	 0.021943
3	 2	 3	 3	 42.230764	 0.021336
3	 2	 3	 4	 43.961964	 0.022235
3	 2	 3	 5	 43.467964	 0.022184
3	 2	 3	 6	 43.579964	 0.025228
3	 2	 4	 1	 40.811464	 0.023445
3	 2	 4	 2	 42.886164	 0.025797
3	 2	 4	 3	 40.276664	 0.027141
3	 2	 4	 4	 43.213264	 0.027870
3	 2	 4	 5	 39.604064	 0.028400
3	 2	 4	 6	 41.253464	 0.044750
3	 2	 5	 1	 42.189964	 0.033330
3	 2	 5	 2	 44.107064	 0.038069
3	 2	 5	 3	 39.010264	 0.036420
3	 2	 5	 4	 43.141064	 0.036951
3	 2	 5	 5	 40.913564	 0.038728
3	 2	 5	 6	 42.281664	 0.047135
3	 2	 6	 1	 41.413264	 0.057869
3	 2	 6	 2	 41.937964	 0.051937
3	 2	 6	 3	 42.102764	 0.060501
3	 2	 6	 4	 41.684964	 0.752093
3	 2	 6	 5	 42.006964	 0.019735
3	 2	 6	 6	 42.702464	 0.091867
3	 2	 7	 1	 42.737164	 0.103410
3	 2	 7	 2	 44.365464	 0.164161
3	 2	 7	 3	 42.527264	 0.199742
3	 2	 7	 4	 44.614464	 0.155239
3	 2	 7	 5	 42.810864	 0.261522
3	 2	 7	 6	 44.355464	 0.243205
3	 3	 1	 1	 46.046094	 2.420030
3	 3	 1	 2	 40.796094	 0.094106
3	 3	 1	 3	 39.627094	 0.048930
3	 3	 1	 4	 40.589394	 0.036665
3	 3	 1	 5	 41.304494	 0.015853
3	 3	 1	 6	 43.112294	 0.030400
3	 3	 2	 1	 44.672194	 0.028143
3	 3	 2	 2	 43.910494	 0.034534
3	 3	 2	 3	 44.035794	 0.029409
3	 3	 2	 4	 44.417494	 0.024944
3	 3	 2	 5	 46.101794	 0.030254
3	 3	 2	 6	 45.768094	 0.032913
3	 3	 3	 1	 45.040794	 0.038121
3	 3	 3	 2	 43.748694	 0.038312
3	 3	 3	 3	 43.611494	 0.036704
3	 3	 3	 4	 45.613394	 0.043054
3	 3	 3	 5	 45.694194	 0.042401
3	 3	 3	 6	 45.327994	 0.041728
3	 3	 4	 1	 44.592894	 0.038921
3	 3	 4	 2	 46.070794	 0.046401
3	 3	 4	 3	 46.703094	 0.044331
3	 3	 4	 4	 44.830194	 0.071735
3	 3	 4	 5	 41.592694	 0.055354
3	 3	 4	 6	 40.896794	 0.064235
3	 3	 5	 1	 40.485194	 0.063282
3	 3	 5	 2	 41.691394	 0.066939
3	 3	 5	 3	 42.339794	 0.068461
3	 3	 5	 4	 43.874294	 0.098605
3	 3	 5	 5	 44.600894	 0.120991
3	 3	 5	 6	 45.783894	 0.113597
3	 3	 6	 1	 43.254694	 0.113426
3	 3	 6	 2	 41.842694	 0.134270
3	 3	 6	 3	 38.834894	 0.359420
3	 3	 6	 4	 41.235394	 0.084506
3	 3	 6	 5	 42.063894	 0.120021
3	 3	 6	 6	 41.654694	 0.404038
3	 3	 7	 1	 40.814794	 0.433051
3	 3	 7	 2	 41.356294	 0.512733
3	 3	 7	 3	 38.673794	 0.693647
3	 3	 7	 4	 39.558894	 1.415060
3	 3	 7	 5	 39.428494	 1.746690
3	 3	 7	 6	 42.651294	 18.623600
3	 4	 1	 1	 52.521271	 5.662000
3	 4	 1	 2	 40.977471	 0.137028
3	 4	 1	 3	 41.856271	 0.051981
3	 4	 1	 4	 41.957571	 0.038008
3	 4	 1	 5	 42.091971	 0.032020
3	 4	 1	 6	 42.247271	 0.030056
3	 4	 2	 1	 40.939571	 0.028098
3	 4	 2	 2	 41.639171	 0.027021
3	 4	 2	 3	 42.882171	 0.029684
3	 4	 2	 4	 44.357771	 0.033033
3	 4	 2	 5	 44.301871	 0.033310
3	 4	 2	 6	 44.633771	 0.034354
3	 4	 3	 1	 41.912471	 0.033271
3	 4	 3	 2	 44.712371	 0.042952
3	 4	 3	 3	 44.666871	 0.040541
3	 4	 3	 4	 41.808971	 0.039088
3	 4	 3	 5	 42.242171	 0.045562
3	 4	 3	 6	 42.123171	 0.042488
3	 4	 4	 1	 48.442171	 0.050191
3	 4	 4	 2	 46.891671	 0.051752
3	 4	 4	 3	 46.682971	 0.053794
3	 4	 4	 4	 43.671671	 0.078959
3	 4	 4	 5	 47.421771	 0.055884
3	 4	 4	 6	 47.793971	 0.058509
3	 4	 5	 1	 44.043271	 0.077337
3	 4	 5	 2	 44.022971	 0.092681
3	 4	 5	 3	 44.218671	 0.117903
3	 4	 5	 4	 42.775671	 0.098387
3	 4	 5	 5	 47.351571	 0.165727
3	 4	 5	 6	 43.976571	 0.275834
3	 4	 6	 1	 48.110671	 0.113423
3	 4	 6	 2	 55.067871	 0.234493
3	 4	 6	 3	 49.463871	 0.195384
3	 4	 6	 4	 50.331271	 3.640000
3	 4	 6	 5	 45.752471	 0.470036
3	 4	 6	 6	 54.281071	 1.725010
3	 4	 7	 1	 45.145271	 0.544026
3	 4	 7	 2	 46.329471	 0.670948
3	 4	 7	 3	 39.099171	 0.987559
3	 4	 7	 4	 40.027571	 1.363280
3	 4	 7	 5	 40.760671	 1.866040
3	 4	 7	 6	 45.528271	 2.295420
3	 5	 1	 1	 51.737629	 7.210680
3	 5	 1	 2	 74.673329	 1.073440
3	 5	 1	 3	 71.889529	 0.033158
3	 5	 1	 4	 70.790529	 0.031451
3	 5	 1	 5	 71.983729	 0.039983
3	 5	 1	 6	 72.672129	 0.027802
3	 5	 2	 1	 70.732129	 0.016100
3	 5	 2	 2	 70.631529	 0.013210
3	 5	 2	 3	 74.448129	 0.397265
3	 5	 2	 4	 71.916929	 0.015577
3	 5	 2	 5	 71.837629	 0.024229
3	 5	 2	 6	 72.530329	 0.030409
3	 5	 3	 1	 72.857029	 0.032694
3	 5	 3	 2	 71.785929	 0.035953
3	 5	 3	 3	 71.557329	 0.039707
3	 5	 3	 4	 71.396329	 0.044188
3	 5	 3	 5	 73.257329	 0.051299
3	 5	 3	 6	 73.809829	 0.060803
3	 5	 4	 1	 71.980329	 0.060278
3	 5	 4	 2	 73.491029	 0.071752
3	 5	 4	 3	 72.793729	 0.075912
3	 5	 4	 4	 71.063629	 0.084847
3	 5	 4	 5	 73.233129	 0.097682
3	 5	 4	 6	 73.260129	 0.117641
3	 5	 5	 1	 63.654929	 0.126529
3	 5	 5	 2	 56.746129	 0.130261
3	 5	 5	 3	 62.896129	 0.153306
3	 5	 5	 4	 57.244329	 0.246662
3	 5	 5	 5	 54.496229	 0.127715
3	 5	 5	 6	 59.725129	 0.280597
3	 5	 6	 1	 64.084329	 0.418876
3	 5	 6	 2	 63.897329	 0.519751
3	 5	 6	 3	 57.063029	 0.290654
3	 5	 6	 4	 54.378429	 0.266287
3	 5	 6	 5	 53.598129	 0.375893
3	 5	 6	 6	 56.520629	 0.958898
3	 5	 7	 1	 46.399229	 1.783270
3	 5	 7	 2	 57.123429	 0.316749
3	 5	 7	 3	 50.357229	 1.733850
3	 5	 7	 4	 49.322629	 2.537120
3	 5	 7	 5	 61.314529	 12.885000
3	 5	 7	 6	 61.314529	 12.885000
3	 6	 1	 1	 64.704139	 1.489290
3	 6	 1	 2	 68.084539	 0.147504
3	 6	 1	 3	 68.315939	 0.091759
3	 6	 1	 4	 65.597139	 0.090348
3	 6	 1	 5	 68.760539	 0.057863
3	 6	 1	 6	 69.074639	 0.053363
3	 6	 2	 1	 68.179939	 0.037508
3	 6	 2	 2	 67.501039	 0.034511
3	 6	 2	 3	 67.251139	 0.031441
3	 6	 2	 4	 68.429439	 0.031158
3	 6	 2	 5	 69.290739	 0.035227
3	 6	 2	 6	 68.136439	 0.036060
3	 6	 3	 1	 60.198839	 0.132880
3	 6	 3	 2	 67.911539	 0.039634
3	 6	 3	 3	 67.016639	 0.043465
3	 6	 3	 4	 67.027739	 0.050577
3	 6	 3	 5	 67.327039	 0.053583
3	 6	 3	 6	 67.372239	 0.063186
3	 6	 4	 1	 68.196339	 0.072258
3	 6	 4	 2	 67.757339	 0.075034
3	 6	 4	 3	 70.503439	 0.163580
3	 6	 4	 4	 67.738639	 0.095695
3	 6	 4	 5	 71.565339	 0.025015
3	 6	 4	 6	 69.063839	 0.102357
3	 6	 5	 1	 58.758439	 0.149538
3	 6	 5	 2	 51.826339	 0.077574
3	 6	 5	 3	 52.572339	 0.074723
3	 6	 5	 4	 54.362439	 0.175832
3	 6	 5	 5	 57.979039	 0.218473
3	 6	 5	 6	 52.844039	 0.108319
3	 6	 6	 1	 46.817839	 0.401522
3	 6	 6	 2	 46.902839	 0.538859
3	 6	 6	 3	 48.359339	 0.589510
3	 6	 6	 4	 46.840739	 0.695749
3	 6	 6	 5	 47.824739	 0.968472
3	 6	 6	 6	 47.169639	 1.251850
3	 6	 7	 1	 44.922639	 1.271970
3	 6	 7	 2	 42.013039	 1.321450
3	 6	 7	 3	 49.028939	 1.980430
3	 6	 7	 4	 51.723739	 1.638570
3	 6	 7	 5	 60.269239	 2.188620
3	 6	 7	 6	 58.735939	 10.619000
4	 1	 1	 1	 6.541983	 0.038349
4	 1	 1	 2	 7.331543	 0.019535
4	 1	 1	 3	 7.141463	 0.016713
4	 1	 1	 4	 5.837393	 0.016157
4	 1	 1	 5	 6.763183	 0.017730
4	 1	 1	 6	 6.165513	 0.017821
4	 1	 2	 1	 6.234213	 0.016182
4	 1	 2	 2	 6.598803	 0.017036
4	 1	 2	 3	 6.791753	 0.015824
4	 1	 2	 4	 5.658353	 0.015303
4	 1	 2	 5	 6.214283	 0.016562
4	 1	 2	 6	 7.730293	 0.017104
4	 1	 3	 1	 5.674803	 0.016289
4	 1	 3	 2	 6.909413	 0.019223
4	 1	 3	 3	 6.639333	 0.017657
4	 1	 3	 4	 6.268773	 0.019321
4	 1	 3	 5	 7.554853	 0.019778
4	 1	 3	 6	 7.119853	 0.020231
4	 1	 4	 1	 7.578113	 0.023782
4	 1	 4	 2	 8.264593	 0.025223
4	 1	 4	 3	 6.420943	 0.023571
4	 1	 4	 4	 7.351713	 0.026677
4	 1	 4	 5	 6.669343	 0.026582
4	 1	 4	 6	 8.438213	 0.030718
4	 1	 5	 1	 7.308833	 0.028049
4	 1	 5	 2	 7.629793	 0.035673
4	 1	 5	 3	 7.791693	 0.035150
4	 1	 5	 4	 7.753843	 0.035096
4	 1	 5	 5	 6.567993	 0.038061
4	 1	 5	 6	 7.448263	 0.043280
4	 1	 6	 1	 6.450823	 0.042446
4	 1	 6	 2	 7.558863	 0.048054
4	 1	 6	 3	 6.408273	 0.045877
4	 1	 6	 4	 7.606153	 0.056753
4	 1	 6	 5	 6.915503	 0.068145
4	 1	 6	 6	 7.293843	 0.095196
4	 1	 7	 1	 6.218903	 0.096403
4	 1	 7	 2	 6.404103	 0.103486
4	 1	 7	 3	 7.254863	 0.143487
4	 1	 7	 4	 7.493393	 0.147717
4	 1	 7	 5	 7.067293	 0.135373
4	 1	 7	 6	 7.182783	 0.238131
4	 2	 1	 1	 33.903930	 0.055125
4	 2	 1	 2	 35.513330	 0.024537
4	 2	 1	 3	 33.834730	 0.023520
4	 2	 1	 4	 33.541830	 0.017508
4	 2	 1	 5	 34.088230	 0.017531
4	 2	 1	 6	 34.554430	 0.016833
4	 2	 2	 1	 34.019330	 0.026237
4	 2	 2	 2	 48.636630	 0.021775
4	 2	 2	 3	 33.189430	 0.013511
4	 2	 2	 4	 34.348330	 0.018383
4	 2	 2	 5	 33.599230	 0.017995
4	 2	 2	 6	 34.771530	 0.019672
4	 2	 3	 1	 34.241830	 0.019654
4	 2	 3	 2	 33.955330	 0.019605
4	 2	 3	 3	 32.117130	 0.022009
4	 2	 3	 4	 32.394730	 0.023291
4	 2	 3	 5	 35.198630	 0.022967
4	 2	 3	 6	 33.430030	 0.022351
4	 2	 4	 1	 34.750030	 0.025231
4	 2	 4	 2	 34.119830	 0.026455
4	 2	 4	 3	 33.778930	 0.023184
4	 2	 4	 4	 34.154930	 0.028059
4	 2	 4	 5	 34.300730	 0.031700
4	 2	 4	 6	 34.675030	 0.033485
4	 2	 5	 1	 34.885430	 0.032116
4	 2	 5	 2	 36.057630	 0.037295
4	 2	 5	 3	 35.704430	 0.040340
4	 2	 5	 4	 32.626930	 0.039473
4	 2	 5	 5	 32.619930	 0.045230
4	 2	 5	 6	 33.528930	 0.041575
4	 2	 6	 1	 33.375230	 0.056125
4	 2	 6	 2	 32.443330	 0.069368
4	 2	 6	 3	 33.038730	 0.058416
4	 2	 6	 4	 31.933930	 0.080263
4	 2	 6	 5	 32.440930	 0.087137
4	 2	 6	 6	 31.966330	 0.115461
4	 2	 7	 1	 31.854330	 0.095080
4	 2	 7	 2	 32.894430	 0.123501
4	 2	 7	 3	 29.805330	 0.103276
4	 2	 7	 4	 51.289330	 0.182859
4	 2	 7	 5	 31.989130	 0.155404
4	 2	 7	 6	 31.236030	 0.167025
4	 3	 1	 1	 16.613372	 2.016820
4	 3	 1	 2	 14.871572	 0.076953
4	 3	 1	 3	 14.740172	 0.038579
4	 3	 1	 4	 15.564372	 0.033759
4	 3	 1	 5	 15.113472	 0.039058
4	 3	 1	 6	 15.009172	 0.033707
4	 3	 2	 1	 11.780172	 0.029328
4	 3	 2	 2	 11.173372	 0.025850
4	 3	 2	 3	 12.824572	 0.035256
4	 3	 2	 4	 12.277272	 0.029512
4	 3	 2	 5	 14.335172	 0.030604
4	 3	 2	 6	 13.861172	 0.034116
4	 3	 3	 1	 11.944272	 0.031420
4	 3	 3	 2	 12.657272	 0.031023
4	 3	 3	 3	 12.033172	 0.007588
4	 3	 3	 4	 12.434572	 0.035532
4	 3	 3	 5	 12.976372	 0.037782
4	 3	 3	 6	 12.852672	 0.040649
4	 3	 4	 1	 13.311672	 0.039379
4	 3	 4	 2	 13.788572	 0.043261
4	 3	 4	 3	 13.942572	 0.047128
4	 3	 4	 4	 13.048672	 0.047953
4	 3	 4	 5	 14.146872	 0.054995
4	 3	 4	 6	 13.571172	 0.051119
4	 3	 5	 1	 12.891172	 0.051869
4	 3	 5	 2	 11.910472	 0.052877
4	 3	 5	 3	 12.558672	 0.071267
4	 3	 5	 4	 12.033472	 0.100590
4	 3	 5	 5	 13.389372	 0.093587
4	 3	 5	 6	 13.217572	 0.184808
4	 3	 6	 1	 16.154772	 0.046742
4	 3	 6	 2	 13.607472	 0.184177
4	 3	 6	 3	 12.945972	 0.169107
4	 3	 6	 4	 12.388872	 0.301173
4	 3	 6	 5	 13.652772	 0.185635
4	 3	 6	 6	 12.037772	 0.039586
4	 3	 7	 1	 14.056172	 0.241189
4	 3	 7	 2	 12.010472	 0.351662
4	 3	 7	 3	 9.995802	 0.698024
4	 3	 7	 4	 17.219672	 0.580228
4	 3	 7	 5	 7.560472	 1.837770
4	 3	 7	 6	 14.972472	 1.859180
4	 4	 1	 1	 14.730417	 5.969970
4	 4	 1	 2	 14.734417	 0.181820
4	 4	 1	 3	 15.156517	 0.054319
4	 4	 1	 4	 13.985317	 0.043296
4	 4	 1	 5	 15.718317	 0.035712
4	 4	 1	 6	 15.165317	 0.032700
4	 4	 2	 1	 14.948917	 0.029515
4	 4	 2	 2	 14.466117	 0.029191
4	 4	 2	 3	 14.250017	 0.028561
4	 4	 2	 4	 13.900117	 0.032235
4	 4	 2	 5	 13.978117	 0.030785
4	 4	 2	 6	 14.450417	 0.032244
4	 4	 3	 1	 14.758217	 0.034155
4	 4	 3	 2	 13.809817	 0.037416
4	 4	 3	 3	 13.789617	 0.039044
4	 4	 3	 4	 13.876017	 0.038499
4	 4	 3	 5	 13.709717	 0.041124
4	 4	 3	 6	 13.952817	 0.042302
4	 4	 4	 1	 14.027617	 0.051988
4	 4	 4	 2	 13.716717	 0.054196
4	 4	 4	 3	 13.461017	 0.048084
4	 4	 4	 4	 13.016417	 0.051665
4	 4	 4	 5	 14.321617	 0.057991
4	 4	 4	 6	 13.271917	 0.048183
4	 4	 5	 1	 14.562117	 0.069931
4	 4	 5	 2	 15.746017	 0.355773
4	 4	 5	 3	 13.333917	 0.080506
4	 4	 5	 4	 14.349217	 0.079632
4	 4	 5	 5	 14.102817	 0.166685
4	 4	 5	 6	 12.825817	 0.210516
4	 4	 6	 1	 13.242217	 0.273437
4	 4	 6	 2	 17.158617	 0.166126
4	 4	 6	 3	 13.812317	 0.232682
4	 4	 6	 4	 15.143017	 0.214010
4	 4	 6	 5	 11.883617	 0.464972
4	 4	 6	 6	 11.778817	 0.485188
4	 4	 7	 1	 11.374217	 0.669568
4	 4	 7	 2	 11.633617	 0.831715
4	 4	 7	 3	 9.559257	 1.094060
4	 4	 7	 4	 17.959317	 3.539000
4	 4	 7	 5	 8.801697	 1.744610
4	 4	 7	 6	 7.558007	 4.105340
4	 5	 1	 1	 54.705406	 2.477000
4	 5	 1	 2	 50.681906	 0.181315
4	 5	 1	 3	 51.537906	 0.064645
4	 5	 1	 4	 50.504206	 0.049128
4	 5	 1	 5	 52.922506	 0.010727
4	 5	 1	 6	 51.653606	 0.085670
4	 5	 2	 1	 52.079406	 0.023119
4	 5	 2	 2	 52.851406	 0.020826
4	 5	 2	 3	 51.865506	 0.009891
4	 5	 2	 4	 53.117106	 0.013711
4	 5	 2	 5	 54.908006	 0.027097
4	 5	 2	 6	 54.555006	 0.027293
4	 5	 3	 1	 55.758906	 0.033428
4	 5	 3	 2	 54.325306	 0.035024
4	 5	 3	 3	 55.016306	 0.040137
4	 5	 3	 4	 54.574206	 0.044730
4	 5	 3	 5	 55.079306	 0.049304
4	 5	 3	 6	 55.947206	 0.059940
4	 5	 4	 1	 55.872906	 0.058358
4	 5	 4	 2	 55.846206	 0.061538
4	 5	 4	 3	 54.045906	 0.070849
4	 5	 4	 4	 55.130706	 0.241652
4	 5	 4	 5	 53.228006	 0.096717
4	 5	 4	 6	 54.214606	 0.098165
4	 5	 5	 1	 53.026506	 0.110143
4	 5	 5	 2	 51.417906	 0.117821
4	 5	 5	 3	 49.544806	 0.148894
4	 5	 5	 4	 49.572806	 0.117262
4	 5	 5	 5	 42.659306	 0.344351
4	 5	 5	 6	 48.347106	 0.169101
4	 5	 6	 1	 34.083806	 2.021220
4	 5	 6	 2	 54.584306	 0.509110
4	 5	 6	 3	 44.766306	 0.633388
4	 5	 6	 4	 52.868406	 1.141880
4	 5	 6	 5	 55.772406	 8.957000
4	 5	 6	 6	 54.613806	 1.454030
4	 5	 7	 1	 39.023206	 0.966351
4	 5	 7	 2	 65.134306	 1.039480
4	 5	 7	 3	 38.449506	 0.587365
4	 5	 7	 4	 43.623606	 1.792610
4	 5	 7	 5	 55.101406	 10.186000
4	 5	 7	 6	 55.101406	 10.186000
4	 6	 1	 1	 33.332308	 1.928830
4	 6	 1	 2	 46.687208	 0.129365
4	 6	 1	 3	 46.189008	 0.020590
4	 6	 1	 4	 47.300308	 0.013812
4	 6	 1	 5	 46.171208	 0.012093
4	 6	 1	 6	 47.383008	 0.015193
4	 6	 2	 1	 48.605008	 0.030218
4	 6	 2	 2	 48.147208	 0.027965
4	 6	 2	 3	 48.581708	 0.028416
4	 6	 2	 4	 53.376008	 0.011003
4	 6	 2	 5	 50.496608	 0.029210
4	 6	 2	 6	 50.286408	 0.033886
4	 6	 3	 1	 53.801208	 0.035698
4	 6	 3	 2	 53.478808	 0.036656
4	 6	 3	 3	 53.776108	 0.023995
4	 6	 3	 4	 48.446108	 0.042656
4	 6	 3	 5	 48.580108	 0.048968
4	 6	 3	 6	 47.627508	 0.054739
4	 6	 4	 1	 49.893108	 0.064618
4	 6	 4	 2	 49.210708	 0.069898
4	 6	 4	 3	 49.391608	 0.084016
4	 6	 4	 4	 50.199608	 1.414210
4	 6	 4	 5	 52.161908	 0.016821
4	 6	 4	 6	 56.243208	 0.465687
4	 6	 5	 1	 50.408908	 0.135259
4	 6	 5	 2	 48.999508	 0.136484
4	 6	 5	 3	 51.987008	 0.257945
4	 6	 5	 4	 52.135908	 0.210779
4	 6	 5	 5	 51.226608	 0.232266
4	 6	 5	 6	 53.032208	 0.230227
4	 6	 6	 1	 35.074508	 5.245230
4	 6	 6	 2	 39.586908	 0.795254
4	 6	 6	 3	 39.709308	 0.616966
4	 6	 6	 4	 46.873308	 0.890432
4	 6	 6	 5	 55.756008	 7.619000
4	 6	 6	 6	 44.244808	 0.910470
4	 6	 7	 1	 48.776008	 9.627000
4	 6	 7	 2	 41.186808	 1.347730
4	 6	 7	 3	 43.693008	 1.357660
4	 6	 7	 4	 52.963008	 7.357000
4	 6	 7	 5	 61.271808	 2.141150
4	 6	 7	 6	 59.140708	 0.724527
5	 1	 1	 1	 41.649812	 0.047207
5	 1	 1	 2	 31.336912	 0.022585
5	 1	 1	 3	 29.901212	 0.020261
5	 1	 1	 4	 24.582612	 0.018046
5	 1	 1	 5	 23.914712	 0.016969
5	 1	 1	 6	 24.773912	 0.018017
5	 1	 2	 1	 28.412812	 0.016078
5	 1	 2	 2	 26.286512	 0.004159
5	 1	 2	 3	 26.912712	 0.014477
5	 1	 2	 4	 27.656212	 0.016665
5	 1	 2	 5	 26.949112	 0.024389
5	 1	 2	 6	 25.449712	 0.005548
5	 1	 3	 1	 27.636812	 0.017536
5	 1	 3	 2	 27.361712	 0.018562
5	 1	 3	 3	 27.860912	 0.018626
5	 1	 3	 4	 26.532112	 0.018930
5	 1	 3	 5	 27.026412	 0.018406
5	 1	 3	 6	 27.230712	 0.022631
5	 1	 4	 1	 27.232812	 0.021336
5	 1	 4	 2	 28.352612	 0.023241
5	 1	 4	 3	 27.048612	 0.022188
5	 1	 4	 4	 27.600612	 0.023936
5	 1	 4	 5	 28.943412	 0.025598
5	 1	 4	 6	 27.981012	 0.026956
5	 1	 5	 1	 28.868912	 0.027146
5	 1	 5	 2	 29.154312	 0.031971
5	 1	 5	 3	 28.532212	 0.034534
5	 1	 5	 4	 27.111012	 0.039245
5	 1	 5	 5	 29.459012	 0.034206
5	 1	 5	 6	 32.117512	 0.045171
5	 1	 6	 1	 28.174012	 0.048181
5	 1	 6	 2	 27.945512	 0.048734
5	 1	 6	 3	 28.719612	 0.051399
5	 1	 6	 4	 28.049212	 0.077764
5	 1	 6	 5	 27.185512	 0.079438
5	 1	 6	 6	 28.617712	 0.095271
5	 1	 7	 1	 28.340012	 0.106169
5	 1	 7	 2	 28.130712	 0.120479
5	 1	 7	 3	 28.381412	 0.132971
5	 1	 7	 4	 30.368012	 0.135324
5	 1	 7	 5	 30.390912	 0.059412
5	 1	 7	 6	 31.576312	 0.230490
5	 2	 1	 1	 4.096078	 0.066404
5	 2	 1	 2	 4.429088	 0.022922
5	 2	 1	 3	 2.424551	 0.018931
5	 2	 1	 4	 3.618378	 0.021719
5	 2	 1	 5	 4.424348	 0.019757
5	 2	 1	 6	 3.508638	 0.017845
5	 2	 2	 1	 2.379200	 0.016756
5	 2	 2	 2	 3.891118	 0.017385
5	 2	 2	 3	 3.239488	 0.016708
5	 2	 2	 4	 2.763108	 0.017041
5	 2	 2	 5	 2.922723	 0.016327
5	 2	 2	 6	 2.515753	 0.017799
5	 2	 3	 1	 2.138272	 0.018274
5	 2	 3	 2	 2.930510	 0.020273
5	 2	 3	 3	 1.593283	 0.017915
5	 2	 3	 4	 3.123698	 0.022035
5	 2	 3	 5	 3.149268	 0.020076
5	 2	 3	 6	 2.426523	 0.020894
5	 2	 4	 1	 3.829288	 0.024296
5	 2	 4	 2	 3.426968	 0.024715
5	 2	 4	 3	 3.235548	 0.025241
5	 2	 4	 4	 3.419878	 0.024778
5	 2	 4	 5	 2.505016	 0.027901
5	 2	 4	 6	 4.005248	 0.028471
5	 2	 5	 1	 2.539466	 0.032755
5	 2	 5	 2	 2.721839	 0.032853
5	 2	 5	 3	 1.411692	 0.031133
5	 2	 5	 4	 2.348754	 0.033988
5	 2	 5	 5	 2.451628	 0.040513
5	 2	 5	 6	 2.754118	 0.041164
5	 2	 6	 1	 3.243378	 0.050038
5	 2	 6	 2	 2.923647	 0.055153
5	 2	 6	 3	 1.321695	 0.064355
5	 2	 6	 4	 3.870948	 0.068701
5	 2	 6	 5	 3.310178	 0.068450
5	 2	 6	 6	 3.065007	 0.106078
5	 2	 7	 1	 2.118631	 0.158942
5	 2	 7	 2	 2.597560	 0.235224
5	 2	 7	 3	 2.236633	 0.129498
5	 2	 7	 4	 2.869112	 0.171391
5	 2	 7	 5	 2.107295	 0.127713
5	 2	 7	 6	 3.749428	 0.228274
5	 3	 1	 1	 8.581996	 4.254900
5	 3	 1	 2	 10.777626	 0.109522
5	 3	 1	 3	 9.166276	 0.035381
5	 3	 1	 4	 10.353026	 0.029319
5	 3	 1	 5	 10.382226	 0.027811
5	 3	 1	 6	 10.213136	 0.023795
5	 3	 2	 1	 9.729336	 0.024683
5	 3	 2	 2	 10.172236	 0.023415
5	 3	 2	 3	 10.197786	 0.024468
5	 3	 2	 4	 9.161966	 0.022674
5	 3	 2	 5	 9.776336	 0.026256
5	 3	 2	 6	 9.384646	 0.028655
5	 3	 3	 1	 10.414626	 0.026657
5	 3	 3	 2	 9.401826	 0.029069
5	 3	 3	 3	 8.760046	 0.029169
5	 3	 3	 4	 9.795186	 0.031100
5	 3	 3	 5	 9.995796	 0.031500
5	 3	 3	 6	 10.323236	 0.035145
5	 3	 4	 1	 12.886826	 0.037779
5	 3	 4	 2	 12.348526	 0.041515
5	 3	 4	 3	 12.162926	 0.039774
5	 3	 4	 4	 12.047626	 0.042684
5	 3	 4	 5	 8.774036	 0.038660
5	 3	 4	 6	 9.533076	 0.051052
5	 3	 5	 1	 9.346106	 0.055740
5	 3	 5	 2	 9.551716	 0.056985
5	 3	 5	 3	 9.731876	 0.065482
5	 3	 5	 4	 9.362956	 0.079667
5	 3	 5	 5	 9.500936	 0.076596
5	 3	 5	 6	 9.759736	 0.092572
5	 3	 6	 1	 11.559226	 0.109916
5	 3	 6	 2	 10.954926	 0.125652
5	 3	 6	 3	 8.654826	 0.171597
5	 3	 6	 4	 10.431526	 0.220428
5	 3	 6	 5	 9.330736	 0.127837
5	 3	 6	 6	 9.905366	 0.144791
5	 3	 7	 1	 8.329626	 0.171780
5	 3	 7	 2	 10.774326	 0.455167
5	 3	 7	 3	 8.358076	 0.688711
5	 3	 7	 4	 11.025726	 0.288429
5	 3	 7	 5	 12.263126	 1.111480
5	 3	 7	 6	 7.766146	 3.777730
5	 4	 1	 1	 15.447454	 4.590380
5	 4	 1	 2	 14.396054	 0.428280
5	 4	 1	 3	 10.418284	 0.050407
5	 4	 1	 4	 11.263554	 0.034539
5	 4	 1	 5	 11.891354	 0.032662
5	 4	 1	 6	 10.843224	 0.026378
5	 4	 2	 1	 11.076354	 0.027654
5	 4	 2	 2	 10.669874	 0.025229
5	 4	 2	 3	 10.475434	 0.026043
5	 4	 2	 4	 10.045344	 0.025885
5	 4	 2	 5	 11.317854	 0.028191
5	 4	 2	 6	 12.265154	 2.125850
5	 4	 3	 1	 11.085754	 0.031081
5	 4	 3	 2	 11.655754	 0.032930
5	 4	 3	 3	 10.761974	 0.035962
5	 4	 3	 4	 10.651644	 0.035075
5	 4	 3	 5	 10.668254	 0.038374
5	 4	 3	 6	 11.081554	 0.043358
5	 4	 4	 1	 12.380354	 0.049715
5	 4	 4	 2	 11.461154	 0.048307
5	 4	 4	 3	 10.661024	 0.050522
5	 4	 4	 4	 11.020534	 0.044946
5	 4	 4	 5	 12.404254	 0.051190
5	 4	 4	 6	 11.344554	 0.058800
5	 4	 5	 1	 11.493354	 0.057336
5	 4	 5	 2	 12.492454	 0.084945
5	 4	 5	 3	 10.179794	 0.082710
5	 4	 5	 4	 11.905554	 0.091093
5	 4	 5	 5	 14.417054	 0.328400
5	 4	 5	 6	 13.002454	 0.130779
5	 4	 6	 1	 13.367254	 0.367969
5	 4	 6	 2	 12.932754	 0.150596
5	 4	 6	 3	 10.254784	 0.202584
5	 4	 6	 4	 10.339714	 0.281460
5	 4	 6	 5	 9.884354	 0.128540
5	 4	 6	 6	 7.556314	 0.493827
5	 4	 7	 1	 10.369324	 2.146940
5	 4	 7	 2	 17.729354	 4.407000
5	 4	 7	 3	 10.680844	 0.910163
5	 4	 7	 4	 5.362644	 1.356980
5	 4	 7	 5	 17.729354	 4.407000
5	 4	 7	 6	 17.729354	 4.407000
5	 5	 1	 1	 34.312202	 3.359150
5	 5	 1	 2	 45.015402	 23.172000
5	 5	 1	 3	 50.426602	 0.050625
5	 5	 1	 4	 50.455502	 0.045183
5	 5	 1	 5	 49.675502	 0.035349
5	 5	 1	 6	 49.412002	 0.032934
5	 5	 2	 1	 53.005402	 0.014233
5	 5	 2	 2	 53.035002	 0.011176
5	 5	 2	 3	 54.148502	 0.009650
5	 5	 2	 4	 50.511602	 0.027284
5	 5	 2	 5	 51.425902	 0.029603
5	 5	 2	 6	 52.396302	 0.032365
5	 5	 3	 1	 51.354302	 0.034933
5	 5	 3	 2	 51.116602	 0.035655
5	 5	 3	 3	 51.806202	 0.041428
5	 5	 3	 4	 49.278002	 0.040901
5	 5	 3	 5	 53.263102	 0.048712
5	 5	 3	 6	 51.204602	 0.058222
5	 5	 4	 1	 49.776302	 0.059242
5	 5	 4	 2	 50.243402	 0.062409
5	 5	 4	 3	 50.227902	 0.070578
5	 5	 4	 4	 48.039002	 0.068545
5	 5	 4	 5	 49.867202	 0.088016
5	 5	 4	 6	 48.409902	 0.088589
5	 5	 5	 1	 47.993602	 0.112701
5	 5	 5	 2	 51.162202	 0.202752
5	 5	 5	 3	 46.963302	 0.149840
5	 5	 5	 4	 48.501002	 0.170121
5	 5	 5	 5	 48.883602	 0.242077
5	 5	 5	 6	 49.771902	 0.482212
5	 5	 6	 1	 37.717702	 0.465497
5	 5	 6	 2	 46.793102	 0.346050
5	 5	 6	 3	 48.798902	 5.697000
5	 5	 6	 4	 46.469402	 0.449941
5	 5	 6	 5	 50.705902	 15.424000
5	 5	 6	 6	 50.705902	 15.424000
5	 5	 7	 1	 38.806102	 0.892900
5	 5	 7	 2	 50.705902	 15.424000
5	 5	 7	 3	 46.428502	 0.881924
5	 5	 7	 4	 51.235602	 12.138100
5	 5	 7	 5	 42.325402	 3.377560
5	 5	 7	 6	 56.551602	 11.686400
5	 6	 1	 1	 40.860838	 0.417408
5	 6	 1	 2	 43.841138	 0.094424
5	 6	 1	 3	 44.536038	 0.062554
5	 6	 1	 4	 43.931538	 0.054656
5	 6	 1	 5	 45.285838	 0.044206
5	 6	 1	 6	 43.450138	 0.037146
5	 6	 2	 1	 48.880038	 0.031030
5	 6	 2	 2	 46.615738	 0.025148
5	 6	 2	 3	 46.513138	 0.018562
5	 6	 2	 4	 48.562538	 0.024725
5	 6	 2	 5	 48.966438	 0.029467
5	 6	 2	 6	 49.191238	 0.029231
5	 6	 3	 1	 48.029038	 0.030198
5	 6	 3	 2	 48.617538	 0.036026
5	 6	 3	 3	 47.466838	 0.010124
5	 6	 3	 4	 46.590138	 0.075406
5	 6	 3	 5	 46.876138	 0.048646
5	 6	 3	 6	 46.638538	 0.051851
5	 6	 4	 1	 45.647538	 0.077243
5	 6	 4	 2	 46.448938	 0.066982
5	 6	 4	 3	 46.310438	 0.015199
5	 6	 4	 4	 55.250338	 3.394540
5	 6	 4	 5	 50.586738	 0.080715
5	 6	 4	 6	 48.930438	 0.112174
5	 6	 5	 1	 46.499538	 0.149887
5	 6	 5	 2	 46.146538	 0.128262
5	 6	 5	 3	 47.791038	 0.143778
5	 6	 5	 4	 49.341638	 0.186837
5	 6	 5	 5	 50.995938	 0.260926
5	 6	 5	 6	 49.379638	 0.283286
5	 6	 6	 1	 47.232738	 0.244639
5	 6	 6	 2	 46.928038	 0.144855
5	 6	 6	 3	 49.116738	 0.123673
5	 6	 6	 4	 47.383738	 0.647374
5	 6	 6	 5	 47.965438	 6.187000
5	 6	 6	 6	 35.381738	 0.910148
5	 6	 7	 1	 48.074938	 1.801600
5	 6	 7	 2	 51.709438	 8.904000
5	 6	 7	 3	 37.325638	 1.052270
5	 6	 7	 4	 41.282738	 1.688950
5	 6	 7	 5	 50.228638	 1.536170
5	 6	 7	 6	 79.127538	 176.966000
6	 1	 1	 1	 6.122303	 0.034791
6	 1	 1	 2	 6.377943	 0.019298
6	 1	 1	 3	 4.955183	 0.015945
6	 1	 1	 4	 9.657123	 0.019634
6	 1	 1	 5	 10.613883	 0.019790
6	 1	 1	 6	 11.275093	 0.019815
6	 1	 2	 1	 8.872993	 0.018294
6	 1	 2	 2	 8.707233	 0.017413
6	 1	 2	 3	 8.969343	 0.017245
6	 1	 2	 4	 8.991573	 0.017927
6	 1	 2	 5	 9.548623	 0.015437
6	 1	 2	 6	 8.952543	 0.020391
6	 1	 3	 1	 8.455033	 0.018037
6	 1	 3	 2	 8.704183	 0.018996
6	 1	 3	 3	 8.156633	 0.022516
6	 1	 3	 4	 7.145833	 0.021581
6	 1	 3	 5	 8.593183	 0.020765
6	 1	 3	 6	 7.088933	 0.021217
6	 1	 4	 1	 10.142833	 0.025257
6	 1	 4	 2	 9.750413	 0.025423
6	 1	 4	 3	 9.815393	 0.023024
6	 1	 4	 4	 10.987873	 0.032124
6	 1	 4	 5	 9.954423	 0.025889
6	 1	 4	 6	 11.172173	 0.030729
6	 1	 5	 1	 5.586723	 0.028715
6	 1	 5	 2	 7.764823	 0.030018
6	 1	 5	 3	 4.542513	 0.028739
6	 1	 5	 4	 9.948633	 0.041320
6	 1	 5	 5	 9.913613	 0.040583
6	 1	 5	 6	 10.497043	 0.043048
6	 1	 6	 1	 7.257653	 0.053854
6	 1	 6	 2	 7.568873	 0.058718
6	 1	 6	 3	 6.737403	 0.059449
6	 1	 6	 4	 5.324483	 0.062354
6	 1	 6	 5	 5.138993	 0.081195
6	 1	 6	 6	 6.130983	 0.092542
6	 1	 7	 1	 7.382813	 0.108113
6	 1	 7	 2	 9.717263	 0.141363
6	 1	 7	 3	 7.559613	 0.120706
6	 1	 7	 4	 8.511053	 0.130825
6	 1	 7	 5	 8.100203	 0.095615
6	 1	 7	 6	 8.739253	 0.047324
6	 2	 1	 1	 12.494140	 0.079804
6	 2	 1	 2	 11.347960	 0.026848
6	 2	 1	 3	 8.835720	 0.019732
6	 2	 1	 4	 10.434700	 0.019143
6	 2	 1	 5	 8.860330	 0.021253
6	 2	 1	 6	 8.366550	 0.019153
6	 2	 2	 1	 7.675630	 0.018587
6	 2	 2	 2	 8.138830	 0.018177
6	 2	 2	 3	 6.578080	 0.018581
6	 2	 2	 4	 8.000730	 0.017492
6	 2	 2	 5	 9.151760	 0.019081
6	 2	 2	 6	 9.344070	 0.020081
6	 2	 3	 1	 7.907950	 0.019018
6	 2	 3	 2	 8.893380	 0.021618
6	 2	 3	 3	 7.419210	 0.020809
6	 2	 3	 4	 7.933700	 0.021671
6	 2	 3	 5	 7.550120	 0.022965
6	 2	 3	 6	 6.472710	 0.023995
6	 2	 4	 1	 9.577400	 0.023737
6	 2	 4	 2	 9.160740	 0.033436
6	 2	 4	 3	 9.629440	 0.034136
6	 2	 4	 4	 6.966900	 0.025464
6	 2	 4	 5	 6.739650	 0.027850
6	 2	 4	 6	 7.201660	 0.030708
6	 2	 5	 1	 7.675680	 0.031176
6	 2	 5	 2	 12.059530	 0.037662
6	 2	 5	 3	 9.997050	 0.039949
6	 2	 5	 4	 5.703410	 0.074995
6	 2	 5	 5	 7.753720	 0.042344
6	 2	 5	 6	 7.841480	 0.051302
6	 2	 6	 1	 5.744010	 0.045962
6	 2	 6	 2	 6.063350	 0.062503
6	 2	 6	 3	 6.238360	 0.051247
6	 2	 6	 4	 10.984490	 0.090012
6	 2	 6	 5	 10.541780	 0.102377
6	 2	 6	 6	 10.829830	 0.115892
6	 2	 7	 1	 9.621090	 0.098149
6	 2	 7	 2	 10.768080	 0.143137
6	 2	 7	 3	 8.813080	 0.192677
6	 2	 7	 4	 3.365300	 0.147430
6	 2	 7	 5	 5.988070	 0.179757
6	 2	 7	 6	 5.057590	 0.222671
6	 3	 1	 1	 -27.149132	 2.345780
6	 3	 1	 2	 -27.075432	 0.082366
6	 3	 1	 3	 -28.764632	 1.421300
6	 3	 1	 4	 -28.142632	 0.033538
6	 3	 1	 5	 -28.508132	 0.030564
6	 3	 1	 6	 -28.830432	 0.017684
6	 3	 2	 1	 -27.518432	 0.024512
6	 3	 2	 2	 -27.310832	 0.025581
6	 3	 2	 3	 -29.548532	 0.036365
6	 3	 2	 4	 -29.078132	 0.027271
6	 3	 2	 5	 -27.551332	 0.028299
6	 3	 2	 6	 -28.915632	 0.027810
6	 3	 3	 1	 -28.662232	 0.014068
6	 3	 3	 2	 -28.083132	 0.030488
6	 3	 3	 3	 -29.579232	 0.031119
6	 3	 3	 4	 -29.308332	 0.031369
6	 3	 3	 5	 -27.645532	 0.033271
6	 3	 3	 6	 -27.176632	 0.037764
6	 3	 4	 1	 -28.809732	 0.034042
6	 3	 4	 2	 -28.040032	 0.037851
6	 3	 4	 3	 -28.752132	 0.042669
6	 3	 4	 4	 -28.703732	 0.042085
6	 3	 4	 5	 -27.720932	 0.046865
6	 3	 4	 6	 -27.459232	 0.051965
6	 3	 5	 1	 -27.675232	 0.053014
6	 3	 5	 2	 -26.153332	 0.060807
6	 3	 5	 3	 -25.699932	 0.080628
6	 3	 5	 4	 -28.550832	 0.078875
6	 3	 5	 5	 -26.824132	 0.091227
6	 3	 5	 6	 -25.806532	 0.082762
6	 3	 6	 1	 -26.250832	 0.105007
6	 3	 6	 2	 -25.681532	 0.127494
6	 3	 6	 3	 -26.719932	 0.158763
6	 3	 6	 4	 -28.235232	 0.151601
6	 3	 6	 5	 -26.785932	 0.233418
6	 3	 6	 6	 -26.005432	 0.174288
6	 3	 7	 1	 -25.729032	 1.869000
6	 3	 7	 2	 -26.630332	 9.906900
6	 3	 7	 3	 -29.977232	 0.749895
6	 3	 7	 4	 -29.488932	 0.892460
6	 3	 7	 5	 -30.221932	 1.479960
6	 3	 7	 6	 -36.975432	 2.732220
6	 4	 1	 1	 -15.505013	 1.202000
6	 4	 1	 2	 -27.370313	 0.147039
6	 4	 1	 3	 -27.854813	 0.055938
6	 4	 1	 4	 -27.345013	 0.031462
6	 4	 1	 5	 -27.118013	 0.030099
6	 4	 1	 6	 -26.655713	 0.022260
6	 4	 2	 1	 -27.431913	 0.026540
6	 4	 2	 2	 -27.730713	 0.026488
6	 4	 2	 3	 -27.924413	 0.025467
6	 4	 2	 4	 -28.026713	 0.034846
6	 4	 2	 5	 -28.345313	 0.027870
6	 4	 2	 6	 -28.255613	 0.029965
6	 4	 3	 1	 -26.459213	 0.029933
6	 4	 3	 2	 -28.378813	 0.031263
6	 4	 3	 3	 -28.511113	 0.033697
6	 4	 3	 4	 -27.817013	 0.036599
6	 4	 3	 5	 -27.182913	 0.039379
6	 4	 3	 6	 -26.781813	 0.036805
6	 4	 4	 1	 -27.761713	 0.043317
6	 4	 4	 2	 -27.678613	 0.047085
6	 4	 4	 3	 -27.358913	 0.056759
6	 4	 4	 4	 -27.505013	 0.076477
6	 4	 4	 5	 -26.806813	 0.063203
6	 4	 4	 6	 -27.483513	 0.066026
6	 4	 5	 1	 -26.696513	 0.065763
6	 4	 5	 2	 -27.000213	 0.063933
6	 4	 5	 3	 -27.401713	 0.077140
6	 4	 5	 4	 -27.071413	 0.092803
6	 4	 5	 5	 -27.682713	 0.100714
6	 4	 5	 6	 -27.834113	 0.090337
6	 4	 6	 1	 -27.195313	 0.129292
6	 4	 6	 2	 -28.564613	 0.062829
6	 4	 6	 3	 -27.504013	 0.080026
6	 4	 6	 4	 -28.520613	 0.385480
6	 4	 6	 5	 -29.942313	 0.391772
6	 4	 6	 6	 -30.243413	 0.422999
6	 4	 7	 1	 -28.246813	 0.106700
6	 4	 7	 2	 -31.321413	 0.653589
6	 4	 7	 3	 -33.547113	 0.810159
6	 4	 7	 4	 -32.493213	 1.583650
6	 4	 7	 5	 -33.870413	 1.784530
6	 4	 7	 6	 -34.577813	 2.707830
6	 5	 1	 1	 12.024582	 2.964480
6	 5	 1	 2	 24.682582	 0.211970
6	 5	 1	 3	 22.776582	 0.099897
6	 5	 1	 4	 26.351382	 0.058529
6	 5	 1	 5	 28.188282	 0.046662
6	 5	 1	 6	 27.376382	 0.036977
6	 5	 2	 1	 24.018582	 0.013248
6	 5	 2	 2	 27.006582	 0.060359
6	 5	 2	 3	 22.939382	 0.011507
6	 5	 2	 4	 29.115182	 0.035060
6	 5	 2	 5	 28.928582	 0.013088
6	 5	 2	 6	 26.629582	 0.032647
6	 5	 3	 1	 25.823782	 0.033142
6	 5	 3	 2	 24.774482	 0.037002
6	 5	 3	 3	 24.406282	 0.042181
6	 5	 3	 4	 24.596082	 0.045811
6	 5	 3	 5	 26.280482	 0.054399
6	 5	 3	 6	 27.199582	 0.062693
6	 5	 4	 1	 28.796182	 0.067746
6	 5	 4	 2	 31.227182	 0.061982
6	 5	 4	 3	 30.491282	 0.074099
6	 5	 4	 4	 25.374882	 0.082702
6	 5	 4	 5	 24.360382	 0.093083
6	 5	 4	 6	 27.569582	 0.117948
6	 5	 5	 1	 25.163682	 0.104557
6	 5	 5	 2	 26.761582	 0.107201
6	 5	 5	 3	 23.508982	 0.190753
6	 5	 5	 4	 21.857282	 0.427252
6	 5	 5	 5	 24.650582	 0.502583
6	 5	 5	 6	 24.821882	 0.320080
6	 5	 6	 1	 20.287782	 0.371811
6	 5	 6	 2	 15.532482	 0.470465
6	 5	 6	 3	 12.102082	 0.575848
6	 5	 6	 4	 24.651082	 4.279000
6	 5	 6	 5	 20.934982	 1.250090
6	 5	 6	 6	 21.260182	 0.217657
6	 5	 7	 1	 23.856082	 6.854000
6	 5	 7	 2	 18.213582	 0.802511
6	 5	 7	 3	 23.856082	 6.854000
6	 5	 7	 4	 16.058482	 1.783080
6	 5	 7	 5	 14.789082	 2.687400
6	 5	 7	 6	 31.816482	 5.761190
6	 6	 1	 1	 15.974155	 1.264610
6	 6	 1	 2	 26.446255	 1.191000
6	 6	 1	 3	 19.911355	 0.127236
6	 6	 1	 4	 21.717955	 0.068081
6	 6	 1	 5	 21.402655	 0.052622
6	 6	 1	 6	 21.714955	 0.042894
6	 6	 2	 1	 20.908755	 0.033758
6	 6	 2	 2	 20.294955	 0.034200
6	 6	 2	 3	 19.623155	 0.029898
6	 6	 2	 4	 20.675355	 2.602030
6	 6	 2	 5	 18.741855	 0.027898
6	 6	 2	 6	 19.293355	 0.031292
6	 6	 3	 1	 22.861655	 0.048344
6	 6	 3	 2	 21.567455	 0.050385
6	 6	 3	 3	 21.608355	 0.049772
6	 6	 3	 4	 15.641455	 0.070487
6	 6	 3	 5	 20.094855	 0.056437
6	 6	 3	 6	 20.104055	 0.061063
6	 6	 4	 1	 21.294855	 0.078784
6	 6	 4	 2	 20.388055	 0.079782
6	 6	 4	 3	 21.891855	 0.085134
6	 6	 4	 4	 21.329155	 2.171060
6	 6	 4	 5	 22.543155	 0.110031
6	 6	 4	 6	 21.240355	 0.128821
6	 6	 5	 1	 24.289855	 0.128411
6	 6	 5	 2	 24.283155	 0.134130
6	 6	 5	 3	 25.830855	 0.174956
6	 6	 5	 4	 22.987155	 0.211571
6	 6	 5	 5	 26.658555	 0.197305
6	 6	 5	 6	 12.192655	 0.477421
6	 6	 6	 1	 22.923855	 0.145203
6	 6	 6	 2	 8.328725	 0.468026
6	 6	 6	 3	 8.918985	 0.517495
6	 6	 6	 4	 10.635495	 0.623637
6	 6	 6	 5	 14.794555	 0.105891
6	 6	 6	 6	 24.603855	 0.600396
6	 6	 7	 1	 20.708655	 3.289930
6	 6	 7	 2	 13.246355	 0.876249
6	 6	 7	 3	 31.514255	 22.491300
6	 6	 7	 4	 23.872255	 3.904000
6	 6	 7	 5	 29.565355	 2.298580
6	 6	 7	 6	 43.551355	 16.587400
