#& Sector Superlayer Slot Cable T0Correction T0Error
1	 1	 1	 1	 2.185798	 0.026925
1	 1	 1	 2	 3.608996	 0.017755
1	 1	 1	 3	 3.318084	 0.011387
1	 1	 1	 4	 2.235938	 0.014589
1	 1	 1	 5	 3.649186	 0.016166
1	 1	 1	 6	 4.006704	 0.017966
1	 1	 2	 1	 3.098277	 0.004691
1	 1	 2	 2	 3.201639	 0.011439
1	 1	 2	 3	 5.124671	 0.015370
1	 1	 2	 4	 3.947678	 0.015429
1	 1	 2	 5	 4.580341	 0.016019
1	 1	 2	 6	 5.006011	 0.016242
1	 1	 3	 1	 3.992194	 0.016101
1	 1	 3	 2	 6.666331	 0.023866
1	 1	 3	 3	 3.420447	 0.017734
1	 1	 3	 4	 3.420150	 0.019505
1	 1	 3	 5	 5.425641	 0.020104
1	 1	 3	 6	 5.168601	 0.021515
1	 1	 4	 1	 4.520031	 0.021526
1	 1	 4	 2	 5.693731	 0.023417
1	 1	 4	 3	 2.035041	 0.035467
1	 1	 4	 4	 2.448521	 0.022901
1	 1	 4	 5	 4.103001	 0.024544
1	 1	 4	 6	 5.319791	 0.028295
1	 1	 5	 1	 5.734611	 0.027855
1	 1	 5	 2	 3.595516	 0.031542
1	 1	 5	 3	 5.542361	 0.033236
1	 1	 5	 4	 5.929281	 0.036712
1	 1	 5	 5	 5.495771	 0.039272
1	 1	 5	 6	 5.959321	 0.042458
1	 1	 6	 1	 6.320031	 0.063593
1	 1	 6	 2	 6.152101	 0.030817
1	 1	 6	 3	 5.721811	 0.065940
1	 1	 6	 4	 4.375661	 0.055702
1	 1	 6	 5	 5.419421	 0.082849
1	 1	 6	 6	 5.952701	 0.100727
1	 1	 7	 1	 6.286231	 0.102668
1	 1	 7	 2	 7.434601	 0.153868
1	 1	 7	 3	 4.418131	 0.126261
1	 1	 7	 4	 7.131121	 0.043473
1	 1	 7	 5	 3.621436	 0.131229
1	 1	 7	 6	 4.760441	 0.220162
1	 2	 1	 1	 -19.141895	 0.015213
1	 2	 1	 2	 -18.311895	 0.019937
1	 2	 1	 3	 -19.145495	 0.020746
1	 2	 1	 4	 -18.873595	 0.033656
1	 2	 1	 5	 -18.997595	 0.020968
1	 2	 1	 6	 -18.541195	 0.017526
1	 2	 2	 1	 -18.802295	 0.017882
1	 2	 2	 2	 -18.266795	 0.016686
1	 2	 2	 3	 -20.262395	 0.016662
1	 2	 2	 4	 -20.365995	 0.016433
1	 2	 2	 5	 -19.375995	 0.017910
1	 2	 2	 6	 -19.665695	 0.018158
1	 2	 3	 1	 -19.861295	 0.017321
1	 2	 3	 2	 -18.158795	 0.031051
1	 2	 3	 3	 -19.694295	 0.020154
1	 2	 3	 4	 -19.180995	 0.021081
1	 2	 3	 5	 -18.721695	 0.022248
1	 2	 3	 6	 -18.732095	 0.026564
1	 2	 4	 1	 -19.326995	 0.022660
1	 2	 4	 2	 -19.265395	 0.024665
1	 2	 4	 3	 -20.189095	 0.023390
1	 2	 4	 4	 -19.170895	 0.026681
1	 2	 4	 5	 -19.098295	 0.027085
1	 2	 4	 6	 -18.679395	 0.036670
1	 2	 5	 1	 -19.504595	 0.031412
1	 2	 5	 2	 -19.291595	 0.038390
1	 2	 5	 3	 -19.294495	 0.035246
1	 2	 5	 4	 -19.872095	 0.036730
1	 2	 5	 5	 -18.433995	 0.036861
1	 2	 5	 6	 -19.333495	 0.045449
1	 2	 6	 1	 -19.707895	 0.050838
1	 2	 6	 2	 -18.946795	 0.058813
1	 2	 6	 3	 -20.063195	 0.063557
1	 2	 6	 4	 -20.254495	 0.075553
1	 2	 6	 5	 -20.120495	 0.075428
1	 2	 6	 6	 -19.153795	 0.105442
1	 2	 7	 1	 -20.287395	 0.102732
1	 2	 7	 2	 -19.194495	 0.143885
1	 2	 7	 3	 -19.866295	 0.142191
1	 2	 7	 4	 -21.053695	 0.135391
1	 2	 7	 5	 -19.596495	 0.176544
1	 2	 7	 6	 -21.894895	 0.152579
1	 3	 1	 1	 -14.624729	 3.818290
1	 3	 1	 2	 -13.413229	 0.073424
1	 3	 1	 3	 -15.975129	 0.032217
1	 3	 1	 4	 -15.957529	 0.029691
1	 3	 1	 5	 -15.633029	 0.027174
1	 3	 1	 6	 -14.966229	 0.027887
1	 3	 2	 1	 -16.198429	 0.028137
1	 3	 2	 2	 -15.206929	 0.026589
1	 3	 2	 3	 -16.405729	 0.028799
1	 3	 2	 4	 -15.382329	 0.024747
1	 3	 2	 5	 -14.629229	 0.027208
1	 3	 2	 6	 -14.855629	 0.028262
1	 3	 3	 1	 -16.093729	 0.027344
1	 3	 3	 2	 -15.306929	 0.043382
1	 3	 3	 3	 -15.302529	 0.033937
1	 3	 3	 4	 -15.648729	 0.034081
1	 3	 3	 5	 -15.181529	 0.032697
1	 3	 3	 6	 -14.109329	 0.035054
1	 3	 4	 1	 -14.820529	 0.038213
1	 3	 4	 2	 -14.847229	 0.040526
1	 3	 4	 3	 -15.102229	 0.048464
1	 3	 4	 4	 -15.558029	 0.045850
1	 3	 4	 5	 -13.734829	 0.052486
1	 3	 4	 6	 -14.520329	 0.052187
1	 3	 5	 1	 -13.653029	 0.062650
1	 3	 5	 2	 -14.484629	 0.068546
1	 3	 5	 3	 -14.212729	 0.070909
1	 3	 5	 4	 -14.205329	 0.077177
1	 3	 5	 5	 -13.298729	 0.124744
1	 3	 5	 6	 -13.818529	 0.123062
1	 3	 6	 1	 -14.918629	 0.154873
1	 3	 6	 2	 -15.440829	 0.111099
1	 3	 6	 3	 -14.129229	 0.170783
1	 3	 6	 4	 -15.182329	 0.131280
1	 3	 6	 5	 -14.582329	 0.558248
1	 3	 6	 6	 -15.584629	 0.941267
1	 3	 7	 1	 -14.652429	 0.053604
1	 3	 7	 2	 -14.392829	 0.317304
1	 3	 7	 3	 -18.870629	 0.710913
1	 3	 7	 4	 -20.076729	 0.994972
1	 3	 7	 5	 -18.665629	 1.749730
1	 3	 7	 6	 -21.644329	 3.606850
1	 4	 1	 1	 -24.508478	 14.528700
1	 4	 1	 2	 -17.621578	 0.162276
1	 4	 1	 3	 -16.165378	 0.051202
1	 4	 1	 4	 -17.009178	 0.036478
1	 4	 1	 5	 -16.258778	 0.026415
1	 4	 1	 6	 -16.070878	 0.028198
1	 4	 2	 1	 -17.359378	 0.025591
1	 4	 2	 2	 -16.530378	 0.026129
1	 4	 2	 3	 -16.832578	 0.026461
1	 4	 2	 4	 -17.408478	 0.026922
1	 4	 2	 5	 -16.897078	 0.028957
1	 4	 2	 6	 -17.234378	 0.031303
1	 4	 3	 1	 -16.415778	 0.031482
1	 4	 3	 2	 -18.025478	 0.033037
1	 4	 3	 3	 -17.698778	 0.031253
1	 4	 3	 4	 -16.965878	 0.036175
1	 4	 3	 5	 -16.479378	 0.036323
1	 4	 3	 6	 -16.151578	 0.040724
1	 4	 4	 1	 -16.859178	 0.039475
1	 4	 4	 2	 -16.664078	 0.040450
1	 4	 4	 3	 -17.148078	 0.046094
1	 4	 4	 4	 -18.082278	 0.044147
1	 4	 4	 5	 -16.406978	 0.049521
1	 4	 4	 6	 -16.370078	 0.055545
1	 4	 5	 1	 -17.590578	 0.059031
1	 4	 5	 2	 -18.096578	 0.067481
1	 4	 5	 3	 -17.006978	 0.072034
1	 4	 5	 4	 -17.298978	 0.087903
1	 4	 5	 5	 -16.860078	 0.108222
1	 4	 5	 6	 -16.327078	 0.124205
1	 4	 6	 1	 -17.569578	 0.102324
1	 4	 6	 2	 -18.501978	 0.116043
1	 4	 6	 3	 -17.188078	 0.166741
1	 4	 6	 4	 -19.254978	 0.328302
1	 4	 6	 5	 -18.781378	 0.375588
1	 4	 6	 6	 -18.694978	 0.125591
1	 4	 7	 1	 -16.224278	 0.180590
1	 4	 7	 2	 -18.377878	 0.683434
1	 4	 7	 3	 -19.977078	 0.902941
1	 4	 7	 4	 -23.488478	 1.971960
1	 4	 7	 5	 -9.099078	 99.887500
1	 4	 7	 6	 -21.256178	 2.748620
1	 5	 1	 1	 5.476377	 5.943560
1	 5	 1	 2	 27.222717	 0.037361
1	 5	 1	 3	 28.327117	 0.017739
1	 5	 1	 4	 27.186717	 0.012902
1	 5	 1	 5	 27.367917	 0.019533
1	 5	 1	 6	 28.482117	 0.018420
1	 5	 2	 1	 27.351917	 0.016346
1	 5	 2	 2	 29.938717	 0.023073
1	 5	 2	 3	 29.087917	 0.018948
1	 5	 2	 4	 27.294317	 0.010864
1	 5	 2	 5	 27.625217	 0.016378
1	 5	 2	 6	 29.286817	 0.030024
1	 5	 3	 1	 28.718317	 0.030526
1	 5	 3	 2	 30.653917	 0.034463
1	 5	 3	 3	 30.395317	 0.037219
1	 5	 3	 4	 29.392717	 0.040539
1	 5	 3	 5	 28.812217	 0.046823
1	 5	 3	 6	 30.702817	 0.054228
1	 5	 4	 1	 29.486517	 0.062739
1	 5	 4	 2	 27.971317	 0.062136
1	 5	 4	 3	 28.971117	 0.074309
1	 5	 4	 4	 28.599717	 0.086689
1	 5	 4	 5	 27.975117	 0.098194
1	 5	 4	 6	 29.915017	 0.113600
1	 5	 5	 1	 29.208317	 0.106213
1	 5	 5	 2	 28.438617	 0.119125
1	 5	 5	 3	 28.214917	 0.238216
1	 5	 5	 4	 27.075117	 0.185382
1	 5	 5	 5	 31.068517	 0.297304
1	 5	 5	 6	 27.624417	 0.212095
1	 5	 6	 1	 24.979817	 0.237034
1	 5	 6	 2	 26.572217	 0.624763
1	 5	 6	 3	 22.241617	 0.057410
1	 5	 6	 4	 21.577917	 0.713254
1	 5	 6	 5	 20.598417	 0.743962
1	 5	 6	 6	 20.684517	 2.615300
1	 5	 7	 1	 41.396117	 52.194600
1	 5	 7	 2	 20.850317	 1.433250
1	 5	 7	 3	 17.187617	 1.953950
1	 5	 7	 4	 33.324917	 7.634000
1	 5	 7	 5	 40.019017	 0.866746
1	 5	 7	 6	 43.552717	 13.204500
1	 6	 1	 1	 18.973313	 1.330310
1	 6	 1	 2	 21.374613	 0.102320
1	 6	 1	 3	 21.117613	 0.036913
1	 6	 1	 4	 22.681913	 0.036847
1	 6	 1	 5	 25.736513	 0.043838
1	 6	 1	 6	 21.124513	 0.023278
1	 6	 2	 1	 22.126813	 0.018491
1	 6	 2	 2	 22.058013	 0.012555
1	 6	 2	 3	 21.071513	 0.019343
1	 6	 2	 4	 20.957813	 0.012207
1	 6	 2	 5	 21.678713	 0.022217
1	 6	 2	 6	 21.021213	 0.014547
1	 6	 3	 1	 22.580713	 0.020414
1	 6	 3	 2	 22.914613	 0.036581
1	 6	 3	 3	 22.849813	 0.041609
1	 6	 3	 4	 22.781913	 0.045265
1	 6	 3	 5	 22.120713	 0.047699
1	 6	 3	 6	 21.202313	 0.056636
1	 6	 4	 1	 22.747313	 0.063720
1	 6	 4	 2	 22.746913	 0.073669
1	 6	 4	 3	 23.016413	 0.074448
1	 6	 4	 4	 23.365913	 0.084452
1	 6	 4	 5	 26.182913	 0.084651
1	 6	 4	 6	 22.612613	 0.109905
1	 6	 5	 1	 27.443413	 0.122820
1	 6	 5	 2	 27.684513	 0.166351
1	 6	 5	 3	 25.480113	 0.089847
1	 6	 5	 4	 26.731513	 0.130531
1	 6	 5	 5	 27.329813	 0.198071
1	 6	 5	 6	 22.075213	 0.342879
1	 6	 6	 1	 24.925513	 0.561410
1	 6	 6	 2	 17.059413	 0.424999
1	 6	 6	 3	 29.423813	 0.165570
1	 6	 6	 4	 18.402813	 0.566717
1	 6	 6	 5	 19.593313	 0.829000
1	 6	 6	 6	 24.830213	 2.250170
1	 6	 7	 1	 20.333813	 1.027210
1	 6	 7	 2	 27.323713	 5.225000
1	 6	 7	 3	 35.841413	 17.593800
1	 6	 7	 4	 22.378413	 1.876520
1	 6	 7	 5	 26.744413	 3.214290
1	 6	 7	 6	 27.323713	 5.225000
2	 1	 1	 1	 14.928895	 0.046275
2	 1	 1	 2	 14.491395	 0.022351
2	 1	 1	 3	 15.028695	 0.020454
2	 1	 1	 4	 12.821385	 0.023326
2	 1	 1	 5	 14.629295	 0.033377
2	 1	 1	 6	 14.010795	 0.027570
2	 1	 2	 1	 12.665955	 0.020709
2	 1	 2	 2	 14.413595	 0.018227
2	 1	 2	 3	 14.690195	 0.018263
2	 1	 2	 4	 15.955295	 0.020313
2	 1	 2	 5	 17.602295	 0.018377
2	 1	 2	 6	 19.633495	 0.021097
2	 1	 3	 1	 15.478095	 0.021055
2	 1	 3	 2	 16.005095	 0.021641
2	 1	 3	 3	 15.201195	 0.022196
2	 1	 3	 4	 15.983995	 0.025132
2	 1	 3	 5	 16.079695	 0.023824
2	 1	 3	 6	 14.065995	 0.022961
2	 1	 4	 1	 14.505995	 0.020630
2	 1	 4	 2	 15.608995	 0.024310
2	 1	 4	 3	 14.337295	 0.033060
2	 1	 4	 4	 14.151295	 0.024761
2	 1	 4	 5	 15.615595	 0.024808
2	 1	 4	 6	 15.550495	 0.027885
2	 1	 5	 1	 14.723295	 0.032849
2	 1	 5	 2	 15.859695	 0.033238
2	 1	 5	 3	 14.936595	 0.028862
2	 1	 5	 4	 16.053895	 0.035329
2	 1	 5	 5	 16.071095	 0.038114
2	 1	 5	 6	 15.422195	 0.044027
2	 1	 6	 1	 15.200195	 0.038805
2	 1	 6	 2	 19.030795	 0.011630
2	 1	 6	 3	 17.007395	 1.500780
2	 1	 6	 4	 13.409695	 0.069201
2	 1	 6	 5	 12.891365	 0.074272
2	 1	 6	 6	 20.715995	 0.197277
2	 1	 7	 1	 12.601545	 0.167166
2	 1	 7	 2	 16.047395	 0.138212
2	 1	 7	 3	 14.820095	 0.166562
2	 1	 7	 4	 14.054495	 0.063647
2	 1	 7	 5	 13.846595	 0.222250
2	 1	 7	 6	 17.606695	 0.193318
2	 2	 1	 1	 17.681707	 0.059361
2	 2	 1	 2	 18.047407	 0.022215
2	 2	 1	 3	 17.061507	 0.020466
2	 2	 1	 4	 17.434107	 0.023015
2	 2	 1	 5	 17.414807	 0.022152
2	 2	 1	 6	 16.483807	 0.020084
2	 2	 2	 1	 20.460607	 0.020193
2	 2	 2	 2	 19.618407	 0.019491
2	 2	 2	 3	 18.644207	 0.018349
2	 2	 2	 4	 19.800307	 0.019191
2	 2	 2	 5	 15.508807	 0.017772
2	 2	 2	 6	 17.028407	 0.018452
2	 2	 3	 1	 13.551207	 0.019974
2	 2	 3	 2	 16.219007	 0.018855
2	 2	 3	 3	 13.523507	 0.020326
2	 2	 3	 4	 12.801907	 0.028657
2	 2	 3	 5	 13.225407	 0.020935
2	 2	 3	 6	 13.520007	 0.024500
2	 2	 4	 1	 16.437007	 0.024723
2	 2	 4	 2	 15.883307	 0.034955
2	 2	 4	 3	 17.146407	 0.027284
2	 2	 4	 4	 15.529507	 0.027858
2	 2	 4	 5	 18.619207	 0.032488
2	 2	 4	 6	 16.450607	 0.035482
2	 2	 5	 1	 12.352267	 0.030040
2	 2	 5	 2	 13.314707	 0.037303
2	 2	 5	 3	 13.297707	 0.034991
2	 2	 5	 4	 14.182107	 0.047008
2	 2	 5	 5	 13.212007	 0.046390
2	 2	 5	 6	 15.723907	 0.052736
2	 2	 6	 1	 15.518207	 0.054326
2	 2	 6	 2	 16.890607	 0.059018
2	 2	 6	 3	 14.800607	 0.060289
2	 2	 6	 4	 13.366607	 0.077988
2	 2	 6	 5	 15.733207	 0.083733
2	 2	 6	 6	 16.203507	 0.164073
2	 2	 7	 1	 14.493907	 0.146483
2	 2	 7	 2	 15.218707	 0.690234
2	 2	 7	 3	 17.922507	 0.313706
2	 2	 7	 4	 14.905707	 0.211912
2	 2	 7	 5	 15.481107	 0.257461
2	 2	 7	 6	 15.756307	 0.249777
2	 3	 1	 1	 30.218297	 2.363320
2	 3	 1	 2	 24.120897	 0.082556
2	 3	 1	 3	 23.268697	 0.045471
2	 3	 1	 4	 17.456997	 0.030521
2	 3	 1	 5	 17.262597	 0.029133
2	 3	 1	 6	 17.203697	 0.028629
2	 3	 2	 1	 18.685997	 0.024457
2	 3	 2	 2	 18.418097	 0.024969
2	 3	 2	 3	 17.856897	 0.026830
2	 3	 2	 4	 18.482197	 0.025870
2	 3	 2	 5	 19.127197	 0.027461
2	 3	 2	 6	 18.244597	 0.027239
2	 3	 3	 1	 17.435297	 0.028820
2	 3	 3	 2	 19.005297	 0.034596
2	 3	 3	 3	 18.614897	 0.029145
2	 3	 3	 4	 17.503897	 0.040635
2	 3	 3	 5	 17.237197	 0.041370
2	 3	 3	 6	 17.790497	 0.043994
2	 3	 4	 1	 19.703797	 0.036497
2	 3	 4	 2	 20.803397	 0.042341
2	 3	 4	 3	 18.524597	 0.048665
2	 3	 4	 4	 20.170397	 0.058847
2	 3	 4	 5	 20.099597	 0.047306
2	 3	 4	 6	 19.840497	 0.053359
2	 3	 5	 1	 18.661497	 0.056943
2	 3	 5	 2	 18.234297	 0.060848
2	 3	 5	 3	 19.218597	 0.074810
2	 3	 5	 4	 20.188797	 0.072571
2	 3	 5	 5	 19.134197	 0.105252
2	 3	 5	 6	 20.136197	 0.113773
2	 3	 6	 1	 19.171597	 0.109636
2	 3	 6	 2	 21.373197	 0.123075
2	 3	 6	 3	 18.119897	 0.073256
2	 3	 6	 4	 19.524097	 0.220489
2	 3	 6	 5	 19.556997	 0.230312
2	 3	 6	 6	 16.673097	 0.496099
2	 3	 7	 1	 16.051997	 0.522438
2	 3	 7	 2	 20.131597	 0.214053
2	 3	 7	 3	 15.329297	 0.798274
2	 3	 7	 4	 16.769697	 1.355320
2	 3	 7	 5	 20.772597	 9.533030
2	 3	 7	 6	 19.203397	 2.710580
2	 4	 1	 1	 34.405630	 6.497670
2	 4	 1	 2	 19.592230	 0.162418
2	 4	 1	 3	 19.025530	 0.062235
2	 4	 1	 4	 20.664830	 0.058303
2	 4	 1	 5	 18.539830	 0.035261
2	 4	 1	 6	 19.314730	 0.030044
2	 4	 2	 1	 17.689530	 0.029193
2	 4	 2	 2	 18.265830	 0.025379
2	 4	 2	 3	 18.742630	 0.029171
2	 4	 2	 4	 19.568430	 0.031265
2	 4	 2	 5	 18.975430	 0.030119
2	 4	 2	 6	 19.301030	 0.036485
2	 4	 3	 1	 18.311130	 0.034965
2	 4	 3	 2	 17.884030	 0.034855
2	 4	 3	 3	 19.067630	 0.036144
2	 4	 3	 4	 18.032430	 0.038900
2	 4	 3	 5	 18.375030	 0.045998
2	 4	 3	 6	 18.965630	 0.040019
2	 4	 4	 1	 17.310730	 0.043461
2	 4	 4	 2	 17.003930	 0.051908
2	 4	 4	 3	 18.062130	 0.057549
2	 4	 4	 4	 17.620230	 0.071496
2	 4	 4	 5	 18.566530	 0.058792
2	 4	 4	 6	 18.078130	 0.060749
2	 4	 5	 1	 17.647330	 0.067306
2	 4	 5	 2	 17.364630	 0.085841
2	 4	 5	 3	 14.975530	 1.042820
2	 4	 5	 4	 17.475330	 0.087666
2	 4	 5	 5	 17.529730	 0.147676
2	 4	 5	 6	 18.795230	 0.121574
2	 4	 6	 1	 19.299430	 0.207210
2	 4	 6	 2	 18.389430	 0.425495
2	 4	 6	 3	 17.583630	 0.433299
2	 4	 6	 4	 24.467130	 2.101000
2	 4	 6	 5	 19.141430	 0.298066
2	 4	 6	 6	 18.529130	 0.222373
2	 4	 7	 1	 24.516130	 2.804000
2	 4	 7	 2	 16.023830	 0.767783
2	 4	 7	 3	 15.059830	 0.981205
2	 4	 7	 4	 14.268530	 1.266970
2	 4	 7	 5	 15.611230	 1.997930
2	 4	 7	 6	 26.438130	 21.482100
2	 5	 1	 1	 14.964325	 1.543640
2	 5	 1	 2	 28.010025	 0.023863
2	 5	 1	 3	 27.284625	 0.051452
2	 5	 1	 4	 26.611425	 0.042090
2	 5	 1	 5	 29.136125	 0.010591
2	 5	 1	 6	 28.117425	 0.012624
2	 5	 2	 1	 28.061425	 0.008872
2	 5	 2	 2	 29.146325	 0.008067
2	 5	 2	 3	 29.183925	 0.009328
2	 5	 2	 4	 29.215325	 0.010527
2	 5	 2	 5	 31.250525	 0.031651
2	 5	 2	 6	 31.081225	 0.031355
2	 5	 3	 1	 32.010525	 0.033113
2	 5	 3	 2	 30.264825	 0.034956
2	 5	 3	 3	 31.998525	 0.041395
2	 5	 3	 4	 30.795225	 0.043544
2	 5	 3	 5	 31.480825	 0.052403
2	 5	 3	 6	 32.600325	 0.058558
2	 5	 4	 1	 31.864525	 0.064793
2	 5	 4	 2	 29.870825	 0.058858
2	 5	 4	 3	 29.257925	 0.070524
2	 5	 4	 4	 27.549125	 0.088530
2	 5	 4	 5	 30.210525	 0.085882
2	 5	 4	 6	 29.692625	 0.099895
2	 5	 5	 1	 28.547125	 0.117673
2	 5	 5	 2	 26.488425	 0.064352
2	 5	 5	 3	 27.290425	 0.194959
2	 5	 5	 4	 22.207425	 0.334476
2	 5	 5	 5	 32.086425	 0.444922
2	 5	 5	 6	 17.064425	 0.439217
2	 5	 6	 1	 16.348125	 0.599622
2	 5	 6	 2	 15.972025	 0.569938
2	 5	 6	 3	 17.466925	 0.734133
2	 5	 6	 4	 20.056425	 16.433000
2	 5	 6	 5	 18.470925	 0.965394
2	 5	 6	 6	 15.996925	 0.836154
2	 5	 7	 1	 30.748325	 4.388000
2	 5	 7	 2	 14.640225	 1.639410
2	 5	 7	 3	 15.764425	 3.114220
2	 5	 7	 4	 16.997525	 2.673060
2	 5	 7	 5	 24.834625	 283.133000
2	 5	 7	 6	 30.748325	 4.388000
2	 6	 1	 1	 22.729344	 0.059037
2	 6	 1	 2	 23.784044	 0.069831
2	 6	 1	 3	 21.726644	 0.022267
2	 6	 1	 4	 21.758444	 0.020534
2	 6	 1	 5	 24.230544	 0.035232
2	 6	 1	 6	 22.630544	 0.033370
2	 6	 2	 1	 22.990144	 0.026153
2	 6	 2	 2	 23.172644	 0.028717
2	 6	 2	 3	 24.393844	 0.030220
2	 6	 2	 4	 22.087844	 0.018887
2	 6	 2	 5	 24.219244	 0.028619
2	 6	 2	 6	 32.618044	 0.037107
2	 6	 3	 1	 25.759644	 0.037445
2	 6	 3	 2	 27.737044	 0.015590
2	 6	 3	 3	 27.621844	 0.010397
2	 6	 3	 4	 24.665144	 0.045196
2	 6	 3	 5	 24.926944	 0.048575
2	 6	 3	 6	 27.458644	 0.056641
2	 6	 4	 1	 25.703944	 0.064625
2	 6	 4	 2	 23.758744	 0.070255
2	 6	 4	 3	 23.699144	 0.077202
2	 6	 4	 4	 24.888544	 0.090032
2	 6	 4	 5	 25.057644	 0.094492
2	 6	 4	 6	 24.403144	 0.106498
2	 6	 5	 1	 24.192344	 0.110345
2	 6	 5	 2	 24.066844	 0.140253
2	 6	 5	 3	 21.918844	 0.176311
2	 6	 5	 4	 23.408544	 0.217793
2	 6	 5	 5	 13.256144	 0.327768
2	 6	 5	 6	 12.008144	 0.498838
2	 6	 6	 1	 10.908244	 0.668412
2	 6	 6	 2	 11.298844	 0.453162
2	 6	 6	 3	 29.797844	 0.743358
2	 6	 6	 4	 29.134244	 0.166102
2	 6	 6	 5	 13.001444	 0.601690
2	 6	 6	 6	 25.758744	 0.109236
2	 6	 7	 1	 8.925584	 1.393920
2	 6	 7	 2	 25.831244	 0.206273
2	 6	 7	 3	 14.572044	 2.617740
2	 6	 7	 4	 20.273244	 1.712620
2	 6	 7	 5	 42.243944	 1.549530
2	 6	 7	 6	 25.314244	 4.021000
3	 1	 1	 1	 41.269811	 0.035350
3	 1	 1	 2	 42.600611	 0.021457
3	 1	 1	 3	 41.807011	 0.016929
3	 1	 1	 4	 41.259211	 0.019155
3	 1	 1	 5	 40.330511	 0.017251
3	 1	 1	 6	 40.853211	 0.017657
3	 1	 2	 1	 42.371311	 0.017173
3	 1	 2	 2	 43.994011	 0.016635
3	 1	 2	 3	 42.108211	 0.016384
3	 1	 2	 4	 45.603211	 0.017782
3	 1	 2	 5	 42.607111	 0.015888
3	 1	 2	 6	 41.899011	 0.016449
3	 1	 3	 1	 41.763911	 0.017606
3	 1	 3	 2	 41.607611	 0.020275
3	 1	 3	 3	 41.581111	 0.020584
3	 1	 3	 4	 41.708611	 0.022613
3	 1	 3	 5	 42.465211	 0.022130
3	 1	 3	 6	 42.324811	 0.023472
3	 1	 4	 1	 44.343311	 0.021331
3	 1	 4	 2	 43.768611	 0.022265
3	 1	 4	 3	 39.844411	 0.020725
3	 1	 4	 4	 42.376511	 0.024004
3	 1	 4	 5	 43.225211	 0.015033
3	 1	 4	 6	 43.961511	 0.026000
3	 1	 5	 1	 42.059011	 0.031795
3	 1	 5	 2	 41.099811	 0.032096
3	 1	 5	 3	 40.339411	 0.031103
3	 1	 5	 4	 44.161011	 0.995119
3	 1	 5	 5	 42.083311	 0.037932
3	 1	 5	 6	 45.169811	 0.636391
3	 1	 6	 1	 42.267111	 0.035104
3	 1	 6	 2	 42.130011	 0.049618
3	 1	 6	 3	 41.940411	 0.051136
3	 1	 6	 4	 42.984411	 0.067271
3	 1	 6	 5	 41.088211	 0.085434
3	 1	 6	 6	 44.315611	 0.087696
3	 1	 7	 1	 44.197111	 0.122635
3	 1	 7	 2	 43.072511	 0.085349
3	 1	 7	 3	 45.746711	 0.111262
3	 1	 7	 4	 44.631111	 0.122981
3	 1	 7	 5	 44.417311	 0.161231
3	 1	 7	 6	 43.695811	 0.176222
3	 2	 1	 1	 44.062534	 0.068317
3	 2	 1	 2	 46.833934	 0.023882
3	 2	 1	 3	 44.946334	 0.018825
3	 2	 1	 4	 44.173534	 0.019885
3	 2	 1	 5	 44.435634	 0.019504
3	 2	 1	 6	 45.950234	 0.020603
3	 2	 2	 1	 45.072434	 0.018593
3	 2	 2	 2	 46.747534	 0.018940
3	 2	 2	 3	 43.583834	 0.017658
3	 2	 2	 4	 44.912134	 0.019261
3	 2	 2	 5	 44.351934	 0.018861
3	 2	 2	 6	 45.298034	 0.019611
3	 2	 3	 1	 43.585834	 0.020998
3	 2	 3	 2	 44.878934	 0.021943
3	 2	 3	 3	 43.107534	 0.021336
3	 2	 3	 4	 44.838734	 0.022235
3	 2	 3	 5	 44.344734	 0.022184
3	 2	 3	 6	 44.456734	 0.025228
3	 2	 4	 1	 41.688234	 0.023445
3	 2	 4	 2	 43.762934	 0.025797
3	 2	 4	 3	 41.153434	 0.027141
3	 2	 4	 4	 44.090034	 0.027870
3	 2	 4	 5	 40.480834	 0.028400
3	 2	 4	 6	 42.130234	 0.044750
3	 2	 5	 1	 43.066734	 0.033330
3	 2	 5	 2	 44.983834	 0.038069
3	 2	 5	 3	 39.887034	 0.036420
3	 2	 5	 4	 44.017834	 0.036951
3	 2	 5	 5	 41.790334	 0.038728
3	 2	 5	 6	 43.158434	 0.047135
3	 2	 6	 1	 42.290034	 0.057869
3	 2	 6	 2	 42.814734	 0.051937
3	 2	 6	 3	 42.979534	 0.060501
3	 2	 6	 4	 42.561734	 0.752093
3	 2	 6	 5	 42.883734	 0.019735
3	 2	 6	 6	 43.579234	 0.091867
3	 2	 7	 1	 43.613934	 0.103410
3	 2	 7	 2	 45.242234	 0.164161
3	 2	 7	 3	 43.404034	 0.199742
3	 2	 7	 4	 45.491234	 0.155239
3	 2	 7	 5	 43.687634	 0.261522
3	 2	 7	 6	 45.232234	 0.243205
3	 3	 1	 1	 45.785102	 2.420030
3	 3	 1	 2	 40.535102	 0.094106
3	 3	 1	 3	 39.366102	 0.048930
3	 3	 1	 4	 40.328402	 0.036665
3	 3	 1	 5	 41.043502	 0.015853
3	 3	 1	 6	 42.851302	 0.030400
3	 3	 2	 1	 44.411202	 0.028143
3	 3	 2	 2	 43.649502	 0.034534
3	 3	 2	 3	 43.774802	 0.029409
3	 3	 2	 4	 44.156502	 0.024944
3	 3	 2	 5	 45.840802	 0.030254
3	 3	 2	 6	 45.507102	 0.032913
3	 3	 3	 1	 44.779802	 0.038121
3	 3	 3	 2	 43.487702	 0.038312
3	 3	 3	 3	 43.350502	 0.036704
3	 3	 3	 4	 45.352402	 0.043054
3	 3	 3	 5	 45.433202	 0.042401
3	 3	 3	 6	 45.067002	 0.041728
3	 3	 4	 1	 44.331902	 0.038921
3	 3	 4	 2	 45.809802	 0.046401
3	 3	 4	 3	 46.442102	 0.044331
3	 3	 4	 4	 44.569202	 0.071735
3	 3	 4	 5	 41.331702	 0.055354
3	 3	 4	 6	 40.635802	 0.064235
3	 3	 5	 1	 40.224202	 0.063282
3	 3	 5	 2	 41.430402	 0.066939
3	 3	 5	 3	 42.078802	 0.068461
3	 3	 5	 4	 43.613302	 0.098605
3	 3	 5	 5	 44.339902	 0.120991
3	 3	 5	 6	 45.522902	 0.113597
3	 3	 6	 1	 42.993702	 0.113426
3	 3	 6	 2	 41.581702	 0.134270
3	 3	 6	 3	 38.573902	 0.359420
3	 3	 6	 4	 40.974402	 0.084506
3	 3	 6	 5	 41.802902	 0.120021
3	 3	 6	 6	 41.393702	 0.404038
3	 3	 7	 1	 40.553802	 0.433051
3	 3	 7	 2	 41.095302	 0.512733
3	 3	 7	 3	 38.412802	 0.693647
3	 3	 7	 4	 39.297902	 1.415060
3	 3	 7	 5	 39.167502	 1.746690
3	 3	 7	 6	 42.390302	 18.623600
3	 4	 1	 1	 51.994289	 5.662000
3	 4	 1	 2	 40.450489	 0.137028
3	 4	 1	 3	 41.329289	 0.051981
3	 4	 1	 4	 41.430589	 0.038008
3	 4	 1	 5	 41.564989	 0.032020
3	 4	 1	 6	 41.720289	 0.030056
3	 4	 2	 1	 40.412589	 0.028098
3	 4	 2	 2	 41.112189	 0.027021
3	 4	 2	 3	 42.355189	 0.029684
3	 4	 2	 4	 43.830789	 0.033033
3	 4	 2	 5	 43.774889	 0.033310
3	 4	 2	 6	 44.106789	 0.034354
3	 4	 3	 1	 41.385489	 0.033271
3	 4	 3	 2	 44.185389	 0.042952
3	 4	 3	 3	 44.139889	 0.040541
3	 4	 3	 4	 41.281989	 0.039088
3	 4	 3	 5	 41.715189	 0.045562
3	 4	 3	 6	 41.596189	 0.042488
3	 4	 4	 1	 47.915189	 0.050191
3	 4	 4	 2	 46.364689	 0.051752
3	 4	 4	 3	 46.155989	 0.053794
3	 4	 4	 4	 43.144689	 0.078959
3	 4	 4	 5	 46.894789	 0.055884
3	 4	 4	 6	 47.266989	 0.058509
3	 4	 5	 1	 43.516289	 0.077337
3	 4	 5	 2	 43.495989	 0.092681
3	 4	 5	 3	 43.691689	 0.117903
3	 4	 5	 4	 42.248689	 0.098387
3	 4	 5	 5	 46.824589	 0.165727
3	 4	 5	 6	 43.449589	 0.275834
3	 4	 6	 1	 47.583689	 0.113423
3	 4	 6	 2	 54.540889	 0.234493
3	 4	 6	 3	 48.936889	 0.195384
3	 4	 6	 4	 49.804289	 3.640000
3	 4	 6	 5	 45.225489	 0.470036
3	 4	 6	 6	 53.754089	 1.725010
3	 4	 7	 1	 44.618289	 0.544026
3	 4	 7	 2	 45.802489	 0.670948
3	 4	 7	 3	 38.572189	 0.987559
3	 4	 7	 4	 39.500589	 1.363280
3	 4	 7	 5	 40.233689	 1.866040
3	 4	 7	 6	 45.001289	 2.295420
3	 5	 1	 1	 51.710335	 7.210680
3	 5	 1	 2	 74.646035	 1.073440
3	 5	 1	 3	 71.862235	 0.033158
3	 5	 1	 4	 70.763235	 0.031451
3	 5	 1	 5	 71.956435	 0.039983
3	 5	 1	 6	 72.644835	 0.027802
3	 5	 2	 1	 70.704835	 0.016100
3	 5	 2	 2	 70.604235	 0.013210
3	 5	 2	 3	 74.420835	 0.397265
3	 5	 2	 4	 71.889635	 0.015577
3	 5	 2	 5	 71.810335	 0.024229
3	 5	 2	 6	 72.503035	 0.030409
3	 5	 3	 1	 72.829735	 0.032694
3	 5	 3	 2	 71.758635	 0.035953
3	 5	 3	 3	 71.530035	 0.039707
3	 5	 3	 4	 71.369035	 0.044188
3	 5	 3	 5	 73.230035	 0.051299
3	 5	 3	 6	 73.782535	 0.060803
3	 5	 4	 1	 71.953035	 0.060278
3	 5	 4	 2	 73.463735	 0.071752
3	 5	 4	 3	 72.766435	 0.075912
3	 5	 4	 4	 71.036335	 0.084847
3	 5	 4	 5	 73.205835	 0.097682
3	 5	 4	 6	 73.232835	 0.117641
3	 5	 5	 1	 63.627635	 0.126529
3	 5	 5	 2	 56.718835	 0.130261
3	 5	 5	 3	 62.868835	 0.153306
3	 5	 5	 4	 57.217035	 0.246662
3	 5	 5	 5	 54.468935	 0.127715
3	 5	 5	 6	 59.697835	 0.280597
3	 5	 6	 1	 64.057035	 0.418876
3	 5	 6	 2	 63.870035	 0.519751
3	 5	 6	 3	 57.035735	 0.290654
3	 5	 6	 4	 54.351135	 0.266287
3	 5	 6	 5	 53.570835	 0.375893
3	 5	 6	 6	 56.493335	 0.958898
3	 5	 7	 1	 46.371935	 1.783270
3	 5	 7	 2	 57.096135	 0.316749
3	 5	 7	 3	 50.329935	 1.733850
3	 5	 7	 4	 49.295335	 2.537120
3	 5	 7	 5	 61.287235	 12.885000
3	 5	 7	 6	 61.287235	 12.885000
3	 6	 1	 1	 65.872861	 1.489290
3	 6	 1	 2	 69.253261	 0.147504
3	 6	 1	 3	 69.484661	 0.091759
3	 6	 1	 4	 66.765861	 0.090348
3	 6	 1	 5	 69.929261	 0.057863
3	 6	 1	 6	 70.243361	 0.053363
3	 6	 2	 1	 69.348661	 0.037508
3	 6	 2	 2	 68.669761	 0.034511
3	 6	 2	 3	 68.419861	 0.031441
3	 6	 2	 4	 69.598161	 0.031158
3	 6	 2	 5	 70.459461	 0.035227
3	 6	 2	 6	 69.305161	 0.036060
3	 6	 3	 1	 61.367561	 0.132880
3	 6	 3	 2	 69.080261	 0.039634
3	 6	 3	 3	 68.185361	 0.043465
3	 6	 3	 4	 68.196461	 0.050577
3	 6	 3	 5	 68.495761	 0.053583
3	 6	 3	 6	 68.540961	 0.063186
3	 6	 4	 1	 69.365061	 0.072258
3	 6	 4	 2	 68.926061	 0.075034
3	 6	 4	 3	 71.672161	 0.163580
3	 6	 4	 4	 68.907361	 0.095695
3	 6	 4	 5	 72.734061	 0.025015
3	 6	 4	 6	 70.232561	 0.102357
3	 6	 5	 1	 59.927161	 0.149538
3	 6	 5	 2	 52.995061	 0.077574
3	 6	 5	 3	 53.741061	 0.074723
3	 6	 5	 4	 55.531161	 0.175832
3	 6	 5	 5	 59.147761	 0.218473
3	 6	 5	 6	 54.012761	 0.108319
3	 6	 6	 1	 47.986561	 0.401522
3	 6	 6	 2	 48.071561	 0.538859
3	 6	 6	 3	 49.528061	 0.589510
3	 6	 6	 4	 48.009461	 0.695749
3	 6	 6	 5	 48.993461	 0.968472
3	 6	 6	 6	 48.338361	 1.251850
3	 6	 7	 1	 46.091361	 1.271970
3	 6	 7	 2	 43.181761	 1.321450
3	 6	 7	 3	 50.197661	 1.980430
3	 6	 7	 4	 52.892461	 1.638570
3	 6	 7	 5	 61.437961	 2.188620
3	 6	 7	 6	 59.904661	 10.619000
4	 1	 1	 1	 8.272711	 0.038349
4	 1	 1	 2	 9.062271	 0.019535
4	 1	 1	 3	 8.872191	 0.016713
4	 1	 1	 4	 7.568121	 0.016157
4	 1	 1	 5	 8.493911	 0.017730
4	 1	 1	 6	 7.896241	 0.017821
4	 1	 2	 1	 7.964941	 0.016182
4	 1	 2	 2	 8.329531	 0.017036
4	 1	 2	 3	 8.522481	 0.015824
4	 1	 2	 4	 7.389081	 0.015303
4	 1	 2	 5	 7.945011	 0.016562
4	 1	 2	 6	 9.461021	 0.017104
4	 1	 3	 1	 7.405531	 0.016289
4	 1	 3	 2	 8.640141	 0.019223
4	 1	 3	 3	 8.370061	 0.017657
4	 1	 3	 4	 7.999501	 0.019321
4	 1	 3	 5	 9.285581	 0.019778
4	 1	 3	 6	 8.850581	 0.020231
4	 1	 4	 1	 9.308841	 0.023782
4	 1	 4	 2	 9.995321	 0.025223
4	 1	 4	 3	 8.151671	 0.023571
4	 1	 4	 4	 9.082441	 0.026677
4	 1	 4	 5	 8.400071	 0.026582
4	 1	 4	 6	 10.168941	 0.030718
4	 1	 5	 1	 9.039561	 0.028049
4	 1	 5	 2	 9.360521	 0.035673
4	 1	 5	 3	 9.522421	 0.035150
4	 1	 5	 4	 9.484571	 0.035096
4	 1	 5	 5	 8.298721	 0.038061
4	 1	 5	 6	 9.178991	 0.043280
4	 1	 6	 1	 8.181551	 0.042446
4	 1	 6	 2	 9.289591	 0.048054
4	 1	 6	 3	 8.139001	 0.045877
4	 1	 6	 4	 9.336881	 0.056753
4	 1	 6	 5	 8.646231	 0.068145
4	 1	 6	 6	 9.024571	 0.095196
4	 1	 7	 1	 7.949631	 0.096403
4	 1	 7	 2	 8.134831	 0.103486
4	 1	 7	 3	 8.985591	 0.143487
4	 1	 7	 4	 9.224121	 0.147717
4	 1	 7	 5	 8.798021	 0.135373
4	 1	 7	 6	 8.913511	 0.238131
4	 2	 1	 1	 35.112286	 0.055125
4	 2	 1	 2	 36.721686	 0.024537
4	 2	 1	 3	 35.043086	 0.023520
4	 2	 1	 4	 34.750186	 0.017508
4	 2	 1	 5	 35.296586	 0.017531
4	 2	 1	 6	 35.762786	 0.016833
4	 2	 2	 1	 35.227686	 0.026237
4	 2	 2	 2	 49.844986	 0.021775
4	 2	 2	 3	 34.397786	 0.013511
4	 2	 2	 4	 35.556686	 0.018383
4	 2	 2	 5	 34.807586	 0.017995
4	 2	 2	 6	 35.979886	 0.019672
4	 2	 3	 1	 35.450186	 0.019654
4	 2	 3	 2	 35.163686	 0.019605
4	 2	 3	 3	 33.325486	 0.022009
4	 2	 3	 4	 33.603086	 0.023291
4	 2	 3	 5	 36.406986	 0.022967
4	 2	 3	 6	 34.638386	 0.022351
4	 2	 4	 1	 35.958386	 0.025231
4	 2	 4	 2	 35.328186	 0.026455
4	 2	 4	 3	 34.987286	 0.023184
4	 2	 4	 4	 35.363286	 0.028059
4	 2	 4	 5	 35.509086	 0.031700
4	 2	 4	 6	 35.883386	 0.033485
4	 2	 5	 1	 36.093786	 0.032116
4	 2	 5	 2	 37.265986	 0.037295
4	 2	 5	 3	 36.912786	 0.040340
4	 2	 5	 4	 33.835286	 0.039473
4	 2	 5	 5	 33.828286	 0.045230
4	 2	 5	 6	 34.737286	 0.041575
4	 2	 6	 1	 34.583586	 0.056125
4	 2	 6	 2	 33.651686	 0.069368
4	 2	 6	 3	 34.247086	 0.058416
4	 2	 6	 4	 33.142286	 0.080263
4	 2	 6	 5	 33.649286	 0.087137
4	 2	 6	 6	 33.174686	 0.115461
4	 2	 7	 1	 33.062686	 0.095080
4	 2	 7	 2	 34.102786	 0.123501
4	 2	 7	 3	 31.013686	 0.103276
4	 2	 7	 4	 52.497686	 0.182859
4	 2	 7	 5	 33.197486	 0.155404
4	 2	 7	 6	 32.444386	 0.167025
4	 3	 1	 1	 17.380698	 2.016820
4	 3	 1	 2	 15.638898	 0.076953
4	 3	 1	 3	 15.507498	 0.038579
4	 3	 1	 4	 16.331698	 0.033759
4	 3	 1	 5	 15.880798	 0.039058
4	 3	 1	 6	 15.776498	 0.033707
4	 3	 2	 1	 12.547498	 0.029328
4	 3	 2	 2	 11.940698	 0.025850
4	 3	 2	 3	 13.591898	 0.035256
4	 3	 2	 4	 13.044598	 0.029512
4	 3	 2	 5	 15.102498	 0.030604
4	 3	 2	 6	 14.628498	 0.034116
4	 3	 3	 1	 12.711598	 0.031420
4	 3	 3	 2	 13.424598	 0.031023
4	 3	 3	 3	 12.800498	 0.007588
4	 3	 3	 4	 13.201898	 0.035532
4	 3	 3	 5	 13.743698	 0.037782
4	 3	 3	 6	 13.619998	 0.040649
4	 3	 4	 1	 14.078998	 0.039379
4	 3	 4	 2	 14.555898	 0.043261
4	 3	 4	 3	 14.709898	 0.047128
4	 3	 4	 4	 13.815998	 0.047953
4	 3	 4	 5	 14.914198	 0.054995
4	 3	 4	 6	 14.338498	 0.051119
4	 3	 5	 1	 13.658498	 0.051869
4	 3	 5	 2	 12.677798	 0.052877
4	 3	 5	 3	 13.325998	 0.071267
4	 3	 5	 4	 12.800798	 0.100590
4	 3	 5	 5	 14.156698	 0.093587
4	 3	 5	 6	 13.984898	 0.184808
4	 3	 6	 1	 16.922098	 0.046742
4	 3	 6	 2	 14.374798	 0.184177
4	 3	 6	 3	 13.713298	 0.169107
4	 3	 6	 4	 13.156198	 0.301173
4	 3	 6	 5	 14.420098	 0.185635
4	 3	 6	 6	 12.805098	 0.039586
4	 3	 7	 1	 14.823498	 0.241189
4	 3	 7	 2	 12.777798	 0.351662
4	 3	 7	 3	 10.763128	 0.698024
4	 3	 7	 4	 17.986998	 0.580228
4	 3	 7	 5	 8.327798	 1.837770
4	 3	 7	 6	 15.739798	 1.859180
4	 4	 1	 1	 13.841303	 5.969970
4	 4	 1	 2	 13.845303	 0.181820
4	 4	 1	 3	 14.267403	 0.054319
4	 4	 1	 4	 13.096203	 0.043296
4	 4	 1	 5	 14.829203	 0.035712
4	 4	 1	 6	 14.276203	 0.032700
4	 4	 2	 1	 14.059803	 0.029515
4	 4	 2	 2	 13.577003	 0.029191
4	 4	 2	 3	 13.360903	 0.028561
4	 4	 2	 4	 13.011003	 0.032235
4	 4	 2	 5	 13.089003	 0.030785
4	 4	 2	 6	 13.561303	 0.032244
4	 4	 3	 1	 13.869103	 0.034155
4	 4	 3	 2	 12.920703	 0.037416
4	 4	 3	 3	 12.900503	 0.039044
4	 4	 3	 4	 12.986903	 0.038499
4	 4	 3	 5	 12.820603	 0.041124
4	 4	 3	 6	 13.063703	 0.042302
4	 4	 4	 1	 13.138503	 0.051988
4	 4	 4	 2	 12.827603	 0.054196
4	 4	 4	 3	 12.571903	 0.048084
4	 4	 4	 4	 12.127303	 0.051665
4	 4	 4	 5	 13.432503	 0.057991
4	 4	 4	 6	 12.382803	 0.048183
4	 4	 5	 1	 13.673003	 0.069931
4	 4	 5	 2	 14.856903	 0.355773
4	 4	 5	 3	 12.444803	 0.080506
4	 4	 5	 4	 13.460103	 0.079632
4	 4	 5	 5	 13.213703	 0.166685
4	 4	 5	 6	 11.936703	 0.210516
4	 4	 6	 1	 12.353103	 0.273437
4	 4	 6	 2	 16.269503	 0.166126
4	 4	 6	 3	 12.923203	 0.232682
4	 4	 6	 4	 14.253903	 0.214010
4	 4	 6	 5	 10.994503	 0.464972
4	 4	 6	 6	 10.889703	 0.485188
4	 4	 7	 1	 10.485103	 0.669568
4	 4	 7	 2	 10.744503	 0.831715
4	 4	 7	 3	 8.670143	 1.094060
4	 4	 7	 4	 17.070203	 3.539000
4	 4	 7	 5	 7.912583	 1.744610
4	 4	 7	 6	 6.668893	 4.105340
4	 5	 1	 1	 54.347320	 2.477000
4	 5	 1	 2	 50.323820	 0.181315
4	 5	 1	 3	 51.179820	 0.064645
4	 5	 1	 4	 50.146120	 0.049128
4	 5	 1	 5	 52.564420	 0.010727
4	 5	 1	 6	 51.295520	 0.085670
4	 5	 2	 1	 51.721320	 0.023119
4	 5	 2	 2	 52.493320	 0.020826
4	 5	 2	 3	 51.507420	 0.009891
4	 5	 2	 4	 52.759020	 0.013711
4	 5	 2	 5	 54.549920	 0.027097
4	 5	 2	 6	 54.196920	 0.027293
4	 5	 3	 1	 55.400820	 0.033428
4	 5	 3	 2	 53.967220	 0.035024
4	 5	 3	 3	 54.658220	 0.040137
4	 5	 3	 4	 54.216120	 0.044730
4	 5	 3	 5	 54.721220	 0.049304
4	 5	 3	 6	 55.589120	 0.059940
4	 5	 4	 1	 55.514820	 0.058358
4	 5	 4	 2	 55.488120	 0.061538
4	 5	 4	 3	 53.687820	 0.070849
4	 5	 4	 4	 54.772620	 0.241652
4	 5	 4	 5	 52.869920	 0.096717
4	 5	 4	 6	 53.856520	 0.098165
4	 5	 5	 1	 52.668420	 0.110143
4	 5	 5	 2	 51.059820	 0.117821
4	 5	 5	 3	 49.186720	 0.148894
4	 5	 5	 4	 49.214720	 0.117262
4	 5	 5	 5	 42.301220	 0.344351
4	 5	 5	 6	 47.989020	 0.169101
4	 5	 6	 1	 33.725720	 2.021220
4	 5	 6	 2	 54.226220	 0.509110
4	 5	 6	 3	 44.408220	 0.633388
4	 5	 6	 4	 52.510320	 1.141880
4	 5	 6	 5	 55.414320	 8.957000
4	 5	 6	 6	 54.255720	 1.454030
4	 5	 7	 1	 38.665120	 0.966351
4	 5	 7	 2	 64.776220	 1.039480
4	 5	 7	 3	 38.091420	 0.587365
4	 5	 7	 4	 43.265520	 1.792610
4	 5	 7	 5	 54.743320	 10.186000
4	 5	 7	 6	 54.743320	 10.186000
4	 6	 1	 1	 31.695711	 1.928830
4	 6	 1	 2	 45.050611	 0.129365
4	 6	 1	 3	 44.552411	 0.020590
4	 6	 1	 4	 45.663711	 0.013812
4	 6	 1	 5	 44.534611	 0.012093
4	 6	 1	 6	 45.746411	 0.015193
4	 6	 2	 1	 46.968411	 0.030218
4	 6	 2	 2	 46.510611	 0.027965
4	 6	 2	 3	 46.945111	 0.028416
4	 6	 2	 4	 51.739411	 0.011003
4	 6	 2	 5	 48.860011	 0.029210
4	 6	 2	 6	 48.649811	 0.033886
4	 6	 3	 1	 52.164611	 0.035698
4	 6	 3	 2	 51.842211	 0.036656
4	 6	 3	 3	 52.139511	 0.023995
4	 6	 3	 4	 46.809511	 0.042656
4	 6	 3	 5	 46.943511	 0.048968
4	 6	 3	 6	 45.990911	 0.054739
4	 6	 4	 1	 48.256511	 0.064618
4	 6	 4	 2	 47.574111	 0.069898
4	 6	 4	 3	 47.755011	 0.084016
4	 6	 4	 4	 48.563011	 1.414210
4	 6	 4	 5	 50.525311	 0.016821
4	 6	 4	 6	 54.606611	 0.465687
4	 6	 5	 1	 48.772311	 0.135259
4	 6	 5	 2	 47.362911	 0.136484
4	 6	 5	 3	 50.350411	 0.257945
4	 6	 5	 4	 50.499311	 0.210779
4	 6	 5	 5	 49.590011	 0.232266
4	 6	 5	 6	 51.395611	 0.230227
4	 6	 6	 1	 33.437911	 5.245230
4	 6	 6	 2	 37.950311	 0.795254
4	 6	 6	 3	 38.072711	 0.616966
4	 6	 6	 4	 45.236711	 0.890432
4	 6	 6	 5	 54.119411	 7.619000
4	 6	 6	 6	 42.608211	 0.910470
4	 6	 7	 1	 47.139411	 9.627000
4	 6	 7	 2	 39.550211	 1.347730
4	 6	 7	 3	 42.056411	 1.357660
4	 6	 7	 4	 51.326411	 7.357000
4	 6	 7	 5	 59.635211	 2.141150
4	 6	 7	 6	 57.504111	 0.724527
5	 1	 1	 1	 42.408472	 0.047207
5	 1	 1	 2	 32.095572	 0.022585
5	 1	 1	 3	 30.659872	 0.020261
5	 1	 1	 4	 25.341272	 0.018046
5	 1	 1	 5	 24.673372	 0.016969
5	 1	 1	 6	 25.532572	 0.018017
5	 1	 2	 1	 29.171472	 0.016078
5	 1	 2	 2	 27.045172	 0.004159
5	 1	 2	 3	 27.671372	 0.014477
5	 1	 2	 4	 28.414872	 0.016665
5	 1	 2	 5	 27.707772	 0.024389
5	 1	 2	 6	 26.208372	 0.005548
5	 1	 3	 1	 28.395472	 0.017536
5	 1	 3	 2	 28.120372	 0.018562
5	 1	 3	 3	 28.619572	 0.018626
5	 1	 3	 4	 27.290772	 0.018930
5	 1	 3	 5	 27.785072	 0.018406
5	 1	 3	 6	 27.989372	 0.022631
5	 1	 4	 1	 27.991472	 0.021336
5	 1	 4	 2	 29.111272	 0.023241
5	 1	 4	 3	 27.807272	 0.022188
5	 1	 4	 4	 28.359272	 0.023936
5	 1	 4	 5	 29.702072	 0.025598
5	 1	 4	 6	 28.739672	 0.026956
5	 1	 5	 1	 29.627572	 0.027146
5	 1	 5	 2	 29.912972	 0.031971
5	 1	 5	 3	 29.290872	 0.034534
5	 1	 5	 4	 27.869672	 0.039245
5	 1	 5	 5	 30.217672	 0.034206
5	 1	 5	 6	 32.876172	 0.045171
5	 1	 6	 1	 28.932672	 0.048181
5	 1	 6	 2	 28.704172	 0.048734
5	 1	 6	 3	 29.478272	 0.051399
5	 1	 6	 4	 28.807872	 0.077764
5	 1	 6	 5	 27.944172	 0.079438
5	 1	 6	 6	 29.376372	 0.095271
5	 1	 7	 1	 29.098672	 0.106169
5	 1	 7	 2	 28.889372	 0.120479
5	 1	 7	 3	 29.140072	 0.132971
5	 1	 7	 4	 31.126672	 0.135324
5	 1	 7	 5	 31.149572	 0.059412
5	 1	 7	 6	 32.334972	 0.230490
5	 2	 1	 1	 4.414097	 0.066404
5	 2	 1	 2	 4.747107	 0.022922
5	 2	 1	 3	 2.742570	 0.018931
5	 2	 1	 4	 3.936397	 0.021719
5	 2	 1	 5	 4.742367	 0.019757
5	 2	 1	 6	 3.826657	 0.017845
5	 2	 2	 1	 2.697219	 0.016756
5	 2	 2	 2	 4.209137	 0.017385
5	 2	 2	 3	 3.557507	 0.016708
5	 2	 2	 4	 3.081127	 0.017041
5	 2	 2	 5	 3.240742	 0.016327
5	 2	 2	 6	 2.833772	 0.017799
5	 2	 3	 1	 2.456291	 0.018274
5	 2	 3	 2	 3.248529	 0.020273
5	 2	 3	 3	 1.911302	 0.017915
5	 2	 3	 4	 3.441717	 0.022035
5	 2	 3	 5	 3.467287	 0.020076
5	 2	 3	 6	 2.744542	 0.020894
5	 2	 4	 1	 4.147307	 0.024296
5	 2	 4	 2	 3.744987	 0.024715
5	 2	 4	 3	 3.553567	 0.025241
5	 2	 4	 4	 3.737897	 0.024778
5	 2	 4	 5	 2.823035	 0.027901
5	 2	 4	 6	 4.323267	 0.028471
5	 2	 5	 1	 2.857485	 0.032755
5	 2	 5	 2	 3.039858	 0.032853
5	 2	 5	 3	 1.729711	 0.031133
5	 2	 5	 4	 2.666773	 0.033988
5	 2	 5	 5	 2.769647	 0.040513
5	 2	 5	 6	 3.072137	 0.041164
5	 2	 6	 1	 3.561397	 0.050038
5	 2	 6	 2	 3.241666	 0.055153
5	 2	 6	 3	 1.639714	 0.064355
5	 2	 6	 4	 4.188967	 0.068701
5	 2	 6	 5	 3.628197	 0.068450
5	 2	 6	 6	 3.383026	 0.106078
5	 2	 7	 1	 2.436650	 0.158942
5	 2	 7	 2	 2.915579	 0.235224
5	 2	 7	 3	 2.554652	 0.129498
5	 2	 7	 4	 3.187131	 0.171391
5	 2	 7	 5	 2.425314	 0.127713
5	 2	 7	 6	 4.067447	 0.228274
5	 3	 1	 1	 9.527805	 4.254900
5	 3	 1	 2	 11.723435	 0.109522
5	 3	 1	 3	 10.112085	 0.035381
5	 3	 1	 4	 11.298835	 0.029319
5	 3	 1	 5	 11.328035	 0.027811
5	 3	 1	 6	 11.158945	 0.023795
5	 3	 2	 1	 10.675145	 0.024683
5	 3	 2	 2	 11.118045	 0.023415
5	 3	 2	 3	 11.143595	 0.024468
5	 3	 2	 4	 10.107775	 0.022674
5	 3	 2	 5	 10.722145	 0.026256
5	 3	 2	 6	 10.330455	 0.028655
5	 3	 3	 1	 11.360435	 0.026657
5	 3	 3	 2	 10.347635	 0.029069
5	 3	 3	 3	 9.705855	 0.029169
5	 3	 3	 4	 10.740995	 0.031100
5	 3	 3	 5	 10.941605	 0.031500
5	 3	 3	 6	 11.269045	 0.035145
5	 3	 4	 1	 13.832635	 0.037779
5	 3	 4	 2	 13.294335	 0.041515
5	 3	 4	 3	 13.108735	 0.039774
5	 3	 4	 4	 12.993435	 0.042684
5	 3	 4	 5	 9.719845	 0.038660
5	 3	 4	 6	 10.478885	 0.051052
5	 3	 5	 1	 10.291915	 0.055740
5	 3	 5	 2	 10.497525	 0.056985
5	 3	 5	 3	 10.677685	 0.065482
5	 3	 5	 4	 10.308765	 0.079667
5	 3	 5	 5	 10.446745	 0.076596
5	 3	 5	 6	 10.705545	 0.092572
5	 3	 6	 1	 12.505035	 0.109916
5	 3	 6	 2	 11.900735	 0.125652
5	 3	 6	 3	 9.600635	 0.171597
5	 3	 6	 4	 11.377335	 0.220428
5	 3	 6	 5	 10.276545	 0.127837
5	 3	 6	 6	 10.851175	 0.144791
5	 3	 7	 1	 9.275435	 0.171780
5	 3	 7	 2	 11.720135	 0.455167
5	 3	 7	 3	 9.303885	 0.688711
5	 3	 7	 4	 11.971535	 0.288429
5	 3	 7	 5	 13.208935	 1.111480
5	 3	 7	 6	 8.711955	 3.777730
5	 4	 1	 1	 15.216053	 4.590380
5	 4	 1	 2	 14.164653	 0.428280
5	 4	 1	 3	 10.186883	 0.050407
5	 4	 1	 4	 11.032153	 0.034539
5	 4	 1	 5	 11.659953	 0.032662
5	 4	 1	 6	 10.611823	 0.026378
5	 4	 2	 1	 10.844953	 0.027654
5	 4	 2	 2	 10.438473	 0.025229
5	 4	 2	 3	 10.244033	 0.026043
5	 4	 2	 4	 9.813943	 0.025885
5	 4	 2	 5	 11.086453	 0.028191
5	 4	 2	 6	 12.033753	 2.125850
5	 4	 3	 1	 10.854353	 0.031081
5	 4	 3	 2	 11.424353	 0.032930
5	 4	 3	 3	 10.530573	 0.035962
5	 4	 3	 4	 10.420243	 0.035075
5	 4	 3	 5	 10.436853	 0.038374
5	 4	 3	 6	 10.850153	 0.043358
5	 4	 4	 1	 12.148953	 0.049715
5	 4	 4	 2	 11.229753	 0.048307
5	 4	 4	 3	 10.429623	 0.050522
5	 4	 4	 4	 10.789133	 0.044946
5	 4	 4	 5	 12.172853	 0.051190
5	 4	 4	 6	 11.113153	 0.058800
5	 4	 5	 1	 11.261953	 0.057336
5	 4	 5	 2	 12.261053	 0.084945
5	 4	 5	 3	 9.948393	 0.082710
5	 4	 5	 4	 11.674153	 0.091093
5	 4	 5	 5	 14.185653	 0.328400
5	 4	 5	 6	 12.771053	 0.130779
5	 4	 6	 1	 13.135853	 0.367969
5	 4	 6	 2	 12.701353	 0.150596
5	 4	 6	 3	 10.023383	 0.202584
5	 4	 6	 4	 10.108313	 0.281460
5	 4	 6	 5	 9.652953	 0.128540
5	 4	 6	 6	 7.324913	 0.493827
5	 4	 7	 1	 10.137923	 2.146940
5	 4	 7	 2	 17.497953	 4.407000
5	 4	 7	 3	 10.449443	 0.910163
5	 4	 7	 4	 5.131243	 1.356980
5	 4	 7	 5	 17.497953	 4.407000
5	 4	 7	 6	 17.497953	 4.407000
5	 5	 1	 1	 32.281778	 3.359150
5	 5	 1	 2	 42.984978	 23.172000
5	 5	 1	 3	 48.396178	 0.050625
5	 5	 1	 4	 48.425078	 0.045183
5	 5	 1	 5	 47.645078	 0.035349
5	 5	 1	 6	 47.381578	 0.032934
5	 5	 2	 1	 50.974978	 0.014233
5	 5	 2	 2	 51.004578	 0.011176
5	 5	 2	 3	 52.118078	 0.009650
5	 5	 2	 4	 48.481178	 0.027284
5	 5	 2	 5	 49.395478	 0.029603
5	 5	 2	 6	 50.365878	 0.032365
5	 5	 3	 1	 49.323878	 0.034933
5	 5	 3	 2	 49.086178	 0.035655
5	 5	 3	 3	 49.775778	 0.041428
5	 5	 3	 4	 47.247578	 0.040901
5	 5	 3	 5	 51.232678	 0.048712
5	 5	 3	 6	 49.174178	 0.058222
5	 5	 4	 1	 47.745878	 0.059242
5	 5	 4	 2	 48.212978	 0.062409
5	 5	 4	 3	 48.197478	 0.070578
5	 5	 4	 4	 46.008578	 0.068545
5	 5	 4	 5	 47.836778	 0.088016
5	 5	 4	 6	 46.379478	 0.088589
5	 5	 5	 1	 45.963178	 0.112701
5	 5	 5	 2	 49.131778	 0.202752
5	 5	 5	 3	 44.932878	 0.149840
5	 5	 5	 4	 46.470578	 0.170121
5	 5	 5	 5	 46.853178	 0.242077
5	 5	 5	 6	 47.741478	 0.482212
5	 5	 6	 1	 35.687278	 0.465497
5	 5	 6	 2	 44.762678	 0.346050
5	 5	 6	 3	 46.768478	 5.697000
5	 5	 6	 4	 44.438978	 0.449941
5	 5	 6	 5	 48.675478	 15.424000
5	 5	 6	 6	 48.675478	 15.424000
5	 5	 7	 1	 36.775678	 0.892900
5	 5	 7	 2	 48.675478	 15.424000
5	 5	 7	 3	 44.398078	 0.881924
5	 5	 7	 4	 49.205178	 12.138100
5	 5	 7	 5	 40.294978	 3.377560
5	 5	 7	 6	 54.521178	 11.686400
5	 6	 1	 1	 39.260955	 0.417408
5	 6	 1	 2	 42.241255	 0.094424
5	 6	 1	 3	 42.936155	 0.062554
5	 6	 1	 4	 42.331655	 0.054656
5	 6	 1	 5	 43.685955	 0.044206
5	 6	 1	 6	 41.850255	 0.037146
5	 6	 2	 1	 47.280155	 0.031030
5	 6	 2	 2	 45.015855	 0.025148
5	 6	 2	 3	 44.913255	 0.018562
5	 6	 2	 4	 46.962655	 0.024725
5	 6	 2	 5	 47.366555	 0.029467
5	 6	 2	 6	 47.591355	 0.029231
5	 6	 3	 1	 46.429155	 0.030198
5	 6	 3	 2	 47.017655	 0.036026
5	 6	 3	 3	 45.866955	 0.010124
5	 6	 3	 4	 44.990255	 0.075406
5	 6	 3	 5	 45.276255	 0.048646
5	 6	 3	 6	 45.038655	 0.051851
5	 6	 4	 1	 44.047655	 0.077243
5	 6	 4	 2	 44.849055	 0.066982
5	 6	 4	 3	 44.710555	 0.015199
5	 6	 4	 4	 53.650455	 3.394540
5	 6	 4	 5	 48.986855	 0.080715
5	 6	 4	 6	 47.330555	 0.112174
5	 6	 5	 1	 44.899655	 0.149887
5	 6	 5	 2	 44.546655	 0.128262
5	 6	 5	 3	 46.191155	 0.143778
5	 6	 5	 4	 47.741755	 0.186837
5	 6	 5	 5	 49.396055	 0.260926
5	 6	 5	 6	 47.779755	 0.283286
5	 6	 6	 1	 45.632855	 0.244639
5	 6	 6	 2	 45.328155	 0.144855
5	 6	 6	 3	 47.516855	 0.123673
5	 6	 6	 4	 45.783855	 0.647374
5	 6	 6	 5	 46.365555	 6.187000
5	 6	 6	 6	 33.781855	 0.910148
5	 6	 7	 1	 46.475055	 1.801600
5	 6	 7	 2	 50.109555	 8.904000
5	 6	 7	 3	 35.725755	 1.052270
5	 6	 7	 4	 39.682855	 1.688950
5	 6	 7	 5	 48.628755	 1.536170
5	 6	 7	 6	 77.527655	 176.966000
6	 1	 1	 1	 7.618267	 0.034791
6	 1	 1	 2	 7.873907	 0.019298
6	 1	 1	 3	 6.451147	 0.015945
6	 1	 1	 4	 11.153087	 0.019634
6	 1	 1	 5	 12.109847	 0.019790
6	 1	 1	 6	 12.771057	 0.019815
6	 1	 2	 1	 10.368957	 0.018294
6	 1	 2	 2	 10.203197	 0.017413
6	 1	 2	 3	 10.465307	 0.017245
6	 1	 2	 4	 10.487537	 0.017927
6	 1	 2	 5	 11.044587	 0.015437
6	 1	 2	 6	 10.448507	 0.020391
6	 1	 3	 1	 9.950997	 0.018037
6	 1	 3	 2	 10.200147	 0.018996
6	 1	 3	 3	 9.652597	 0.022516
6	 1	 3	 4	 8.641797	 0.021581
6	 1	 3	 5	 10.089147	 0.020765
6	 1	 3	 6	 8.584897	 0.021217
6	 1	 4	 1	 11.638797	 0.025257
6	 1	 4	 2	 11.246377	 0.025423
6	 1	 4	 3	 11.311357	 0.023024
6	 1	 4	 4	 12.483837	 0.032124
6	 1	 4	 5	 11.450387	 0.025889
6	 1	 4	 6	 12.668137	 0.030729
6	 1	 5	 1	 7.082687	 0.028715
6	 1	 5	 2	 9.260787	 0.030018
6	 1	 5	 3	 6.038477	 0.028739
6	 1	 5	 4	 11.444597	 0.041320
6	 1	 5	 5	 11.409577	 0.040583
6	 1	 5	 6	 11.993007	 0.043048
6	 1	 6	 1	 8.753617	 0.053854
6	 1	 6	 2	 9.064837	 0.058718
6	 1	 6	 3	 8.233367	 0.059449
6	 1	 6	 4	 6.820447	 0.062354
6	 1	 6	 5	 6.634957	 0.081195
6	 1	 6	 6	 7.626947	 0.092542
6	 1	 7	 1	 8.878777	 0.108113
6	 1	 7	 2	 11.213227	 0.141363
6	 1	 7	 3	 9.055577	 0.120706
6	 1	 7	 4	 10.007017	 0.130825
6	 1	 7	 5	 9.596167	 0.095615
6	 1	 7	 6	 10.235217	 0.047324
6	 2	 1	 1	 13.419688	 0.079804
6	 2	 1	 2	 12.273508	 0.026848
6	 2	 1	 3	 9.761268	 0.019732
6	 2	 1	 4	 11.360248	 0.019143
6	 2	 1	 5	 9.785878	 0.021253
6	 2	 1	 6	 9.292098	 0.019153
6	 2	 2	 1	 8.601178	 0.018587
6	 2	 2	 2	 9.064378	 0.018177
6	 2	 2	 3	 7.503628	 0.018581
6	 2	 2	 4	 8.926278	 0.017492
6	 2	 2	 5	 10.077308	 0.019081
6	 2	 2	 6	 10.269618	 0.020081
6	 2	 3	 1	 8.833498	 0.019018
6	 2	 3	 2	 9.818928	 0.021618
6	 2	 3	 3	 8.344758	 0.020809
6	 2	 3	 4	 8.859248	 0.021671
6	 2	 3	 5	 8.475668	 0.022965
6	 2	 3	 6	 7.398258	 0.023995
6	 2	 4	 1	 10.502948	 0.023737
6	 2	 4	 2	 10.086288	 0.033436
6	 2	 4	 3	 10.554988	 0.034136
6	 2	 4	 4	 7.892448	 0.025464
6	 2	 4	 5	 7.665198	 0.027850
6	 2	 4	 6	 8.127208	 0.030708
6	 2	 5	 1	 8.601228	 0.031176
6	 2	 5	 2	 12.985078	 0.037662
6	 2	 5	 3	 10.922598	 0.039949
6	 2	 5	 4	 6.628958	 0.074995
6	 2	 5	 5	 8.679268	 0.042344
6	 2	 5	 6	 8.767028	 0.051302
6	 2	 6	 1	 6.669558	 0.045962
6	 2	 6	 2	 6.988898	 0.062503
6	 2	 6	 3	 7.163908	 0.051247
6	 2	 6	 4	 11.910038	 0.090012
6	 2	 6	 5	 11.467328	 0.102377
6	 2	 6	 6	 11.755378	 0.115892
6	 2	 7	 1	 10.546638	 0.098149
6	 2	 7	 2	 11.693628	 0.143137
6	 2	 7	 3	 9.738628	 0.192677
6	 2	 7	 4	 4.290848	 0.147430
6	 2	 7	 5	 6.913618	 0.179757
6	 2	 7	 6	 5.983138	 0.222671
6	 3	 1	 1	 -25.530843	 2.345780
6	 3	 1	 2	 -25.457143	 0.082366
6	 3	 1	 3	 -27.146343	 1.421300
6	 3	 1	 4	 -26.524343	 0.033538
6	 3	 1	 5	 -26.889843	 0.030564
6	 3	 1	 6	 -27.212143	 0.017684
6	 3	 2	 1	 -25.900143	 0.024512
6	 3	 2	 2	 -25.692543	 0.025581
6	 3	 2	 3	 -27.930243	 0.036365
6	 3	 2	 4	 -27.459843	 0.027271
6	 3	 2	 5	 -25.933043	 0.028299
6	 3	 2	 6	 -27.297343	 0.027810
6	 3	 3	 1	 -27.043943	 0.014068
6	 3	 3	 2	 -26.464843	 0.030488
6	 3	 3	 3	 -27.960943	 0.031119
6	 3	 3	 4	 -27.690043	 0.031369
6	 3	 3	 5	 -26.027243	 0.033271
6	 3	 3	 6	 -25.558343	 0.037764
6	 3	 4	 1	 -27.191443	 0.034042
6	 3	 4	 2	 -26.421743	 0.037851
6	 3	 4	 3	 -27.133843	 0.042669
6	 3	 4	 4	 -27.085443	 0.042085
6	 3	 4	 5	 -26.102643	 0.046865
6	 3	 4	 6	 -25.840943	 0.051965
6	 3	 5	 1	 -26.056943	 0.053014
6	 3	 5	 2	 -24.535043	 0.060807
6	 3	 5	 3	 -24.081643	 0.080628
6	 3	 5	 4	 -26.932543	 0.078875
6	 3	 5	 5	 -25.205843	 0.091227
6	 3	 5	 6	 -24.188243	 0.082762
6	 3	 6	 1	 -24.632543	 0.105007
6	 3	 6	 2	 -24.063243	 0.127494
6	 3	 6	 3	 -25.101643	 0.158763
6	 3	 6	 4	 -26.616943	 0.151601
6	 3	 6	 5	 -25.167643	 0.233418
6	 3	 6	 6	 -24.387143	 0.174288
6	 3	 7	 1	 -24.110743	 1.869000
6	 3	 7	 2	 -25.012043	 9.906900
6	 3	 7	 3	 -28.358943	 0.749895
6	 3	 7	 4	 -27.870643	 0.892460
6	 3	 7	 5	 -28.603643	 1.479960
6	 3	 7	 6	 -35.357143	 2.732220
6	 4	 1	 1	 -15.714506	 1.202000
6	 4	 1	 2	 -27.579806	 0.147039
6	 4	 1	 3	 -28.064306	 0.055938
6	 4	 1	 4	 -27.554506	 0.031462
6	 4	 1	 5	 -27.327506	 0.030099
6	 4	 1	 6	 -26.865206	 0.022260
6	 4	 2	 1	 -27.641406	 0.026540
6	 4	 2	 2	 -27.940206	 0.026488
6	 4	 2	 3	 -28.133906	 0.025467
6	 4	 2	 4	 -28.236206	 0.034846
6	 4	 2	 5	 -28.554806	 0.027870
6	 4	 2	 6	 -28.465106	 0.029965
6	 4	 3	 1	 -26.668706	 0.029933
6	 4	 3	 2	 -28.588306	 0.031263
6	 4	 3	 3	 -28.720606	 0.033697
6	 4	 3	 4	 -28.026506	 0.036599
6	 4	 3	 5	 -27.392406	 0.039379
6	 4	 3	 6	 -26.991306	 0.036805
6	 4	 4	 1	 -27.971206	 0.043317
6	 4	 4	 2	 -27.888106	 0.047085
6	 4	 4	 3	 -27.568406	 0.056759
6	 4	 4	 4	 -27.714506	 0.076477
6	 4	 4	 5	 -27.016306	 0.063203
6	 4	 4	 6	 -27.693006	 0.066026
6	 4	 5	 1	 -26.906006	 0.065763
6	 4	 5	 2	 -27.209706	 0.063933
6	 4	 5	 3	 -27.611206	 0.077140
6	 4	 5	 4	 -27.280906	 0.092803
6	 4	 5	 5	 -27.892206	 0.100714
6	 4	 5	 6	 -28.043606	 0.090337
6	 4	 6	 1	 -27.404806	 0.129292
6	 4	 6	 2	 -28.774106	 0.062829
6	 4	 6	 3	 -27.713506	 0.080026
6	 4	 6	 4	 -28.730106	 0.385480
6	 4	 6	 5	 -30.151806	 0.391772
6	 4	 6	 6	 -30.452906	 0.422999
6	 4	 7	 1	 -28.456306	 0.106700
6	 4	 7	 2	 -31.530906	 0.653589
6	 4	 7	 3	 -33.756606	 0.810159
6	 4	 7	 4	 -32.702706	 1.583650
6	 4	 7	 5	 -34.079906	 1.784530
6	 4	 7	 6	 -34.787306	 2.707830
6	 5	 1	 1	 13.328476	 2.964480
6	 5	 1	 2	 25.986476	 0.211970
6	 5	 1	 3	 24.080476	 0.099897
6	 5	 1	 4	 27.655276	 0.058529
6	 5	 1	 5	 29.492176	 0.046662
6	 5	 1	 6	 28.680276	 0.036977
6	 5	 2	 1	 25.322476	 0.013248
6	 5	 2	 2	 28.310476	 0.060359
6	 5	 2	 3	 24.243276	 0.011507
6	 5	 2	 4	 30.419076	 0.035060
6	 5	 2	 5	 30.232476	 0.013088
6	 5	 2	 6	 27.933476	 0.032647
6	 5	 3	 1	 27.127676	 0.033142
6	 5	 3	 2	 26.078376	 0.037002
6	 5	 3	 3	 25.710176	 0.042181
6	 5	 3	 4	 25.899976	 0.045811
6	 5	 3	 5	 27.584376	 0.054399
6	 5	 3	 6	 28.503476	 0.062693
6	 5	 4	 1	 30.100076	 0.067746
6	 5	 4	 2	 32.531076	 0.061982
6	 5	 4	 3	 31.795176	 0.074099
6	 5	 4	 4	 26.678776	 0.082702
6	 5	 4	 5	 25.664276	 0.093083
6	 5	 4	 6	 28.873476	 0.117948
6	 5	 5	 1	 26.467576	 0.104557
6	 5	 5	 2	 28.065476	 0.107201
6	 5	 5	 3	 24.812876	 0.190753
6	 5	 5	 4	 23.161176	 0.427252
6	 5	 5	 5	 25.954476	 0.502583
6	 5	 5	 6	 26.125776	 0.320080
6	 5	 6	 1	 21.591676	 0.371811
6	 5	 6	 2	 16.836376	 0.470465
6	 5	 6	 3	 13.405976	 0.575848
6	 5	 6	 4	 25.954976	 4.279000
6	 5	 6	 5	 22.238876	 1.250090
6	 5	 6	 6	 22.564076	 0.217657
6	 5	 7	 1	 25.159976	 6.854000
6	 5	 7	 2	 19.517476	 0.802511
6	 5	 7	 3	 25.159976	 6.854000
6	 5	 7	 4	 17.362376	 1.783080
6	 5	 7	 5	 16.092976	 2.687400
6	 5	 7	 6	 33.120376	 5.761190
6	 6	 1	 1	 13.812848	 1.264610
6	 6	 1	 2	 24.284948	 1.191000
6	 6	 1	 3	 17.750048	 0.127236
6	 6	 1	 4	 19.556648	 0.068081
6	 6	 1	 5	 19.241348	 0.052622
6	 6	 1	 6	 19.553648	 0.042894
6	 6	 2	 1	 18.747448	 0.033758
6	 6	 2	 2	 18.133648	 0.034200
6	 6	 2	 3	 17.461848	 0.029898
6	 6	 2	 4	 18.514048	 2.602030
6	 6	 2	 5	 16.580548	 0.027898
6	 6	 2	 6	 17.132048	 0.031292
6	 6	 3	 1	 20.700348	 0.048344
6	 6	 3	 2	 19.406148	 0.050385
6	 6	 3	 3	 19.447048	 0.049772
6	 6	 3	 4	 13.480148	 0.070487
6	 6	 3	 5	 17.933548	 0.056437
6	 6	 3	 6	 17.942748	 0.061063
6	 6	 4	 1	 19.133548	 0.078784
6	 6	 4	 2	 18.226748	 0.079782
6	 6	 4	 3	 19.730548	 0.085134
6	 6	 4	 4	 19.167848	 2.171060
6	 6	 4	 5	 20.381848	 0.110031
6	 6	 4	 6	 19.079048	 0.128821
6	 6	 5	 1	 22.128548	 0.128411
6	 6	 5	 2	 22.121848	 0.134130
6	 6	 5	 3	 23.669548	 0.174956
6	 6	 5	 4	 20.825848	 0.211571
6	 6	 5	 5	 24.497248	 0.197305
6	 6	 5	 6	 10.031348	 0.477421
6	 6	 6	 1	 20.762548	 0.145203
6	 6	 6	 2	 6.167418	 0.468026
6	 6	 6	 3	 6.757678	 0.517495
6	 6	 6	 4	 8.474188	 0.623637
6	 6	 6	 5	 12.633248	 0.105891
6	 6	 6	 6	 22.442548	 0.600396
6	 6	 7	 1	 18.547348	 3.289930
6	 6	 7	 2	 11.085048	 0.876249
6	 6	 7	 3	 29.352948	 22.491300
6	 6	 7	 4	 21.710948	 3.904000
6	 6	 7	 5	 27.404048	 2.298580
6	 6	 7	 6	 41.390048	 16.587400
