#& Sector Superlayer Slot Cable T0Correction T0Error
1	 1	 1	 1	 -0.196385	 2.203169
1	 1	 1	 2	 2.104918	 2.308751
1	 1	 1	 3	 4.807370	 1.690543
1	 1	 1	 4	 2.715017	 0.014589
1	 1	 1	 5	 2.955332	 1.807649
1	 1	 1	 6	 2.864740	 1.995759
1	 1	 2	 1	 2.855556	 1.808483
1	 1	 2	 2	 -2.035262	 2.753980
1	 1	 2	 3	 3.502937	 1.464514
1	 1	 2	 4	 1.273638	 1.713444
1	 1	 2	 5	 4.373804	 1.408881
1	 1	 2	 6	 4.444760	 1.472055
1	 1	 3	 1	 0.739501	 1.765031
1	 1	 3	 2	 6.470800	 1.966514
1	 1	 3	 3	 1.885114	 1.860158
1	 1	 3	 4	 2.788668	 1.687998
1	 1	 3	 5	 3.327765	 1.623961
1	 1	 3	 6	 1.769251	 1.585911
1	 1	 4	 1	 1.662530	 1.932289
1	 1	 4	 2	 4.509532	 1.600157
1	 1	 4	 3	 1.694755	 1.233521
1	 1	 4	 4	 3.633446	 2.290962
1	 1	 4	 5	 4.116517	 2.240146
1	 1	 4	 6	 0.989333	 2.546634
1	 1	 5	 1	 4.643286	 2.056177
1	 1	 5	 2	 3.791900	 2.035791
1	 1	 5	 3	 3.522413	 2.297327
1	 1	 5	 4	 -0.116968	 2.017021
1	 1	 5	 5	 6.510734	 4.416912
1	 1	 5	 6	 -0.134955	 3.013748
1	 1	 6	 1	 4.786162	 4.207137
1	 1	 6	 2	 5.145624	 4.242066
1	 1	 6	 3	 1.505206	 3.596572
1	 1	 6	 4	 -3.872124	 4.203680
1	 1	 6	 5	 -2.523695	 8.836381
1	 1	 6	 6	 5.022222	 8.207008
1	 1	 7	 1	 -115.231982	 209.206278
1	 1	 7	 2	 -1.896104	 15.664959
1	 1	 7	 3	 4.897210	 0.126261
1	 1	 7	 4	 7.610200	 0.043473
1	 1	 7	 5	 -1.691228	 13.646408
1	 1	 7	 6	 5.239520	 0.220162
1	 2	 1	 1	 -16.158040	 3.523229
1	 2	 1	 2	 -18.402260	 3.495454
1	 2	 1	 3	 -21.821665	 3.163022
1	 2	 1	 4	 -16.817778	 2.323635
1	 2	 1	 5	 -17.475500	 0.020968
1	 2	 1	 6	 -17.553073	 2.622544
1	 2	 2	 1	 -19.462870	 3.329759
1	 2	 2	 2	 -18.516527	 2.140179
1	 2	 2	 3	 -17.748231	 2.616925
1	 2	 2	 4	 -19.640899	 2.152650
1	 2	 2	 5	 -17.853900	 0.017910
1	 2	 2	 6	 -22.290916	 2.189997
1	 2	 3	 1	 -20.940896	 1.833445
1	 2	 3	 2	 -19.786515	 1.942244
1	 2	 3	 3	 -21.705658	 2.037179
1	 2	 3	 4	 -20.924740	 2.752245
1	 2	 3	 5	 -19.131036	 2.383652
1	 2	 3	 6	 -21.634625	 3.209753
1	 2	 4	 1	 -22.739452	 3.723201
1	 2	 4	 2	 -20.912945	 2.076235
1	 2	 4	 3	 -18.667000	 0.023390
1	 2	 4	 4	 -21.438192	 2.458717
1	 2	 4	 5	 -25.293927	 5.106222
1	 2	 4	 6	 -20.590066	 3.407844
1	 2	 5	 1	 -20.289825	 2.983893
1	 2	 5	 2	 -19.134805	 3.347997
1	 2	 5	 3	 -21.310201	 2.809627
1	 2	 5	 4	 -23.702267	 3.037596
1	 2	 5	 5	 -19.743395	 3.974630
1	 2	 5	 6	 -24.798681	 4.961083
1	 2	 6	 1	 -15.392593	 4.208421
1	 2	 6	 2	 -22.415317	 5.041073
1	 2	 6	 3	 -29.220932	 13.752643
1	 2	 6	 4	 -17.974101	 5.287720
1	 2	 6	 5	 -15.576812	 6.601862
1	 2	 6	 6	 -24.143478	 7.804657
1	 2	 7	 1	 -26.387001	 10.345049
1	 2	 7	 2	 -16.801018	 5.055639
1	 2	 7	 3	 -35.133593	 13.947143
1	 2	 7	 4	 -36.142017	 9.761505
1	 2	 7	 5	 -18.074400	 0.176544
1	 2	 7	 6	 -20.372800	 0.152579
1	 3	 1	 1	 -12.676100	 3.818290
1	 3	 1	 2	 -11.464600	 0.073424
1	 3	 1	 3	 -18.334729	 4.184801
1	 3	 1	 4	 -14.008900	 0.029691
1	 3	 1	 5	 -12.859965	 1.704439
1	 3	 1	 6	 -17.377479	 3.071055
1	 3	 2	 1	 -13.315690	 1.969030
1	 3	 2	 2	 -34.235110	 13.651158
1	 3	 2	 3	 -20.812147	 3.306225
1	 3	 2	 4	 -14.429240	 1.566274
1	 3	 2	 5	 -34.678071	 13.755524
1	 3	 2	 6	 -17.976574	 2.304686
1	 3	 3	 1	 -17.421139	 2.167551
1	 3	 3	 2	 -18.712619	 1.946731
1	 3	 3	 3	 -15.205220	 1.789268
1	 3	 3	 4	 -20.391433	 2.416591
1	 3	 3	 5	 -18.751175	 2.004359
1	 3	 3	 6	 -16.927396	 2.531661
1	 3	 4	 1	 -17.887201	 3.299995
1	 3	 4	 2	 -14.705139	 2.325178
1	 3	 4	 3	 -21.933807	 4.714314
1	 3	 4	 4	 -26.910208	 5.097563
1	 3	 4	 5	 -14.348754	 2.720907
1	 3	 4	 6	 -19.173756	 2.642560
1	 3	 5	 1	 -27.886698	 6.374071
1	 3	 5	 2	 -12.396003	 2.456577
1	 3	 5	 3	 -21.671630	 4.438877
1	 3	 5	 4	 -30.744939	 6.016006
1	 3	 5	 5	 -39.172563	 25.907512
1	 3	 5	 6	 -20.381054	 9.601037
1	 3	 6	 1	 -10.418232	 3.538850
1	 3	 6	 2	 -10.635433	 6.530480
1	 3	 6	 3	 -23.783181	 8.361537
1	 3	 6	 4	 -21.443479	 12.061432
1	 3	 6	 5	 -8.067041	 3.602874
1	 3	 6	 6	 -18.087189	 9.985271
1	 3	 7	 1	 -8.989213	 4.160632
1	 3	 7	 2	 -20.860870	 12.206690
1	 3	 7	 3	 -16.922000	 0.710913
1	 3	 7	 4	 -18.128100	 0.994972
1	 3	 7	 5	 -16.717000	 1.749730
1	 3	 7	 6	 -19.695700	 3.606850
1	 4	 1	 1	 -23.096800	 14.528700
1	 4	 1	 2	 -19.004489	 3.927986
1	 4	 1	 3	 -14.753700	 0.051202
1	 4	 1	 4	 -17.553027	 3.068113
1	 4	 1	 5	 -14.390855	 1.865747
1	 4	 1	 6	 -22.254264	 5.268217
1	 4	 2	 1	 -18.507189	 2.151370
1	 4	 2	 2	 -20.319756	 2.121550
1	 4	 2	 3	 -20.973580	 4.929645
1	 4	 2	 4	 -21.093842	 4.594469
1	 4	 2	 5	 -27.946942	 5.460655
1	 4	 2	 6	 -14.514312	 2.732269
1	 4	 3	 1	 -16.386554	 3.094993
1	 4	 3	 2	 -20.771646	 2.660934
1	 4	 3	 3	 -19.826269	 1.860654
1	 4	 3	 4	 -21.325144	 3.225310
1	 4	 3	 5	 -18.176746	 2.664256
1	 4	 3	 6	 -22.636106	 3.629597
1	 4	 4	 1	 -27.800757	 5.606172
1	 4	 4	 2	 -16.045393	 2.242201
1	 4	 4	 3	 -21.868379	 3.881413
1	 4	 4	 4	 -19.024930	 4.821094
1	 4	 4	 5	 -14.995300	 0.049521
1	 4	 4	 6	 -13.014966	 2.432717
1	 4	 5	 1	 -26.267455	 4.563679
1	 4	 5	 2	 -14.487194	 2.264204
1	 4	 5	 3	 -21.819542	 3.510018
1	 4	 5	 4	 -15.832817	 3.410656
1	 4	 5	 5	 -15.448400	 0.108222
1	 4	 5	 6	 -25.513282	 7.357761
1	 4	 6	 1	 -24.465534	 7.808315
1	 4	 6	 2	 -9.927381	 5.799537
1	 4	 6	 3	 -17.516614	 6.346461
1	 4	 6	 4	 -9.359423	 7.262999
1	 4	 6	 5	 -7.591118	 6.403842
1	 4	 6	 6	 -30.176681	 9.323910
1	 4	 7	 1	 -22.152381	 22.338818
1	 4	 7	 2	 -16.966200	 0.683434
1	 4	 7	 3	 -18.565400	 0.902941
1	 4	 7	 4	 -22.076800	 1.971960
1	 4	 7	 5	 -7.687400	 99.887500
1	 4	 7	 6	 -19.844500	 2.748620
1	 5	 1	 1	 28.361854	 18.032430
1	 5	 1	 2	 20.508084	 11.225259
1	 5	 1	 3	 -16.200708	 20.145350
1	 5	 1	 4	 23.142018	 6.111873
1	 5	 1	 5	 33.611637	 7.358296
1	 5	 1	 6	 34.105300	 0.018420
1	 5	 2	 1	 27.031320	 6.768017
1	 5	 2	 2	 28.991295	 8.583092
1	 5	 2	 3	 28.564540	 12.906529
1	 5	 2	 4	 29.769633	 8.358103
1	 5	 2	 5	 33.248400	 0.016378
1	 5	 2	 6	 26.695931	 9.036711
1	 5	 3	 1	 34.341500	 0.030526
1	 5	 3	 2	 20.552273	 10.355947
1	 5	 3	 3	 26.316106	 9.221725
1	 5	 3	 4	 23.247938	 9.580973
1	 5	 3	 5	 21.795708	 9.596099
1	 5	 3	 6	 26.023376	 9.104528
1	 5	 4	 1	 30.816306	 8.094990
1	 5	 4	 2	 25.113636	 12.213611
1	 5	 4	 3	 28.067352	 8.764894
1	 5	 4	 4	 25.903554	 5.601504
1	 5	 4	 5	 33.598300	 0.098194
1	 5	 4	 6	 36.509187	 10.713809
1	 5	 5	 1	 34.831500	 0.106213
1	 5	 5	 2	 13.419851	 19.246913
1	 5	 5	 3	 33.155380	 13.524180
1	 5	 5	 4	 39.343784	 10.781723
1	 5	 5	 5	 36.691700	 0.297304
1	 5	 5	 6	 33.701894	 15.260276
1	 5	 6	 1	 30.603000	 0.237034
1	 5	 6	 2	 19.710772	 11.520825
1	 5	 6	 3	 35.223957	 24.210525
1	 5	 6	 4	 38.275401	 18.872356
1	 5	 6	 5	 43.915851	 29.850588
1	 5	 6	 6	 26.307700	 2.615300
1	 5	 7	 1	 23.823481	 25.659606
1	 5	 7	 2	 26.473500	 1.433250
1	 5	 7	 3	 36.050584	 45.367489
1	 5	 7	 4	 38.948100	 7.634000
1	 5	 7	 5	 45.642200	 0.866746
1	 5	 7	 6	 49.175900	 13.204500
1	 6	 1	 1	 23.658923	 7.744890
1	 6	 1	 2	 22.504147	 6.895688
1	 6	 1	 3	 21.946831	 6.709456
1	 6	 1	 4	 31.709482	 8.358594
1	 6	 1	 5	 26.903915	 9.336820
1	 6	 1	 6	 29.495504	 6.010312
1	 6	 2	 1	 12.427833	 9.806304
1	 6	 2	 2	 24.367428	 7.808751
1	 6	 2	 3	 20.599468	 8.504162
1	 6	 2	 4	 14.168770	 7.480930
1	 6	 2	 5	 14.253741	 7.418131
1	 6	 2	 6	 24.839005	 7.190681
1	 6	 3	 1	 28.972000	 0.020414
1	 6	 3	 2	 26.787721	 6.670515
1	 6	 3	 3	 19.723261	 7.935210
1	 6	 3	 4	 23.485171	 5.662888
1	 6	 3	 5	 21.331834	 7.521771
1	 6	 3	 6	 23.558124	 5.579155
1	 6	 4	 1	 21.681117	 5.854159
1	 6	 4	 2	 20.430036	 7.305645
1	 6	 4	 3	 14.139522	 6.795371
1	 6	 4	 4	 18.155910	 8.067507
1	 6	 4	 5	 27.039521	 5.543707
1	 6	 4	 6	 22.648031	 6.282758
1	 6	 5	 1	 33.202193	 12.906926
1	 6	 5	 2	 23.030134	 9.056455
1	 6	 5	 3	 19.342657	 13.362108
1	 6	 5	 4	 23.518330	 6.600936
1	 6	 5	 5	 26.510951	 9.222790
1	 6	 5	 6	 28.203691	 9.206575
1	 6	 6	 1	 36.422676	 13.859416
1	 6	 6	 2	 32.459525	 18.466544
1	 6	 6	 3	 28.816006	 15.121071
1	 6	 6	 4	 24.794100	 0.566717
1	 6	 6	 5	 30.437940	 11.866220
1	 6	 6	 6	 31.221500	 2.250170
1	 6	 7	 1	 26.546046	 25.136717
1	 6	 7	 2	 33.715000	 5.225000
1	 6	 7	 3	 38.859906	 28.369418
1	 6	 7	 4	 18.660813	 32.616215
1	 6	 7	 5	 33.135700	 3.214290
1	 6	 7	 6	 33.715000	 5.225000
2	 1	 1	 1	 11.159749	 5.189438
2	 1	 1	 2	 14.689773	 5.096032
2	 1	 1	 3	 2.480945	 7.809090
2	 1	 1	 4	 8.319455	 3.834153
2	 1	 1	 5	 14.190844	 3.143861
2	 1	 1	 6	 15.359377	 3.549635
2	 1	 2	 1	 11.408812	 2.764138
2	 1	 2	 2	 12.516768	 2.511545
2	 1	 2	 3	 11.324976	 2.339194
2	 1	 2	 4	 15.424420	 3.002392
2	 1	 2	 5	 15.464242	 3.944790
2	 1	 2	 6	 13.193208	 3.318366
2	 1	 3	 1	 11.690672	 3.754062
2	 1	 3	 2	 15.934500	 0.021641
2	 1	 3	 3	 11.151144	 2.580052
2	 1	 3	 4	 13.095745	 3.625653
2	 1	 3	 5	 11.670784	 3.126090
2	 1	 3	 6	 7.876718	 3.724473
2	 1	 4	 1	 14.467687	 3.186979
2	 1	 4	 2	 11.609821	 3.236314
2	 1	 4	 3	 14.083113	 3.487567
2	 1	 4	 4	 13.300885	 2.985781
2	 1	 4	 5	 10.448559	 3.628824
2	 1	 4	 6	 14.840426	 3.528401
2	 1	 5	 1	 10.887332	 4.779465
2	 1	 5	 2	 11.948587	 4.007817
2	 1	 5	 3	 3.345125	 7.087711
2	 1	 5	 4	 16.304785	 5.164187
2	 1	 5	 5	 12.112228	 7.366347
2	 1	 5	 6	 10.994452	 5.109353
2	 1	 6	 1	 9.595699	 5.627000
2	 1	 6	 2	 14.555556	 16.301498
2	 1	 6	 3	 15.505720	 6.275746
2	 1	 6	 4	 -2.408471	 10.040585
2	 1	 6	 5	 9.494644	 6.738580
2	 1	 6	 6	 27.491358	 12.867394
2	 1	 7	 1	 -39.899572	 72.857458
2	 1	 7	 2	 7.381828	 12.044428
2	 1	 7	 3	 10.120282	 7.244152
2	 1	 7	 4	 13.983900	 0.063647
2	 1	 7	 5	 13.776000	 0.222250
2	 1	 7	 6	 17.536100	 0.193318
2	 2	 1	 1	 18.678788	 11.816745
2	 2	 1	 2	 17.906820	 5.870387
2	 2	 1	 3	 16.677400	 4.196419
2	 2	 1	 4	 16.853894	 3.924856
2	 2	 1	 5	 15.686833	 3.440177
2	 2	 1	 6	 15.246882	 5.541699
2	 2	 2	 1	 19.365263	 3.380842
2	 2	 2	 2	 19.260685	 4.187681
2	 2	 2	 3	 17.036913	 3.549084
2	 2	 2	 4	 16.124233	 3.926308
2	 2	 2	 5	 17.203900	 0.017772
2	 2	 2	 6	 16.512521	 3.701640
2	 2	 3	 1	 14.180306	 3.161884
2	 2	 3	 2	 15.654311	 4.081582
2	 2	 3	 3	 11.879367	 2.920486
2	 2	 3	 4	 12.318945	 2.867009
2	 2	 3	 5	 13.230898	 3.339354
2	 2	 3	 6	 15.215100	 0.024500
2	 2	 4	 1	 11.881272	 5.421784
2	 2	 4	 2	 12.136716	 4.325704
2	 2	 4	 3	 13.487438	 5.193264
2	 2	 4	 4	 14.128459	 3.867698
2	 2	 4	 5	 16.376222	 3.850048
2	 2	 4	 6	 16.426434	 3.926181
2	 2	 5	 1	 13.005735	 4.163547
2	 2	 5	 2	 14.830960	 3.924908
2	 2	 5	 3	 5.486574	 5.222598
2	 2	 5	 4	 17.050618	 5.163912
2	 2	 5	 5	 9.223506	 5.865089
2	 2	 5	 6	 14.576156	 5.794616
2	 2	 6	 1	 14.185550	 6.321236
2	 2	 6	 2	 19.615238	 12.160767
2	 2	 6	 3	 16.298851	 11.103029
2	 2	 6	 4	 13.253868	 5.853642
2	 2	 6	 5	 13.514032	 7.925236
2	 2	 6	 6	 10.582237	 7.289129
2	 2	 7	 1	 -5.378903	 14.359912
2	 2	 7	 2	 16.913800	 0.690234
2	 2	 7	 3	 19.617600	 0.313706
2	 2	 7	 4	 10.293541	 12.693875
2	 2	 7	 5	 -17.425741	 25.736285
2	 2	 7	 6	 17.451400	 0.249777
2	 3	 1	 1	 31.829200	 2.363320
2	 3	 1	 2	 25.731800	 0.082556
2	 3	 1	 3	 24.612584	 11.482214
2	 3	 1	 4	 18.668397	 6.560130
2	 3	 1	 5	 18.873500	 0.029133
2	 3	 1	 6	 17.933381	 4.371838
2	 3	 2	 1	 17.184612	 4.454878
2	 3	 2	 2	 16.195069	 8.866560
2	 3	 2	 3	 16.896847	 4.673099
2	 3	 2	 4	 20.200272	 7.282011
2	 3	 2	 5	 15.671336	 6.516554
2	 3	 2	 6	 16.333911	 4.531524
2	 3	 3	 1	 15.167537	 3.847051
2	 3	 3	 2	 17.848480	 3.936753
2	 3	 3	 3	 -1.120558	 9.254975
2	 3	 3	 4	 17.310204	 5.593821
2	 3	 3	 5	 15.190670	 5.926675
2	 3	 3	 6	 14.409038	 5.652728
2	 3	 4	 1	 15.363998	 3.708410
2	 3	 4	 2	 22.414300	 0.042341
2	 3	 4	 3	 13.729373	 4.559612
2	 3	 4	 4	 17.011585	 4.665454
2	 3	 4	 5	 3.554331	 10.745458
2	 3	 4	 6	 17.102714	 9.980354
2	 3	 5	 1	 4.958575	 9.228430
2	 3	 5	 2	 16.539277	 8.408242
2	 3	 5	 3	 14.530290	 10.303989
2	 3	 5	 4	 -15.142099	 17.433006
2	 3	 5	 5	 15.534701	 9.571675
2	 3	 5	 6	 25.318992	 13.342861
2	 3	 6	 1	 21.585526	 11.160281
2	 3	 6	 2	 15.764953	 14.198391
2	 3	 6	 3	 12.289383	 21.689512
2	 3	 6	 4	 24.931409	 21.760487
2	 3	 6	 5	 21.167900	 0.230312
2	 3	 6	 6	 10.783629	 20.402098
2	 3	 7	 1	 6.379838	 15.831996
2	 3	 7	 2	 23.104897	 41.271408
2	 3	 7	 3	 16.940200	 0.798274
2	 3	 7	 4	 18.380600	 1.355320
2	 3	 7	 5	 22.383500	 9.533030
2	 3	 7	 6	 20.814300	 2.710580
2	 4	 1	 1	 35.974500	 6.497670
2	 4	 1	 2	 21.161100	 0.162418
2	 4	 1	 3	 20.594400	 0.062235
2	 4	 1	 4	 22.233700	 0.058303
2	 4	 1	 5	 21.481305	 6.403658
2	 4	 1	 6	 20.533333	 6.041298
2	 4	 2	 1	 19.818609	 6.388419
2	 4	 2	 2	 19.911489	 4.838971
2	 4	 2	 3	 14.655049	 5.912251
2	 4	 2	 4	 10.808058	 11.964456
2	 4	 2	 5	 9.871375	 11.303246
2	 4	 2	 6	 17.430984	 9.522712
2	 4	 3	 1	 13.869583	 9.600560
2	 4	 3	 2	 15.264784	 5.357170
2	 4	 3	 3	 13.962992	 7.174485
2	 4	 3	 4	 8.735131	 9.165840
2	 4	 3	 5	 14.351385	 4.727605
2	 4	 3	 6	 15.963466	 5.506589
2	 4	 4	 1	 10.700446	 12.457656
2	 4	 4	 2	 6.600605	 5.676912
2	 4	 4	 3	 11.489808	 4.228766
2	 4	 4	 4	 13.808918	 4.993699
2	 4	 4	 5	 12.403712	 5.295772
2	 4	 4	 6	 12.350328	 4.698485
2	 4	 5	 1	 8.569357	 11.498312
2	 4	 5	 2	 20.863276	 7.893027
2	 4	 5	 3	 8.848250	 10.317620
2	 4	 5	 4	 21.911519	 11.731092
2	 4	 5	 5	 14.028543	 13.853834
2	 4	 5	 6	 7.971528	 28.980071
2	 4	 6	 1	 22.152930	 11.764017
2	 4	 6	 2	 1.619199	 13.664492
2	 4	 6	 3	 9.031614	 8.592553
2	 4	 6	 4	 28.285354	 15.814090
2	 4	 6	 5	 9.387336	 17.833665
2	 4	 6	 6	 22.366180	 18.679043
2	 4	 7	 1	 9.420251	 42.624988
2	 4	 7	 2	 28.981378	 29.666476
2	 4	 7	 3	 16.628700	 0.981205
2	 4	 7	 4	 15.837400	 1.266970
2	 4	 7	 5	 17.180100	 1.997930
2	 4	 7	 6	 28.007000	 21.482100
2	 5	 1	 1	 28.781989	 16.764678
2	 5	 1	 2	 16.505893	 7.249612
2	 5	 1	 3	 16.380779	 8.770059
2	 5	 1	 4	 6.134373	 19.149532
2	 5	 1	 5	 27.540329	 6.478555
2	 5	 1	 6	 30.658838	 12.313553
2	 5	 2	 1	 18.156293	 11.601906
2	 5	 2	 2	 6.472331	 14.238012
2	 5	 2	 3	 33.406600	 0.009328
2	 5	 2	 4	 23.741869	 6.196623
2	 5	 2	 5	 22.738276	 8.979994
2	 5	 2	 6	 18.654482	 8.708318
2	 5	 3	 1	 18.631715	 8.340354
2	 5	 3	 2	 34.212920	 7.032948
2	 5	 3	 3	 23.402327	 10.020574
2	 5	 3	 4	 22.265063	 9.504678
2	 5	 3	 5	 29.637380	 6.539569
2	 5	 3	 6	 26.084884	 9.141372
2	 5	 4	 1	 18.719786	 10.896874
2	 5	 4	 2	 17.995636	 10.660544
2	 5	 4	 3	 22.695849	 5.829940
2	 5	 4	 4	 28.254530	 6.463068
2	 5	 4	 5	 30.918063	 8.809158
2	 5	 4	 6	 30.242249	 9.619013
2	 5	 5	 1	 26.923293	 8.351687
2	 5	 5	 2	 24.386284	 16.605008
2	 5	 5	 3	 28.342638	 7.854761
2	 5	 5	 4	 28.116097	 7.977307
2	 5	 5	 5	 26.966833	 13.403669
2	 5	 5	 6	 16.449428	 8.422412
2	 5	 6	 1	 33.644228	 10.819758
2	 5	 6	 2	 26.782538	 14.719322
2	 5	 6	 3	 26.120719	 20.929838
2	 5	 6	 4	 33.066161	 21.228930
2	 5	 6	 5	 20.477122	 26.038380
2	 5	 6	 6	 20.219600	 0.836154
2	 5	 7	 1	 34.971000	 4.388000
2	 5	 7	 2	 18.862900	 1.639410
2	 5	 7	 3	 32.403163	 35.992958
2	 5	 7	 4	 21.220200	 2.673060
2	 5	 7	 5	 29.057300	 283.133000
2	 5	 7	 6	 34.971000	 4.388000
2	 6	 1	 1	 15.622067	 12.612192
2	 6	 1	 2	 7.978953	 11.459416
2	 6	 1	 3	 20.770883	 8.470390
2	 6	 1	 4	 20.013480	 6.741492
2	 6	 1	 5	 24.825374	 14.366400
2	 6	 1	 6	 28.557352	 8.294520
2	 6	 2	 1	 7.147594	 11.013180
2	 6	 2	 2	 24.649488	 7.021390
2	 6	 2	 3	 25.073789	 6.478434
2	 6	 2	 4	 26.128101	 8.986028
2	 6	 2	 5	 21.595973	 9.095846
2	 6	 2	 6	 31.703123	 7.672199
2	 6	 3	 1	 23.524592	 6.321059
2	 6	 3	 2	 33.120400	 0.015590
2	 6	 3	 3	 27.265065	 10.113630
2	 6	 3	 4	 24.100681	 7.289241
2	 6	 3	 5	 19.874717	 8.482624
2	 6	 3	 6	 28.937496	 5.580423
2	 6	 4	 1	 26.109546	 6.993268
2	 6	 4	 2	 23.926000	 7.091984
2	 6	 4	 3	 15.996880	 7.119516
2	 6	 4	 4	 29.138782	 6.349184
2	 6	 4	 5	 22.783301	 6.282535
2	 6	 4	 6	 19.917927	 9.246305
2	 6	 5	 1	 10.481333	 10.641377
2	 6	 5	 2	 20.230427	 9.235941
2	 6	 5	 3	 31.826681	 9.158498
2	 6	 5	 4	 27.014375	 8.186480
2	 6	 5	 5	 18.639500	 0.327768
2	 6	 5	 6	 21.500186	 11.478680
2	 6	 6	 1	 25.387193	 12.301741
2	 6	 6	 2	 34.447435	 15.534395
2	 6	 6	 3	 14.457650	 15.765629
2	 6	 6	 4	 34.517600	 0.166102
2	 6	 6	 5	 18.384800	 0.601690
2	 6	 6	 6	 31.142100	 0.109236
2	 6	 7	 1	 29.925770	 40.141383
2	 6	 7	 2	 32.200875	 26.156639
2	 6	 7	 3	 28.568557	 30.824355
2	 6	 7	 4	 25.656600	 1.712620
2	 6	 7	 5	 47.627300	 1.549530
2	 6	 7	 6	 30.697600	 4.021000
3	 1	 1	 1	 35.767330	 14.370963
3	 1	 1	 2	 40.966232	 7.173919
3	 1	 1	 3	 36.104499	 10.146332
3	 1	 1	 4	 41.270137	 6.790809
3	 1	 1	 5	 40.844446	 7.078957
3	 1	 1	 6	 41.160763	 6.777789
3	 1	 2	 1	 41.991408	 8.866169
3	 1	 2	 2	 42.689924	 6.269677
3	 1	 2	 3	 36.737022	 8.503418
3	 1	 2	 4	 45.466666	 9.881082
3	 1	 2	 5	 43.082271	 6.254711
3	 1	 2	 6	 43.197111	 5.896959
3	 1	 3	 1	 38.001704	 6.605572
3	 1	 3	 2	 39.229266	 4.929851
3	 1	 3	 3	 40.053476	 11.609867
3	 1	 3	 4	 40.527382	 8.229140
3	 1	 3	 5	 40.975325	 7.369732
3	 1	 3	 6	 39.256599	 6.884326
3	 1	 4	 1	 39.827841	 7.283105
3	 1	 4	 2	 41.491934	 8.376149
3	 1	 4	 3	 37.016382	 6.243285
3	 1	 4	 4	 42.288860	 8.209893
3	 1	 4	 5	 36.715551	 7.122455
3	 1	 4	 6	 41.708225	 7.294244
3	 1	 5	 1	 36.697520	 11.934713
3	 1	 5	 2	 37.934891	 7.447524
3	 1	 5	 3	 35.795494	 7.022802
3	 1	 5	 4	 35.890586	 8.867942
3	 1	 5	 5	 38.603522	 11.273883
3	 1	 5	 6	 40.595264	 13.570716
3	 1	 6	 1	 41.526155	 13.350856
3	 1	 6	 2	 32.673372	 11.602388
3	 1	 6	 3	 23.956133	 23.761024
3	 1	 6	 4	 43.502100	 0.067271
3	 1	 6	 5	 29.778095	 27.374466
3	 1	 6	 6	 43.584965	 24.450131
3	 1	 7	 1	 43.564731	 26.285110
3	 1	 7	 2	 43.572093	 27.252475
3	 1	 7	 3	 44.300484	 27.123789
3	 1	 7	 4	 45.148800	 0.122981
3	 1	 7	 5	 44.935000	 0.161231
3	 1	 7	 6	 44.213500	 0.176222
3	 2	 1	 1	 46.593667	 24.703463
3	 2	 1	 2	 47.195383	 8.754795
3	 2	 1	 3	 46.743860	 11.196306
3	 2	 1	 4	 41.690483	 9.249868
3	 2	 1	 5	 43.067422	 6.580305
3	 2	 1	 6	 41.787646	 7.011932
3	 2	 2	 1	 40.055575	 7.177357
3	 2	 2	 2	 46.579654	 8.973354
3	 2	 2	 3	 41.853774	 8.748827
3	 2	 2	 4	 41.986713	 5.789343
3	 2	 2	 5	 44.681497	 7.760221
3	 2	 2	 6	 41.300430	 7.321097
3	 2	 3	 1	 42.113613	 5.711691
3	 2	 3	 2	 45.247567	 7.800277
3	 2	 3	 3	 36.371736	 12.425047
3	 2	 3	 4	 44.325912	 8.470854
3	 2	 3	 5	 42.775761	 9.581363
3	 2	 3	 6	 42.868825	 9.849658
3	 2	 4	 1	 39.179020	 7.271732
3	 2	 4	 2	 35.623924	 9.365975
3	 2	 4	 3	 41.777900	 0.027141
3	 2	 4	 4	 44.714500	 0.027870
3	 2	 4	 5	 40.978802	 8.965701
3	 2	 4	 6	 37.577957	 9.298646
3	 2	 5	 1	 43.691200	 0.033330
3	 2	 5	 2	 42.367839	 10.113181
3	 2	 5	 3	 40.511500	 0.036420
3	 2	 5	 4	 39.282377	 12.212787
3	 2	 5	 5	 42.318161	 10.935595
3	 2	 5	 6	 42.848328	 15.414069
3	 2	 6	 1	 42.059257	 13.235017
3	 2	 6	 2	 40.905263	 12.782366
3	 2	 6	 3	 40.227385	 16.524490
3	 2	 6	 4	 39.674190	 15.547801
3	 2	 6	 5	 36.590301	 14.666680
3	 2	 6	 6	 39.069069	 17.838188
3	 2	 7	 1	 44.238400	 0.103410
3	 2	 7	 2	 48.476537	 27.326191
3	 2	 7	 3	 45.317366	 63.539304
3	 2	 7	 4	 30.302458	 37.225184
3	 2	 7	 5	 44.312100	 0.261522
3	 2	 7	 6	 45.856700	 0.243205
3	 3	 1	 1	 48.433000	 2.420030
3	 3	 1	 2	 27.032457	 40.053436
3	 3	 1	 3	 42.014000	 0.048930
3	 3	 1	 4	 42.976300	 0.036665
3	 3	 1	 5	 45.050597	 16.344317
3	 3	 1	 6	 45.499200	 0.030400
3	 3	 2	 1	 18.193543	 25.924744
3	 3	 2	 2	 48.767428	 15.614844
3	 3	 2	 3	 45.049292	 9.820104
3	 3	 2	 4	 42.728248	 14.722982
3	 3	 2	 5	 42.164999	 10.838702
3	 3	 2	 6	 42.649213	 11.517429
3	 3	 3	 1	 38.876175	 10.101300
3	 3	 3	 2	 46.135600	 0.038312
3	 3	 3	 3	 44.290141	 12.261669
3	 3	 3	 4	 42.628673	 10.705409
3	 3	 3	 5	 34.663185	 20.940036
3	 3	 3	 6	 46.072633	 12.742381
3	 3	 4	 1	 31.427604	 15.045865
3	 3	 4	 2	 45.722155	 10.609985
3	 3	 4	 3	 34.488904	 17.195471
3	 3	 4	 4	 42.027039	 25.938903
3	 3	 4	 5	 39.637365	 10.642311
3	 3	 4	 6	 40.727152	 13.891166
3	 3	 5	 1	 39.741680	 11.327368
3	 3	 5	 2	 22.500768	 21.174496
3	 3	 5	 3	 37.153828	 12.138049
3	 3	 5	 4	 44.602082	 17.527186
3	 3	 5	 5	 48.681453	 20.334937
3	 3	 5	 6	 28.174277	 39.984491
3	 3	 6	 1	 30.373906	 19.606578
3	 3	 6	 2	 44.229600	 0.134270
3	 3	 6	 3	 36.122334	 44.157210
3	 3	 6	 4	 38.791173	 31.710305
3	 3	 6	 5	 41.052436	 35.825127
3	 3	 6	 6	 44.041600	 0.404038
3	 3	 7	 1	 46.754957	 31.694465
3	 3	 7	 2	 43.743200	 0.512733
3	 3	 7	 3	 20.395641	 62.324660
3	 3	 7	 4	 41.945800	 1.415060
3	 3	 7	 5	 41.815400	 1.746690
3	 3	 7	 6	 45.038200	 18.623600
3	 4	 1	 1	 56.028500	 5.662000
3	 4	 1	 2	 21.702222	 72.134407
3	 4	 1	 3	 45.363500	 0.051981
3	 4	 1	 4	 41.450419	 23.001099
3	 4	 1	 5	 40.705996	 14.158868
3	 4	 1	 6	 40.567248	 12.524079
3	 4	 2	 1	 44.446800	 0.028098
3	 4	 2	 2	 43.870014	 9.311047
3	 4	 2	 3	 38.425151	 15.099660
3	 4	 2	 4	 49.514195	 13.938134
3	 4	 2	 5	 41.401118	 14.477959
3	 4	 2	 6	 47.393658	 8.636736
3	 4	 3	 1	 33.632239	 7.813974
3	 4	 3	 2	 43.726397	 9.178744
3	 4	 3	 3	 41.809410	 10.294395
3	 4	 3	 4	 45.316200	 0.039088
3	 4	 3	 5	 39.640014	 10.290019
3	 4	 3	 6	 29.241722	 16.848944
3	 4	 4	 1	 44.391275	 8.218224
3	 4	 4	 2	 44.443303	 8.426786
3	 4	 4	 3	 46.519371	 10.268205
3	 4	 4	 4	 48.431196	 23.511816
3	 4	 4	 5	 42.500356	 14.971239
3	 4	 4	 6	 43.100935	 10.246149
3	 4	 5	 1	 39.993211	 13.298277
3	 4	 5	 2	 39.694740	 22.954197
3	 4	 5	 3	 43.027226	 15.454352
3	 4	 5	 4	 39.983471	 11.107798
3	 4	 5	 5	 46.789521	 15.062990
3	 4	 5	 6	 38.808286	 17.055450
3	 4	 6	 1	 49.468386	 27.239310
3	 4	 6	 2	 54.673847	 34.179544
3	 4	 6	 3	 47.902209	 22.786261
3	 4	 6	 4	 26.407050	 55.871314
3	 4	 6	 5	 44.735070	 51.379434
3	 4	 6	 6	 65.804267	 32.009358
3	 4	 7	 1	 56.937441	 34.200703
3	 4	 7	 2	 40.818415	 39.529091
3	 4	 7	 3	 11.688008	 96.572493
3	 4	 7	 4	 43.534800	 1.363280
3	 4	 7	 5	 44.267900	 1.866040
3	 4	 7	 6	 49.035500	 2.295420
3	 5	 1	 1	 71.889876	 23.239344
3	 5	 1	 2	 68.191781	 15.588930
3	 5	 1	 3	 79.946172	 19.882227
3	 5	 1	 4	 64.698908	 20.232799
3	 5	 1	 5	 67.625976	 14.227663
3	 5	 1	 6	 74.220729	 16.184779
3	 5	 2	 1	 68.279405	 18.631346
3	 5	 2	 2	 71.292014	 16.331337
3	 5	 2	 3	 73.372196	 15.870756
3	 5	 2	 4	 66.958807	 19.099903
3	 5	 2	 5	 74.617210	 12.141115
3	 5	 2	 6	 75.698048	 14.821768
3	 5	 3	 1	 75.587394	 13.740257
3	 5	 3	 2	 62.431152	 19.429660
3	 5	 3	 3	 74.082727	 14.400250
3	 5	 3	 4	 61.783244	 14.375161
3	 5	 3	 5	 68.501553	 12.707198
3	 5	 3	 6	 74.098063	 14.431697
3	 5	 4	 1	 68.418223	 25.290111
3	 5	 4	 2	 73.630072	 14.471469
3	 5	 4	 3	 69.580336	 17.589487
3	 5	 4	 4	 68.524955	 10.779956
3	 5	 4	 5	 77.145840	 19.848523
3	 5	 4	 6	 66.696915	 19.406282
3	 5	 5	 1	 68.171200	 0.126529
3	 5	 5	 2	 69.191127	 15.154343
3	 5	 5	 3	 66.139798	 21.923079
3	 5	 5	 4	 61.760600	 0.246662
3	 5	 5	 5	 59.012500	 0.127715
3	 5	 5	 6	 54.885363	 16.725183
3	 5	 6	 1	 62.555762	 26.266426
3	 5	 6	 2	 33.291906	 79.557341
3	 5	 6	 3	 59.995457	 21.725824
3	 5	 6	 4	 58.894700	 0.266287
3	 5	 6	 5	 66.911194	 46.808251
3	 5	 6	 6	 65.762696	 31.274117
3	 5	 7	 1	 73.938443	 43.739340
3	 5	 7	 2	 77.170332	 39.321157
3	 5	 7	 3	 61.696120	 36.327907
3	 5	 7	 4	 53.838900	 2.537120
3	 5	 7	 5	 78.559708	 25.531684
3	 5	 7	 6	 65.830800	 12.885000
3	 6	 1	 1	 74.932768	 19.401174
3	 6	 1	 2	 64.635162	 19.688165
3	 6	 1	 3	 63.576073	 20.106825
3	 6	 1	 4	 77.663668	 18.491303
3	 6	 1	 5	 85.652736	 22.826692
3	 6	 1	 6	 74.083900	 0.053363
3	 6	 2	 1	 69.864372	 17.307540
3	 6	 2	 2	 55.591021	 17.798243
3	 6	 2	 3	 71.606025	 24.584216
3	 6	 2	 4	 64.323762	 23.548165
3	 6	 2	 5	 70.651026	 15.609637
3	 6	 2	 6	 71.238496	 14.510567
3	 6	 3	 1	 74.298406	 16.122625
3	 6	 3	 2	 69.211152	 17.061808
3	 6	 3	 3	 73.179728	 11.806309
3	 6	 3	 4	 53.458316	 24.335171
3	 6	 3	 5	 71.303413	 12.433592
3	 6	 3	 6	 70.858222	 16.806407
3	 6	 4	 1	 67.029440	 11.759555
3	 6	 4	 2	 67.864581	 15.260508
3	 6	 4	 3	 67.506581	 18.514031
3	 6	 4	 4	 65.382785	 10.009245
3	 6	 4	 5	 66.002853	 20.458176
3	 6	 4	 6	 70.412121	 11.632845
3	 6	 5	 1	 54.965070	 20.624502
3	 6	 5	 2	 59.238453	 14.375216
3	 6	 5	 3	 50.948401	 13.673748
3	 6	 5	 4	 52.506122	 18.291067
3	 6	 5	 5	 55.489141	 13.639840
3	 6	 5	 6	 65.537412	 20.303800
3	 6	 6	 1	 66.117401	 28.051281
3	 6	 6	 2	 57.419325	 31.069358
3	 6	 6	 3	 62.928879	 24.090246
3	 6	 6	 4	 51.850000	 0.695749
3	 6	 6	 5	 61.066203	 22.037483
3	 6	 6	 6	 49.953100	 20.377649
3	 6	 7	 1	 60.013119	 26.230101
3	 6	 7	 2	 47.100966	 48.588603
3	 6	 7	 3	 54.038200	 1.980430
3	 6	 7	 4	 48.436064	 34.509687
3	 6	 7	 5	 65.278500	 2.188620
3	 6	 7	 6	 63.745200	 10.619000
4	 1	 1	 1	 8.244932	 3.788106
4	 1	 1	 2	 8.058915	 4.524988
4	 1	 1	 3	 9.120183	 1.753338
4	 1	 1	 4	 8.195315	 2.293754
4	 1	 1	 5	 7.501038	 1.690586
4	 1	 1	 6	 9.475444	 1.916659
4	 1	 2	 1	 9.291058	 2.095374
4	 1	 2	 2	 8.733508	 1.726860
4	 1	 2	 3	 6.372250	 1.953219
4	 1	 2	 4	 9.174720	 2.173574
4	 1	 2	 5	 8.352941	 2.294654
4	 1	 2	 6	 8.525594	 1.784314
4	 1	 3	 1	 6.518386	 1.950103
4	 1	 3	 2	 7.090141	 1.692834
4	 1	 3	 3	 4.968475	 2.948586
4	 1	 3	 4	 4.895042	 2.291245
4	 1	 3	 5	 7.731051	 1.954216
4	 1	 3	 6	 7.122065	 1.679750
4	 1	 4	 1	 4.154463	 2.861730
4	 1	 4	 2	 5.530286	 2.985488
4	 1	 4	 3	 6.360212	 2.141732
4	 1	 4	 4	 4.822142	 2.308135
4	 1	 4	 5	 5.771629	 3.264871
4	 1	 4	 6	 3.845586	 2.922001
4	 1	 5	 1	 1.646206	 4.955794
4	 1	 5	 2	 5.093186	 3.584985
4	 1	 5	 3	 2.318424	 2.850832
4	 1	 5	 4	 4.229843	 3.500326
4	 1	 5	 5	 8.285534	 4.530785
4	 1	 5	 6	 4.873661	 4.022819
4	 1	 6	 1	 1.301582	 5.565380
4	 1	 6	 2	 9.583220	 0.048054
4	 1	 6	 3	 4.968224	 5.067607
4	 1	 6	 4	 -0.836833	 4.378366
4	 1	 6	 5	 -81.998616	 165.466544
4	 1	 6	 6	 -3.239352	 8.363031
4	 1	 7	 1	 -0.049952	 7.988325
4	 1	 7	 2	 -13.169143	 14.434617
4	 1	 7	 3	 12.648889	 9.232189
4	 1	 7	 4	 -12.230928	 12.563259
4	 1	 7	 5	 9.091650	 0.135373
4	 1	 7	 6	 9.207140	 0.238131
4	 2	 1	 1	 35.036900	 0.055125
4	 2	 1	 2	 34.197643	 6.436099
4	 2	 1	 3	 32.672932	 7.443427
4	 2	 1	 4	 34.484735	 6.542864
4	 2	 1	 5	 36.449406	 4.911030
4	 2	 1	 6	 34.425171	 4.454851
4	 2	 2	 1	 34.077507	 5.727137
4	 2	 2	 2	 48.250836	 8.046190
4	 2	 2	 3	 31.927103	 5.167255
4	 2	 2	 4	 32.661038	 6.929421
4	 2	 2	 5	 35.787013	 7.905674
4	 2	 2	 6	 33.904683	 6.592294
4	 2	 3	 1	 33.025099	 6.686808
4	 2	 3	 2	 33.066458	 6.887604
4	 2	 3	 3	 31.446437	 4.532150
4	 2	 3	 4	 30.140173	 5.052907
4	 2	 3	 5	 28.572777	 10.371226
4	 2	 3	 6	 35.842424	 7.932931
4	 2	 4	 1	 30.984984	 6.464064
4	 2	 4	 2	 32.841042	 6.182279
4	 2	 4	 3	 34.044967	 7.045187
4	 2	 4	 4	 32.746942	 8.017031
4	 2	 4	 5	 32.126258	 8.586538
4	 2	 4	 6	 32.683232	 5.754735
4	 2	 5	 1	 31.736653	 6.047324
4	 2	 5	 2	 34.885220	 6.374335
4	 2	 5	 3	 32.967824	 8.015953
4	 2	 5	 4	 29.661502	 6.029754
4	 2	 5	 5	 21.945551	 9.642056
4	 2	 5	 6	 30.350295	 13.506412
4	 2	 6	 1	 29.574363	 15.257464
4	 2	 6	 2	 35.250967	 11.596748
4	 2	 6	 3	 28.338363	 11.071085
4	 2	 6	 4	 34.242596	 15.050913
4	 2	 6	 5	 34.136287	 22.363222
4	 2	 6	 6	 25.098205	 19.019522
4	 2	 7	 1	 32.987300	 0.095080
4	 2	 7	 2	 29.357779	 21.928218
4	 2	 7	 3	 32.723936	 14.854520
4	 2	 7	 4	 40.345409	 34.949675
4	 2	 7	 5	 -74.970925	 200.084327
4	 2	 7	 6	 32.369000	 0.167025
4	 3	 1	 1	 19.264800	 2.016820
4	 3	 1	 2	 -21.054054	 69.281824
4	 3	 1	 3	 17.391600	 0.038579
4	 3	 1	 4	 18.215800	 0.033759
4	 3	 1	 5	 17.764900	 0.039058
4	 3	 1	 6	 17.127022	 7.789112
4	 3	 2	 1	 6.120682	 7.333905
4	 3	 2	 2	 9.948433	 8.474878
4	 3	 2	 3	 10.633031	 4.004060
4	 3	 2	 4	 15.222631	 7.184604
4	 3	 2	 5	 6.360796	 9.464428
4	 3	 2	 6	 16.512600	 0.034116
4	 3	 3	 1	 8.373205	 5.164917
4	 3	 3	 2	 1.459319	 5.882246
4	 3	 3	 3	 7.737288	 4.745222
4	 3	 3	 4	 12.840184	 4.149162
4	 3	 3	 5	 14.404917	 4.229113
4	 3	 3	 6	 12.737109	 5.497136
4	 3	 4	 1	 13.190258	 4.444853
4	 3	 4	 2	 13.129066	 4.610098
4	 3	 4	 3	 8.884609	 4.615305
4	 3	 4	 4	 7.390836	 5.796060
4	 3	 4	 5	 10.727492	 5.384220
4	 3	 4	 6	 15.186414	 6.201981
4	 3	 5	 1	 1.727291	 7.762818
4	 3	 5	 2	 16.921698	 6.337139
4	 3	 5	 3	 16.037006	 5.721907
4	 3	 5	 4	 8.194423	 9.446591
4	 3	 5	 5	 14.945848	 8.167355
4	 3	 5	 6	 7.051428	 8.314105
4	 3	 6	 1	 12.644319	 7.830910
4	 3	 6	 2	 15.593354	 9.442953
4	 3	 6	 3	 11.701581	 9.903648
4	 3	 6	 4	 -5.725479	 29.608836
4	 3	 6	 5	 0.959805	 20.304935
4	 3	 6	 6	 14.689200	 0.039586
4	 3	 7	 1	 16.707600	 0.241189
4	 3	 7	 2	 19.860973	 40.740337
4	 3	 7	 3	 12.647230	 0.698024
4	 3	 7	 4	 19.871100	 0.580228
4	 3	 7	 5	 10.211900	 1.837770
4	 3	 7	 6	 17.623900	 1.859180
4	 4	 1	 1	 17.378700	 5.969970
4	 4	 1	 2	 14.817429	 11.984917
4	 4	 1	 3	 17.804800	 0.054319
4	 4	 1	 4	 13.862437	 7.855247
4	 4	 1	 5	 20.370403	 7.392150
4	 4	 1	 6	 19.386444	 7.973572
4	 4	 2	 1	 17.195999	 7.619613
4	 4	 2	 2	 13.217852	 8.476996
4	 4	 2	 3	 13.896916	 4.971112
4	 4	 2	 4	 12.684448	 6.210813
4	 4	 2	 5	 1.044901	 6.932143
4	 4	 2	 6	 15.403761	 4.463918
4	 4	 3	 1	 12.629358	 4.647150
4	 4	 3	 2	 6.607052	 9.060411
4	 4	 3	 3	 9.612099	 3.743531
4	 4	 3	 4	 13.344133	 5.243734
4	 4	 3	 5	 12.997439	 5.797643
4	 4	 3	 6	 10.630924	 4.829186
4	 4	 4	 1	 6.595198	 5.899968
4	 4	 4	 2	 13.593379	 6.812428
4	 4	 4	 3	 13.352612	 4.827534
4	 4	 4	 4	 7.883282	 5.501262
4	 4	 4	 5	 15.977001	 5.669483
4	 4	 4	 6	 10.946302	 5.036435
4	 4	 5	 1	 8.110615	 8.494365
4	 4	 5	 2	 9.768012	 6.565888
4	 4	 5	 3	 9.863838	 7.008774
4	 4	 5	 4	 7.079380	 10.358382
4	 4	 5	 5	 14.195885	 9.672987
4	 4	 5	 6	 16.695063	 17.293898
4	 4	 6	 1	 0.130617	 13.678313
4	 4	 6	 2	 19.806900	 0.166126
4	 4	 6	 3	 7.679560	 12.618986
4	 4	 6	 4	 12.312066	 14.617229
4	 4	 6	 5	 -20.206038	 49.012183
4	 4	 6	 6	 -0.830953	 42.001396
4	 4	 7	 1	 22.636232	 11.981461
4	 4	 7	 2	 14.281900	 0.831715
4	 4	 7	 3	 12.207540	 1.094060
4	 4	 7	 4	 20.607600	 3.539000
4	 4	 7	 5	 11.449980	 1.744610
4	 4	 7	 6	 10.206290	 4.105340
4	 5	 1	 1	 48.864981	 17.207493
4	 5	 1	 2	 43.855235	 13.557558
4	 5	 1	 3	 45.374324	 12.816695
4	 5	 1	 4	 47.691386	 11.068838
4	 5	 1	 5	 53.903705	 12.293097
4	 5	 1	 6	 52.716966	 9.636096
4	 5	 2	 1	 52.015578	 12.760217
4	 5	 2	 2	 50.128389	 18.635054
4	 5	 2	 3	 46.497229	 9.284495
4	 5	 2	 4	 52.477968	 10.161120
4	 5	 2	 5	 36.680658	 13.836773
4	 5	 2	 6	 53.860558	 18.038222
4	 5	 3	 1	 46.936073	 14.207130
4	 5	 3	 2	 54.604471	 16.726398
4	 5	 3	 3	 37.297293	 16.515334
4	 5	 3	 4	 42.668543	 14.337110
4	 5	 3	 5	 50.232438	 13.540808
4	 5	 3	 6	 47.702741	 14.403688
4	 5	 4	 1	 59.806700	 0.058358
4	 5	 4	 2	 45.423631	 14.188992
4	 5	 4	 3	 54.928674	 12.491933
4	 5	 4	 4	 53.199669	 13.094408
4	 5	 4	 5	 39.505270	 17.212363
4	 5	 4	 6	 47.118837	 16.816095
4	 5	 5	 1	 56.960300	 0.110143
4	 5	 5	 2	 50.075264	 12.009207
4	 5	 5	 3	 49.560933	 13.878044
4	 5	 5	 4	 47.661956	 14.972264
4	 5	 5	 5	 48.425109	 18.392643
4	 5	 5	 6	 49.310243	 13.251208
4	 5	 6	 1	 55.415656	 21.562798
4	 5	 6	 2	 58.235174	 21.571698
4	 5	 6	 3	 48.700100	 0.633388
4	 5	 6	 4	 62.583129	 34.937910
4	 5	 6	 5	 64.431056	 37.026514
4	 5	 6	 6	 58.547600	 1.454030
4	 5	 7	 1	 50.009872	 35.692882
4	 5	 7	 2	 38.956681	 62.560354
4	 5	 7	 3	 33.307508	 56.282770
4	 5	 7	 4	 47.557400	 1.792610
4	 5	 7	 5	 52.487741	 96.460717
4	 5	 7	 6	 59.035200	 10.186000
4	 6	 1	 1	 40.476328	 8.652004
4	 6	 1	 2	 45.770821	 18.968468
4	 6	 1	 3	 43.888782	 13.553387
4	 6	 1	 4	 42.406623	 19.816676
4	 6	 1	 5	 43.134023	 12.911725
4	 6	 1	 6	 37.772235	 10.687955
4	 6	 2	 1	 49.468515	 11.200470
4	 6	 2	 2	 35.816803	 15.219393
4	 6	 2	 3	 45.373815	 12.769549
4	 6	 2	 4	 48.519419	 15.706697
4	 6	 2	 5	 50.326133	 11.382096
4	 6	 2	 6	 48.654510	 9.287388
4	 6	 3	 1	 33.357058	 19.796872
4	 6	 3	 2	 53.778397	 13.500795
4	 6	 3	 3	 50.471358	 11.192340
4	 6	 3	 4	 52.417600	 0.042656
4	 6	 3	 5	 44.862120	 11.109811
4	 6	 3	 6	 45.805920	 11.321224
4	 6	 4	 1	 39.335401	 13.576518
4	 6	 4	 2	 47.698586	 11.183156
4	 6	 4	 3	 48.266572	 10.893960
4	 6	 4	 4	 39.206641	 10.851793
4	 6	 4	 5	 46.538266	 9.692097
4	 6	 4	 6	 60.214700	 0.465687
4	 6	 5	 1	 54.380400	 0.135259
4	 6	 5	 2	 51.313272	 12.485987
4	 6	 5	 3	 55.233141	 15.825670
4	 6	 5	 4	 55.406938	 11.308900
4	 6	 5	 5	 50.600787	 11.482142
4	 6	 5	 6	 55.272395	 23.577004
4	 6	 6	 1	 52.100212	 30.947016
4	 6	 6	 2	 43.558400	 0.795254
4	 6	 6	 3	 46.042175	 27.711927
4	 6	 6	 4	 61.344757	 23.713153
4	 6	 6	 5	 64.935698	 24.187829
4	 6	 6	 6	 50.202040	 33.161528
4	 6	 7	 1	 -22.469405	 106.049356
4	 6	 7	 2	 54.113913	 27.133973
4	 6	 7	 3	 61.955108	 65.154664
4	 6	 7	 4	 56.934500	 7.357000
4	 6	 7	 5	 65.243300	 2.141150
4	 6	 7	 6	 63.112200	 0.724527
5	 1	 1	 1	 46.058754	 16.043195
5	 1	 1	 2	 27.857891	 10.251934
5	 1	 1	 3	 29.319013	 4.757522
5	 1	 1	 4	 24.768316	 3.978753
5	 1	 1	 5	 25.576471	 4.581262
5	 1	 1	 6	 26.117800	 0.018017
5	 1	 2	 1	 29.633575	 5.082786
5	 1	 2	 2	 25.256355	 3.907350
5	 1	 2	 3	 27.600118	 4.284548
5	 1	 2	 4	 29.315264	 3.929434
5	 1	 2	 5	 26.152037	 3.632486
5	 1	 2	 6	 24.499853	 4.251302
5	 1	 3	 1	 23.588796	 8.321100
5	 1	 3	 2	 27.460647	 6.946164
5	 1	 3	 3	 26.994185	 7.063000
5	 1	 3	 4	 25.413333	 7.679756
5	 1	 3	 5	 26.058147	 4.018819
5	 1	 3	 6	 26.310021	 5.293946
5	 1	 4	 1	 26.169865	 5.677297
5	 1	 4	 2	 27.832931	 5.312844
5	 1	 4	 3	 28.133333	 6.899051
5	 1	 4	 4	 26.316811	 6.029263
5	 1	 4	 5	 23.724598	 7.238917
5	 1	 4	 6	 27.760573	 5.885849
5	 1	 5	 1	 28.672702	 4.617879
5	 1	 5	 2	 30.390222	 7.921911
5	 1	 5	 3	 26.291960	 5.846800
5	 1	 5	 4	 25.162162	 8.289602
5	 1	 5	 5	 28.585058	 5.945488
5	 1	 5	 6	 32.877067	 10.807228
5	 1	 6	 1	 24.907719	 6.837893
5	 1	 6	 2	 29.289400	 0.048734
5	 1	 6	 3	 28.052001	 11.206625
5	 1	 6	 4	 31.810101	 16.961583
5	 1	 6	 5	 30.083333	 13.387052
5	 1	 6	 6	 23.511111	 26.334698
5	 1	 7	 1	 29.683900	 0.106169
5	 1	 7	 2	 27.848489	 19.078727
5	 1	 7	 3	 2.604452	 22.547786
5	 1	 7	 4	 17.626629	 17.210409
5	 1	 7	 5	 31.734800	 0.059412
5	 1	 7	 6	 32.920200	 0.230490
5	 2	 1	 1	 -143.419777	 350.849512
5	 2	 1	 2	 6.012698	 3.664912
5	 2	 1	 3	 4.559192	 2.665285
5	 2	 1	 4	 0.252262	 1.449548
5	 2	 1	 5	 -1.985192	 2.883339
5	 2	 1	 6	 5.101920	 0.017845
5	 2	 2	 1	 2.110026	 1.550520
5	 2	 2	 2	 3.472197	 1.245398
5	 2	 2	 3	 5.020495	 1.346466
5	 2	 2	 4	 4.822090	 1.376634
5	 2	 2	 5	 4.804665	 1.804886
5	 2	 2	 6	 5.300822	 1.297390
5	 2	 3	 1	 1.395768	 1.814429
5	 2	 3	 2	 4.230770	 1.269295
5	 2	 3	 3	 -0.456699	 1.181122
5	 2	 3	 4	 0.877095	 1.050379
5	 2	 3	 5	 1.696178	 1.872494
5	 2	 3	 6	 2.599191	 1.833026
5	 2	 4	 1	 0.578511	 2.054313
5	 2	 4	 2	 4.340344	 1.698978
5	 2	 4	 3	 -5.036940	 2.612889
5	 2	 4	 4	 -3.256441	 3.953964
5	 2	 4	 5	 2.871922	 1.928062
5	 2	 4	 6	 0.294690	 2.586267
5	 2	 5	 1	 2.454755	 1.828580
5	 2	 5	 2	 0.513661	 4.880985
5	 2	 5	 3	 -0.578987	 2.890812
5	 2	 5	 4	 0.079890	 2.501707
5	 2	 5	 5	 -2.780923	 3.912119
5	 2	 5	 6	 -2.196070	 2.417734
5	 2	 6	 1	 1.057288	 2.349184
5	 2	 6	 2	 2.204181	 3.825052
5	 2	 6	 3	 -20.131905	 16.204619
5	 2	 6	 4	 9.168627	 5.016458
5	 2	 6	 5	 -11.323778	 9.135130
5	 2	 6	 6	 0.206442	 4.177563
5	 2	 7	 1	 -29.467773	 20.345082
5	 2	 7	 2	 -0.197701	 4.360695
5	 2	 7	 3	 3.829915	 0.129498
5	 2	 7	 4	 4.462394	 0.171391
5	 2	 7	 5	 3.700578	 0.127713
5	 2	 7	 6	 -11.622952	 37.572997
5	 3	 1	 1	 11.501270	 4.254900
5	 3	 1	 2	 4.110762	 10.336261
5	 3	 1	 3	 13.846480	 6.919412
5	 3	 1	 4	 9.410393	 6.191000
5	 3	 1	 5	 13.301500	 0.027811
5	 3	 1	 6	 11.217207	 4.610705
5	 3	 2	 1	 13.646041	 4.020673
5	 3	 2	 2	 13.091510	 0.023415
5	 3	 2	 3	 12.832706	 4.073783
5	 3	 2	 4	 9.644785	 4.706931
5	 3	 2	 5	 7.927358	 3.980710
5	 3	 2	 6	 7.890218	 3.094786
5	 3	 3	 1	 13.333900	 0.026657
5	 3	 3	 2	 9.166512	 3.620008
5	 3	 3	 3	 2.602398	 4.430800
5	 3	 3	 4	 10.050523	 3.212774
5	 3	 3	 5	 9.991856	 3.338827
5	 3	 3	 6	 11.751512	 3.046862
5	 3	 4	 1	 9.245705	 3.330740
5	 3	 4	 2	 9.535246	 5.404490
5	 3	 4	 3	 4.963924	 3.684233
5	 3	 4	 4	 -2.302407	 4.592406
5	 3	 4	 5	 7.825219	 4.444714
5	 3	 4	 6	 5.091381	 4.436061
5	 3	 5	 1	 6.707339	 5.221782
5	 3	 5	 2	 6.918403	 4.482347
5	 3	 5	 3	 10.756955	 4.862556
5	 3	 5	 4	 5.227059	 5.689741
5	 3	 5	 5	 7.196640	 5.850336
5	 3	 5	 6	 7.100340	 9.243949
5	 3	 6	 1	 15.851097	 9.772946
5	 3	 6	 2	 12.820720	 8.501773
5	 3	 6	 3	 17.359786	 13.787509
5	 3	 6	 4	 14.774267	 11.856038
5	 3	 6	 5	 12.250010	 0.127837
5	 3	 6	 6	 -26.833536	 30.482619
5	 3	 7	 1	 7.425389	 14.872207
5	 3	 7	 2	 13.693600	 0.455167
5	 3	 7	 3	 11.277350	 0.688711
5	 3	 7	 4	 13.945000	 0.288429
5	 3	 7	 5	 15.182400	 1.111480
5	 3	 7	 6	 10.685420	 3.777730
5	 4	 1	 1	 17.765200	 4.590380
5	 4	 1	 2	 16.713800	 0.428280
5	 4	 1	 3	 12.736030	 0.050407
5	 4	 1	 4	 13.581300	 0.034539
5	 4	 1	 5	 14.209100	 0.032662
5	 4	 1	 6	 12.580348	 4.398961
5	 4	 2	 1	 13.394100	 0.027654
5	 4	 2	 2	 12.509892	 4.345692
5	 4	 2	 3	 13.763589	 3.942491
5	 4	 2	 4	 11.263776	 3.622705
5	 4	 2	 5	 6.562754	 4.676439
5	 4	 2	 6	 12.738552	 3.682969
5	 4	 3	 1	 10.234582	 3.644956
5	 4	 3	 2	 9.973100	 3.724090
5	 4	 3	 3	 4.178287	 3.503935
5	 4	 3	 4	 5.314847	 3.325283
5	 4	 3	 5	 8.194735	 4.105786
5	 4	 3	 6	 9.022853	 3.844439
5	 4	 4	 1	 9.727676	 3.752373
5	 4	 4	 2	 6.409184	 4.419410
5	 4	 4	 3	 6.974475	 4.261076
5	 4	 4	 4	 3.124867	 3.645630
5	 4	 4	 5	 10.371303	 3.542551
5	 4	 4	 6	 3.969587	 4.051149
5	 4	 5	 1	 7.162363	 4.681046
5	 4	 5	 2	 7.215387	 4.886331
5	 4	 5	 3	 11.556588	 6.158592
5	 4	 5	 4	 8.275585	 7.196789
5	 4	 5	 5	 7.591927	 11.524192
5	 4	 5	 6	 6.935240	 10.206200
5	 4	 6	 1	 15.026131	 12.113053
5	 4	 6	 2	 -17.934327	 35.822309
5	 4	 6	 3	 17.621707	 12.340391
5	 4	 6	 4	 2.491050	 11.435826
5	 4	 6	 5	 8.182851	 9.449115
5	 4	 6	 6	 8.050055	 24.830929
5	 4	 7	 1	 1052.127383	 21501.689472
5	 4	 7	 2	 6.941525	 19.105869
5	 4	 7	 3	 10.156751	 17.636466
5	 4	 7	 4	 7.680390	 1.356980
5	 4	 7	 5	 20.047100	 4.407000
5	 4	 7	 6	 20.047100	 4.407000
5	 5	 1	 1	 37.513500	 3.359150
5	 5	 1	 2	 47.771381	 11.222816
5	 5	 1	 3	 43.906825	 17.416999
5	 5	 1	 4	 49.791714	 15.733432
5	 5	 1	 5	 47.617883	 15.552116
5	 5	 1	 6	 49.580433	 13.649153
5	 5	 2	 1	 57.636584	 15.716076
5	 5	 2	 2	 45.820920	 21.121210
5	 5	 2	 3	 47.316416	 14.915736
5	 5	 2	 4	 49.001099	 10.398817
5	 5	 2	 5	 42.606818	 12.129232
5	 5	 2	 6	 48.607598	 10.198331
5	 5	 3	 1	 50.434705	 9.737928
5	 5	 3	 2	 51.470230	 9.091896
5	 5	 3	 3	 47.303913	 9.752113
5	 5	 3	 4	 41.243648	 8.681338
5	 5	 3	 5	 54.275918	 8.856444
5	 5	 3	 6	 46.434292	 15.129005
5	 5	 4	 1	 40.464961	 11.776008
5	 5	 4	 2	 43.174483	 11.480415
5	 5	 4	 3	 47.380102	 14.615126
5	 5	 4	 4	 46.210705	 15.221071
5	 5	 4	 5	 40.829605	 12.972660
5	 5	 4	 6	 36.220982	 14.361194
5	 5	 5	 1	 49.522869	 16.068524
5	 5	 5	 2	 41.055273	 21.616102
5	 5	 5	 3	 55.721765	 12.573839
5	 5	 5	 4	 51.884025	 15.542475
5	 5	 5	 5	 52.556123	 17.668325
5	 5	 5	 6	 30.418703	 26.788296
5	 5	 6	 1	 44.066602	 28.080619
5	 5	 6	 2	 49.798842	 21.554611
5	 5	 6	 3	 52.000200	 5.697000
5	 5	 6	 4	 49.670700	 0.449941
5	 5	 6	 5	 53.907200	 15.424000
5	 5	 6	 6	 45.113958	 23.684047
5	 5	 7	 1	 45.477806	 35.032751
5	 5	 7	 2	 53.129112	 34.630639
5	 5	 7	 3	 49.629800	 0.881924
5	 5	 7	 4	 54.436900	 12.138100
5	 5	 7	 5	 45.526700	 3.377560
5	 5	 7	 6	 59.752900	 11.686400
5	 6	 1	 1	 37.607566	 10.624892
5	 6	 1	 2	 39.501553	 8.826878
5	 6	 1	 3	 43.170015	 14.493288
5	 6	 1	 4	 42.492691	 10.787290
5	 6	 1	 5	 37.527093	 9.720050
5	 6	 1	 6	 35.165369	 8.954037
5	 6	 2	 1	 49.895167	 11.226567
5	 6	 2	 2	 51.621082	 10.563266
5	 6	 2	 3	 49.483000	 0.018562
5	 6	 2	 4	 43.232207	 14.345711
5	 6	 2	 5	 44.140532	 13.340855
5	 6	 2	 6	 48.517774	 11.144136
5	 6	 3	 1	 47.154556	 11.307941
5	 6	 3	 2	 51.587400	 0.036026
5	 6	 3	 3	 44.926126	 11.393670
5	 6	 3	 4	 51.104313	 9.837817
5	 6	 3	 5	 46.145380	 8.740437
5	 6	 3	 6	 45.228032	 9.148927
5	 6	 4	 1	 48.552271	 14.680684
5	 6	 4	 2	 41.346035	 12.513936
5	 6	 4	 3	 41.336936	 7.517297
5	 6	 4	 4	 49.635888	 15.598353
5	 6	 4	 5	 39.324146	 14.680780
5	 6	 4	 6	 47.314800	 9.247670
5	 6	 5	 1	 43.557905	 9.977087
5	 6	 5	 2	 44.266762	 13.138697
5	 6	 5	 3	 41.546998	 21.157542
5	 6	 5	 4	 33.571985	 19.351327
5	 6	 5	 5	 50.467429	 14.023263
5	 6	 5	 6	 54.472042	 13.867258
5	 6	 6	 1	 43.929360	 17.028935
5	 6	 6	 2	 49.257332	 23.765785
5	 6	 6	 3	 32.303581	 30.938916
5	 6	 6	 4	 47.867167	 19.986691
5	 6	 6	 5	 53.164595	 27.496861
5	 6	 6	 6	 54.366474	 35.051097
5	 6	 7	 1	 53.460232	 36.899079
5	 6	 7	 2	 42.935152	 34.342081
5	 6	 7	 3	 40.743308	 37.573773
5	 6	 7	 4	 50.364576	 28.038958
5	 6	 7	 5	 35.974908	 18.889888
5	 6	 7	 6	 82.097400	 176.966000
6	 1	 1	 1	 2.914783	 4.326201
6	 1	 1	 2	 9.972139	 2.434614
6	 1	 1	 3	 5.458899	 2.241716
6	 1	 1	 4	 10.690526	 2.987340
6	 1	 1	 5	 10.310145	 3.011223
6	 1	 1	 6	 9.298514	 3.240733
6	 1	 2	 1	 11.436393	 2.687522
6	 1	 2	 2	 11.176637	 2.947113
6	 1	 2	 3	 5.364267	 4.197977
6	 1	 2	 4	 10.133139	 2.282970
6	 1	 2	 5	 11.531674	 3.124290
6	 1	 2	 6	 9.610754	 2.030788
6	 1	 3	 1	 5.470898	 1.843111
6	 1	 3	 2	 6.512912	 2.440320
6	 1	 3	 3	 8.288714	 3.965971
6	 1	 3	 4	 8.820250	 0.021581
6	 1	 3	 5	 7.227894	 3.031128
6	 1	 3	 6	 6.866521	 1.789393
6	 1	 4	 1	 8.735522	 3.041055
6	 1	 4	 2	 11.428256	 2.632498
6	 1	 4	 3	 6.630333	 1.753515
6	 1	 4	 4	 6.912747	 3.762819
6	 1	 4	 5	 3.128666	 3.488706
6	 1	 4	 6	 5.644456	 2.665827
6	 1	 5	 1	 2.438543	 3.657301
6	 1	 5	 2	 8.220633	 2.473899
6	 1	 5	 3	 7.240889	 3.747533
6	 1	 5	 4	 11.875862	 7.130764
6	 1	 5	 5	 3.777560	 5.946828
6	 1	 5	 6	 8.417188	 5.406630
6	 1	 6	 1	 4.333948	 3.748314
6	 1	 6	 2	 6.466667	 8.129984
6	 1	 6	 3	 -0.164880	 5.617385
6	 1	 6	 4	 -22.107088	 12.327920
6	 1	 6	 5	 6.986667	 7.999863
6	 1	 6	 6	 3.679399	 5.146915
6	 1	 7	 1	 7.928943	 6.288471
6	 1	 7	 2	 11.115152	 15.375262
6	 1	 7	 3	 -14.229351	 23.534676
6	 1	 7	 4	 10.185470	 0.130825
6	 1	 7	 5	 9.774620	 0.095615
6	 1	 7	 6	 10.413670	 0.047324
6	 2	 1	 1	 6.435347	 6.991675
6	 2	 1	 2	 9.489075	 3.869997
6	 2	 1	 3	 11.792640	 2.760485
6	 2	 1	 4	 10.107762	 2.857547
6	 2	 1	 5	 7.771773	 2.877335
6	 2	 1	 6	 2.846718	 3.372028
6	 2	 2	 1	 9.324690	 0.018587
6	 2	 2	 2	 8.165869	 1.868114
6	 2	 2	 3	 8.557728	 1.979449
6	 2	 2	 4	 7.876283	 2.787420
6	 2	 2	 5	 10.002288	 2.419125
6	 2	 2	 6	 6.654518	 3.011797
6	 2	 3	 1	 5.201951	 1.875682
6	 2	 3	 2	 7.606928	 3.228439
6	 2	 3	 3	 6.872210	 2.068090
6	 2	 3	 4	 1.989360	 3.120015
6	 2	 3	 5	 6.919878	 4.244663
6	 2	 3	 6	 5.558901	 1.896938
6	 2	 4	 1	 6.627800	 2.822319
6	 2	 4	 2	 2.162815	 3.597806
6	 2	 4	 3	 6.916141	 3.749949
6	 2	 4	 4	 4.707997	 2.350699
6	 2	 4	 5	 5.676936	 2.318836
6	 2	 4	 6	 4.059325	 2.574589
6	 2	 5	 1	 4.987887	 4.356285
6	 2	 5	 2	 11.040927	 4.000118
6	 2	 5	 3	 6.209323	 3.575544
6	 2	 5	 4	 3.340534	 2.609321
6	 2	 5	 5	 5.223882	 3.347475
6	 2	 5	 6	 3.031714	 3.886397
6	 2	 6	 1	 3.728514	 3.917345
6	 2	 6	 2	 5.222021	 3.246426
6	 2	 6	 3	 7.887420	 0.051247
6	 2	 6	 4	 13.030004	 8.988454
6	 2	 6	 5	 2.553489	 6.173952
6	 2	 6	 6	 -12.942145	 17.658099
6	 2	 7	 1	 -26.058399	 24.219735
6	 2	 7	 2	 5.691228	 10.039141
6	 2	 7	 3	 10.462140	 0.192677
6	 2	 7	 4	 1.945117	 10.677776
6	 2	 7	 5	 7.637130	 0.179757
6	 2	 7	 6	 6.706650	 0.222671
6	 3	 1	 1	 -24.165500	 2.345780
6	 3	 1	 2	 -24.091800	 0.082366
6	 3	 1	 3	 -24.682318	 5.715837
6	 3	 1	 4	 -25.159000	 0.033538
6	 3	 1	 5	 -27.339530	 5.376206
6	 3	 1	 6	 -25.846800	 0.017684
6	 3	 2	 1	 -25.843679	 4.550253
6	 3	 2	 2	 -28.952068	 3.963659
6	 3	 2	 3	 -28.710707	 3.894710
6	 3	 2	 4	 -29.699321	 4.089731
6	 3	 2	 5	 -27.154144	 3.685858
6	 3	 2	 6	 -29.732224	 4.151064
6	 3	 3	 1	 -28.350085	 3.671784
6	 3	 3	 2	 -32.055008	 4.476718
6	 3	 3	 3	 -36.263982	 4.457023
6	 3	 3	 4	 -35.475439	 5.680796
6	 3	 3	 5	 -33.988181	 4.158257
6	 3	 3	 6	 -27.464762	 5.726676
6	 3	 4	 1	 -30.253340	 4.462865
6	 3	 4	 2	 -27.761050	 3.659612
6	 3	 4	 3	 -28.286463	 3.909945
6	 3	 4	 4	 -29.226754	 4.365094
6	 3	 4	 5	 -37.391816	 4.738242
6	 3	 4	 6	 -28.278671	 3.475047
6	 3	 5	 1	 -28.345312	 3.756087
6	 3	 5	 2	 -31.765878	 4.080874
6	 3	 5	 3	 -37.800570	 8.127342
6	 3	 5	 4	 -30.574774	 5.290726
6	 3	 5	 5	 -23.144567	 4.517404
6	 3	 5	 6	 -27.877049	 11.816150
6	 3	 6	 1	 -31.621726	 8.555839
6	 3	 6	 2	 -26.494130	 6.048213
6	 3	 6	 3	 -43.233786	 29.369587
6	 3	 6	 4	 -38.279071	 10.774135
6	 3	 6	 5	 -28.658058	 10.147401
6	 3	 6	 6	 -33.878107	 11.980666
6	 3	 7	 1	 -36.598370	 16.239934
6	 3	 7	 2	 -23.646700	 9.906900
6	 3	 7	 3	 -26.993600	 0.749895
6	 3	 7	 4	 -26.505300	 0.892460
6	 3	 7	 5	 -27.238300	 1.479960
6	 3	 7	 6	 -33.991800	 2.732220
6	 4	 1	 1	 -12.659200	 1.202000
6	 4	 1	 2	 -24.524500	 0.147039
6	 4	 1	 3	 -25.009000	 0.055938
6	 4	 1	 4	 -22.033547	 3.845678
6	 4	 1	 5	 -31.014943	 7.012000
6	 4	 1	 6	 -25.898389	 4.446931
6	 4	 2	 1	 -25.542802	 4.145406
6	 4	 2	 2	 -34.101548	 7.969119
6	 4	 2	 3	 -25.078600	 0.025467
6	 4	 2	 4	 -27.189483	 4.024076
6	 4	 2	 5	 -32.234507	 4.999993
6	 4	 2	 6	 -30.937418	 4.398620
6	 4	 3	 1	 -28.478807	 3.949796
6	 4	 3	 2	 -31.782529	 4.470534
6	 4	 3	 3	 -29.274679	 3.690992
6	 4	 3	 4	 -31.055693	 4.411051
6	 4	 3	 5	 -29.670420	 4.229746
6	 4	 3	 6	 -31.460636	 4.447331
6	 4	 4	 1	 -28.822093	 3.801072
6	 4	 4	 2	 -28.790990	 2.936460
6	 4	 4	 3	 -28.499579	 4.271593
6	 4	 4	 4	 -32.528214	 4.494120
6	 4	 4	 5	 -30.524656	 3.919243
6	 4	 4	 6	 -32.452249	 4.883739
6	 4	 5	 1	 -33.424436	 4.303895
6	 4	 5	 2	 -35.585627	 6.386465
6	 4	 5	 3	 -29.204940	 4.667712
6	 4	 5	 4	 -35.958378	 11.125206
6	 4	 5	 5	 -31.328850	 9.333413
6	 4	 5	 6	 -24.597556	 4.436713
6	 4	 6	 1	 -42.161341	 23.926834
6	 4	 6	 2	 -31.112085	 9.248988
6	 4	 6	 3	 -32.309599	 10.413901
6	 4	 6	 4	 -25.674800	 0.385480
6	 4	 6	 5	 -30.843312	 10.058072
6	 4	 6	 6	 -27.397600	 0.422999
6	 4	 7	 1	 -25.401000	 0.106700
6	 4	 7	 2	 -55.861091	 51.667560
6	 4	 7	 3	 -30.701300	 0.810159
6	 4	 7	 4	 -29.647400	 1.583650
6	 4	 7	 5	 -31.024600	 1.784530
6	 4	 7	 6	 -31.732000	 2.707830
6	 5	 1	 1	 19.880521	 21.971731
6	 5	 1	 2	 28.397418	 9.461559
6	 5	 1	 3	 5.909061	 9.024477
6	 5	 1	 4	 26.400914	 9.971276
6	 5	 1	 5	 25.618461	 6.059782
6	 5	 1	 6	 24.422892	 5.968832
6	 5	 2	 1	 23.459208	 7.078718
6	 5	 2	 2	 9.988732	 9.988808
6	 5	 2	 3	 19.965093	 7.569200
6	 5	 2	 4	 20.899234	 10.179554
6	 5	 2	 5	 24.573794	 10.060824
6	 5	 2	 6	 22.286471	 7.875324
6	 5	 3	 1	 20.548293	 7.471850
6	 5	 3	 2	 27.189100	 0.037002
6	 5	 3	 3	 24.139942	 6.488088
6	 5	 3	 4	 19.680485	 7.385069
6	 5	 3	 5	 25.362813	 6.663538
6	 5	 3	 6	 11.226720	 12.031058
6	 5	 4	 1	 22.219041	 9.542102
6	 5	 4	 2	 26.667925	 12.216967
6	 5	 4	 3	 16.719102	 10.664393
6	 5	 4	 4	 25.429251	 6.959133
6	 5	 4	 5	 20.345414	 10.293005
6	 5	 4	 6	 29.984200	 0.117948
6	 5	 5	 1	 16.782514	 7.303608
6	 5	 5	 2	 31.206086	 6.622069
6	 5	 5	 3	 25.923600	 0.190753
6	 5	 5	 4	 23.186067	 8.988634
6	 5	 5	 5	 19.370002	 8.578794
6	 5	 5	 6	 26.074873	 9.266129
6	 5	 6	 1	 5.584771	 17.717513
6	 5	 6	 2	 20.078528	 10.850233
6	 5	 6	 3	 25.134231	 19.903847
6	 5	 6	 4	 16.992471	 16.567965
6	 5	 6	 5	 16.788101	 22.927334
6	 5	 6	 6	 30.627233	 25.022005
6	 5	 7	 1	 26.270700	 6.854000
6	 5	 7	 2	 27.096878	 39.996957
6	 5	 7	 3	 26.270700	 6.854000
6	 5	 7	 4	 18.473100	 1.783080
6	 5	 7	 5	 -37.410307	 61.585853
6	 5	 7	 6	 34.231100	 5.761190
6	 6	 1	 1	 30.998844	 13.984102
6	 6	 1	 2	 29.042800	 1.191000
6	 6	 1	 3	 22.287227	 11.827260
6	 6	 1	 4	 17.520990	 7.662274
6	 6	 1	 5	 14.007928	 9.014369
6	 6	 1	 6	 20.390881	 8.339323
6	 6	 2	 1	 12.420671	 9.184142
6	 6	 2	 2	 18.002719	 8.511869
6	 6	 2	 3	 15.587842	 5.240784
6	 6	 2	 4	 23.271900	 2.602030
6	 6	 2	 5	 16.903328	 5.301643
6	 6	 2	 6	 18.742016	 5.827073
6	 6	 3	 1	 21.101707	 7.595159
6	 6	 3	 2	 19.002780	 6.548036
6	 6	 3	 3	 18.672430	 7.823969
6	 6	 3	 4	 18.238000	 0.070487
6	 6	 3	 5	 19.749722	 4.624233
6	 6	 3	 6	 16.055536	 5.024040
6	 6	 4	 1	 17.270666	 4.901733
6	 6	 4	 2	 22.984600	 0.079782
6	 6	 4	 3	 19.421496	 8.061440
6	 6	 4	 4	 15.909693	 8.431658
6	 6	 4	 5	 8.555749	 5.108149
6	 6	 4	 6	 18.966484	 6.668531
6	 6	 5	 1	 21.791788	 8.909537
6	 6	 5	 2	 20.348052	 9.683880
6	 6	 5	 3	 13.550497	 11.434938
6	 6	 5	 4	 25.583700	 0.211571
6	 6	 5	 5	 36.590502	 13.162723
6	 6	 5	 6	 30.840415	 11.336048
6	 6	 6	 1	 20.164102	 9.081320
6	 6	 6	 2	 18.156684	 13.328581
6	 6	 6	 3	 24.545908	 9.854850
6	 6	 6	 4	 27.459220	 12.948213
6	 6	 6	 5	 22.870942	 14.500906
6	 6	 6	 6	 11.097803	 17.998873
6	 6	 7	 1	 23.305200	 3.289930
6	 6	 7	 2	 35.780327	 18.672967
6	 6	 7	 3	 24.411617	 17.812886
6	 6	 7	 4	 36.915014	 29.730358
6	 6	 7	 5	 35.097427	 46.981169
6	 6	 7	 6	 432.299351	 1517.419774
