#& Sector Superlayer Slot Cable T0Correction T0Error
1	 1	 1	 1	 1.333059	 0.026925
1	 1	 1	 2	 2.756257	 0.017755
1	 1	 1	 3	 2.465345	 0.011387
1	 1	 1	 4	 1.383199	 0.014589
1	 1	 1	 5	 2.796447	 0.016166
1	 1	 1	 6	 3.153965	 0.017966
1	 1	 2	 1	 2.245538	 0.004691
1	 1	 2	 2	 2.348900	 0.011439
1	 1	 2	 3	 4.271932	 0.015370
1	 1	 2	 4	 3.094939	 0.015429
1	 1	 2	 5	 3.727602	 0.016019
1	 1	 2	 6	 4.153272	 0.016242
1	 1	 3	 1	 3.139455	 0.016101
1	 1	 3	 2	 5.813592	 0.023866
1	 1	 3	 3	 2.567708	 0.017734
1	 1	 3	 4	 2.567411	 0.019505
1	 1	 3	 5	 4.572902	 0.020104
1	 1	 3	 6	 4.315862	 0.021515
1	 1	 4	 1	 3.667292	 0.021526
1	 1	 4	 2	 4.840992	 0.023417
1	 1	 4	 3	 1.182302	 0.035467
1	 1	 4	 4	 1.595782	 0.022901
1	 1	 4	 5	 3.250262	 0.024544
1	 1	 4	 6	 4.467052	 0.028295
1	 1	 5	 1	 4.881872	 0.027855
1	 1	 5	 2	 2.742777	 0.031542
1	 1	 5	 3	 4.689622	 0.033236
1	 1	 5	 4	 5.076542	 0.036712
1	 1	 5	 5	 4.643032	 0.039272
1	 1	 5	 6	 5.106582	 0.042458
1	 1	 6	 1	 5.467292	 0.063593
1	 1	 6	 2	 5.299362	 0.030817
1	 1	 6	 3	 4.869072	 0.065940
1	 1	 6	 4	 3.522922	 0.055702
1	 1	 6	 5	 4.566682	 0.082849
1	 1	 6	 6	 5.099962	 0.100727
1	 1	 7	 1	 5.433492	 0.102668
1	 1	 7	 2	 6.581862	 0.153868
1	 1	 7	 3	 3.565392	 0.126261
1	 1	 7	 4	 6.278382	 0.043473
1	 1	 7	 5	 2.768697	 0.131229
1	 1	 7	 6	 3.907702	 0.220162
1	 2	 1	 1	 -19.354095	 0.015213
1	 2	 1	 2	 -18.524095	 0.019937
1	 2	 1	 3	 -19.357695	 0.020746
1	 2	 1	 4	 -19.085795	 0.033656
1	 2	 1	 5	 -19.209795	 0.020968
1	 2	 1	 6	 -18.753395	 0.017526
1	 2	 2	 1	 -19.014495	 0.017882
1	 2	 2	 2	 -18.478995	 0.016686
1	 2	 2	 3	 -20.474595	 0.016662
1	 2	 2	 4	 -20.578195	 0.016433
1	 2	 2	 5	 -19.588195	 0.017910
1	 2	 2	 6	 -19.877895	 0.018158
1	 2	 3	 1	 -20.073495	 0.017321
1	 2	 3	 2	 -18.370995	 0.031051
1	 2	 3	 3	 -19.906495	 0.020154
1	 2	 3	 4	 -19.393195	 0.021081
1	 2	 3	 5	 -18.933895	 0.022248
1	 2	 3	 6	 -18.944295	 0.026564
1	 2	 4	 1	 -19.539195	 0.022660
1	 2	 4	 2	 -19.477595	 0.024665
1	 2	 4	 3	 -20.401295	 0.023390
1	 2	 4	 4	 -19.383095	 0.026681
1	 2	 4	 5	 -19.310495	 0.027085
1	 2	 4	 6	 -18.891595	 0.036670
1	 2	 5	 1	 -19.716795	 0.031412
1	 2	 5	 2	 -19.503795	 0.038390
1	 2	 5	 3	 -19.506695	 0.035246
1	 2	 5	 4	 -20.084295	 0.036730
1	 2	 5	 5	 -18.646195	 0.036861
1	 2	 5	 6	 -19.545695	 0.045449
1	 2	 6	 1	 -19.920095	 0.050838
1	 2	 6	 2	 -19.158995	 0.058813
1	 2	 6	 3	 -20.275395	 0.063557
1	 2	 6	 4	 -20.466695	 0.075553
1	 2	 6	 5	 -20.332695	 0.075428
1	 2	 6	 6	 -19.365995	 0.105442
1	 2	 7	 1	 -20.499595	 0.102732
1	 2	 7	 2	 -19.406695	 0.143885
1	 2	 7	 3	 -20.078495	 0.142191
1	 2	 7	 4	 -21.265895	 0.135391
1	 2	 7	 5	 -19.808695	 0.176544
1	 2	 7	 6	 -22.107095	 0.152579
1	 3	 1	 1	 -14.668383	 3.818290
1	 3	 1	 2	 -13.456883	 0.073424
1	 3	 1	 3	 -16.018783	 0.032217
1	 3	 1	 4	 -16.001183	 0.029691
1	 3	 1	 5	 -15.676683	 0.027174
1	 3	 1	 6	 -15.009883	 0.027887
1	 3	 2	 1	 -16.242083	 0.028137
1	 3	 2	 2	 -15.250583	 0.026589
1	 3	 2	 3	 -16.449383	 0.028799
1	 3	 2	 4	 -15.425983	 0.024747
1	 3	 2	 5	 -14.672883	 0.027208
1	 3	 2	 6	 -14.899283	 0.028262
1	 3	 3	 1	 -16.137383	 0.027344
1	 3	 3	 2	 -15.350583	 0.043382
1	 3	 3	 3	 -15.346183	 0.033937
1	 3	 3	 4	 -15.692383	 0.034081
1	 3	 3	 5	 -15.225183	 0.032697
1	 3	 3	 6	 -14.152983	 0.035054
1	 3	 4	 1	 -14.864183	 0.038213
1	 3	 4	 2	 -14.890883	 0.040526
1	 3	 4	 3	 -15.145883	 0.048464
1	 3	 4	 4	 -15.601683	 0.045850
1	 3	 4	 5	 -13.778483	 0.052486
1	 3	 4	 6	 -14.563983	 0.052187
1	 3	 5	 1	 -13.696683	 0.062650
1	 3	 5	 2	 -14.528283	 0.068546
1	 3	 5	 3	 -14.256383	 0.070909
1	 3	 5	 4	 -14.248983	 0.077177
1	 3	 5	 5	 -13.342383	 0.124744
1	 3	 5	 6	 -13.862183	 0.123062
1	 3	 6	 1	 -14.962283	 0.154873
1	 3	 6	 2	 -15.484483	 0.111099
1	 3	 6	 3	 -14.172883	 0.170783
1	 3	 6	 4	 -15.225983	 0.131280
1	 3	 6	 5	 -14.625983	 0.558248
1	 3	 6	 6	 -15.628283	 0.941267
1	 3	 7	 1	 -14.696083	 0.053604
1	 3	 7	 2	 -14.436483	 0.317304
1	 3	 7	 3	 -18.914283	 0.710913
1	 3	 7	 4	 -20.120383	 0.994972
1	 3	 7	 5	 -18.709283	 1.749730
1	 3	 7	 6	 -21.687983	 3.606850
1	 4	 1	 1	 -24.223239	 14.528700
1	 4	 1	 2	 -17.336339	 0.162276
1	 4	 1	 3	 -15.880139	 0.051202
1	 4	 1	 4	 -16.723939	 0.036478
1	 4	 1	 5	 -15.973539	 0.026415
1	 4	 1	 6	 -15.785639	 0.028198
1	 4	 2	 1	 -17.074139	 0.025591
1	 4	 2	 2	 -16.245139	 0.026129
1	 4	 2	 3	 -16.547339	 0.026461
1	 4	 2	 4	 -17.123239	 0.026922
1	 4	 2	 5	 -16.611839	 0.028957
1	 4	 2	 6	 -16.949139	 0.031303
1	 4	 3	 1	 -16.130539	 0.031482
1	 4	 3	 2	 -17.740239	 0.033037
1	 4	 3	 3	 -17.413539	 0.031253
1	 4	 3	 4	 -16.680639	 0.036175
1	 4	 3	 5	 -16.194139	 0.036323
1	 4	 3	 6	 -15.866339	 0.040724
1	 4	 4	 1	 -16.573939	 0.039475
1	 4	 4	 2	 -16.378839	 0.040450
1	 4	 4	 3	 -16.862839	 0.046094
1	 4	 4	 4	 -17.797039	 0.044147
1	 4	 4	 5	 -16.121739	 0.049521
1	 4	 4	 6	 -16.084839	 0.055545
1	 4	 5	 1	 -17.305339	 0.059031
1	 4	 5	 2	 -17.811339	 0.067481
1	 4	 5	 3	 -16.721739	 0.072034
1	 4	 5	 4	 -17.013739	 0.087903
1	 4	 5	 5	 -16.574839	 0.108222
1	 4	 5	 6	 -16.041839	 0.124205
1	 4	 6	 1	 -17.284339	 0.102324
1	 4	 6	 2	 -18.216739	 0.116043
1	 4	 6	 3	 -16.902839	 0.166741
1	 4	 6	 4	 -18.969739	 0.328302
1	 4	 6	 5	 -18.496139	 0.375588
1	 4	 6	 6	 -18.409739	 0.125591
1	 4	 7	 1	 -15.939039	 0.180590
1	 4	 7	 2	 -18.092639	 0.683434
1	 4	 7	 3	 -19.691839	 0.902941
1	 4	 7	 4	 -23.203239	 1.971960
1	 4	 7	 5	 -8.813839	 99.887500
1	 4	 7	 6	 -20.970939	 2.748620
1	 5	 1	 1	 7.755452	 5.943560
1	 5	 1	 2	 29.501792	 0.037361
1	 5	 1	 3	 30.606192	 0.017739
1	 5	 1	 4	 29.465792	 0.012902
1	 5	 1	 5	 29.646992	 0.019533
1	 5	 1	 6	 30.761192	 0.018420
1	 5	 2	 1	 29.630992	 0.016346
1	 5	 2	 2	 32.217792	 0.023073
1	 5	 2	 3	 31.366992	 0.018948
1	 5	 2	 4	 29.573392	 0.010864
1	 5	 2	 5	 29.904292	 0.016378
1	 5	 2	 6	 31.565892	 0.030024
1	 5	 3	 1	 30.997392	 0.030526
1	 5	 3	 2	 32.932992	 0.034463
1	 5	 3	 3	 32.674392	 0.037219
1	 5	 3	 4	 31.671792	 0.040539
1	 5	 3	 5	 31.091292	 0.046823
1	 5	 3	 6	 32.981892	 0.054228
1	 5	 4	 1	 31.765592	 0.062739
1	 5	 4	 2	 30.250392	 0.062136
1	 5	 4	 3	 31.250192	 0.074309
1	 5	 4	 4	 30.878792	 0.086689
1	 5	 4	 5	 30.254192	 0.098194
1	 5	 4	 6	 32.194092	 0.113600
1	 5	 5	 1	 31.487392	 0.106213
1	 5	 5	 2	 30.717692	 0.119125
1	 5	 5	 3	 30.493992	 0.238216
1	 5	 5	 4	 29.354192	 0.185382
1	 5	 5	 5	 33.347592	 0.297304
1	 5	 5	 6	 29.903492	 0.212095
1	 5	 6	 1	 27.258892	 0.237034
1	 5	 6	 2	 28.851292	 0.624763
1	 5	 6	 3	 24.520692	 0.057410
1	 5	 6	 4	 23.856992	 0.713254
1	 5	 6	 5	 22.877492	 0.743962
1	 5	 6	 6	 22.963592	 2.615300
1	 5	 7	 1	 43.675192	 52.194600
1	 5	 7	 2	 23.129392	 1.433250
1	 5	 7	 3	 19.466692	 1.953950
1	 5	 7	 4	 35.603992	 7.634000
1	 5	 7	 5	 42.298092	 0.866746
1	 5	 7	 6	 45.831792	 13.204500
1	 6	 1	 1	 21.418805	 1.330310
1	 6	 1	 2	 23.820105	 0.102320
1	 6	 1	 3	 23.563105	 0.036913
1	 6	 1	 4	 25.127405	 0.036847
1	 6	 1	 5	 28.182005	 0.043838
1	 6	 1	 6	 23.570005	 0.023278
1	 6	 2	 1	 24.572305	 0.018491
1	 6	 2	 2	 24.503505	 0.012555
1	 6	 2	 3	 23.517005	 0.019343
1	 6	 2	 4	 23.403305	 0.012207
1	 6	 2	 5	 24.124205	 0.022217
1	 6	 2	 6	 23.466705	 0.014547
1	 6	 3	 1	 25.026205	 0.020414
1	 6	 3	 2	 25.360105	 0.036581
1	 6	 3	 3	 25.295305	 0.041609
1	 6	 3	 4	 25.227405	 0.045265
1	 6	 3	 5	 24.566205	 0.047699
1	 6	 3	 6	 23.647805	 0.056636
1	 6	 4	 1	 25.192805	 0.063720
1	 6	 4	 2	 25.192405	 0.073669
1	 6	 4	 3	 25.461905	 0.074448
1	 6	 4	 4	 25.811405	 0.084452
1	 6	 4	 5	 28.628405	 0.084651
1	 6	 4	 6	 25.058105	 0.109905
1	 6	 5	 1	 29.888905	 0.122820
1	 6	 5	 2	 30.130005	 0.166351
1	 6	 5	 3	 27.925605	 0.089847
1	 6	 5	 4	 29.177005	 0.130531
1	 6	 5	 5	 29.775305	 0.198071
1	 6	 5	 6	 24.520705	 0.342879
1	 6	 6	 1	 27.371005	 0.561410
1	 6	 6	 2	 19.504905	 0.424999
1	 6	 6	 3	 31.869305	 0.165570
1	 6	 6	 4	 20.848305	 0.566717
1	 6	 6	 5	 22.038805	 0.829000
1	 6	 6	 6	 27.275705	 2.250170
1	 6	 7	 1	 22.779305	 1.027210
1	 6	 7	 2	 29.769205	 5.225000
1	 6	 7	 3	 38.286905	 17.593800
1	 6	 7	 4	 24.823905	 1.876520
1	 6	 7	 5	 29.189905	 3.214290
1	 6	 7	 6	 29.769205	 5.225000
2	 1	 1	 1	 13.913578	 0.046275
2	 1	 1	 2	 13.476078	 0.022351
2	 1	 1	 3	 14.013378	 0.020454
2	 1	 1	 4	 11.806068	 0.023326
2	 1	 1	 5	 13.613978	 0.033377
2	 1	 1	 6	 12.995478	 0.027570
2	 1	 2	 1	 11.650638	 0.020709
2	 1	 2	 2	 13.398278	 0.018227
2	 1	 2	 3	 13.674878	 0.018263
2	 1	 2	 4	 14.939978	 0.020313
2	 1	 2	 5	 16.586978	 0.018377
2	 1	 2	 6	 18.618178	 0.021097
2	 1	 3	 1	 14.462778	 0.021055
2	 1	 3	 2	 14.989778	 0.021641
2	 1	 3	 3	 14.185878	 0.022196
2	 1	 3	 4	 14.968678	 0.025132
2	 1	 3	 5	 15.064378	 0.023824
2	 1	 3	 6	 13.050678	 0.022961
2	 1	 4	 1	 13.490678	 0.020630
2	 1	 4	 2	 14.593678	 0.024310
2	 1	 4	 3	 13.321978	 0.033060
2	 1	 4	 4	 13.135978	 0.024761
2	 1	 4	 5	 14.600278	 0.024808
2	 1	 4	 6	 14.535178	 0.027885
2	 1	 5	 1	 13.707978	 0.032849
2	 1	 5	 2	 14.844378	 0.033238
2	 1	 5	 3	 13.921278	 0.028862
2	 1	 5	 4	 15.038578	 0.035329
2	 1	 5	 5	 15.055778	 0.038114
2	 1	 5	 6	 14.406878	 0.044027
2	 1	 6	 1	 14.184878	 0.038805
2	 1	 6	 2	 18.015478	 0.011630
2	 1	 6	 3	 15.992078	 1.500780
2	 1	 6	 4	 12.394378	 0.069201
2	 1	 6	 5	 11.876048	 0.074272
2	 1	 6	 6	 19.700678	 0.197277
2	 1	 7	 1	 11.586228	 0.167166
2	 1	 7	 2	 15.032078	 0.138212
2	 1	 7	 3	 13.804778	 0.166562
2	 1	 7	 4	 13.039178	 0.063647
2	 1	 7	 5	 12.831278	 0.222250
2	 1	 7	 6	 16.591378	 0.193318
2	 2	 1	 1	 17.960794	 0.059361
2	 2	 1	 2	 18.326494	 0.022215
2	 2	 1	 3	 17.340594	 0.020466
2	 2	 1	 4	 17.713194	 0.023015
2	 2	 1	 5	 17.693894	 0.022152
2	 2	 1	 6	 16.762894	 0.020084
2	 2	 2	 1	 20.739694	 0.020193
2	 2	 2	 2	 19.897494	 0.019491
2	 2	 2	 3	 18.923294	 0.018349
2	 2	 2	 4	 20.079394	 0.019191
2	 2	 2	 5	 15.787894	 0.017772
2	 2	 2	 6	 17.307494	 0.018452
2	 2	 3	 1	 13.830294	 0.019974
2	 2	 3	 2	 16.498094	 0.018855
2	 2	 3	 3	 13.802594	 0.020326
2	 2	 3	 4	 13.080994	 0.028657
2	 2	 3	 5	 13.504494	 0.020935
2	 2	 3	 6	 13.799094	 0.024500
2	 2	 4	 1	 16.716094	 0.024723
2	 2	 4	 2	 16.162394	 0.034955
2	 2	 4	 3	 17.425494	 0.027284
2	 2	 4	 4	 15.808594	 0.027858
2	 2	 4	 5	 18.898294	 0.032488
2	 2	 4	 6	 16.729694	 0.035482
2	 2	 5	 1	 12.631354	 0.030040
2	 2	 5	 2	 13.593794	 0.037303
2	 2	 5	 3	 13.576794	 0.034991
2	 2	 5	 4	 14.461194	 0.047008
2	 2	 5	 5	 13.491094	 0.046390
2	 2	 5	 6	 16.002994	 0.052736
2	 2	 6	 1	 15.797294	 0.054326
2	 2	 6	 2	 17.169694	 0.059018
2	 2	 6	 3	 15.079694	 0.060289
2	 2	 6	 4	 13.645694	 0.077988
2	 2	 6	 5	 16.012294	 0.083733
2	 2	 6	 6	 16.482594	 0.164073
2	 2	 7	 1	 14.772994	 0.146483
2	 2	 7	 2	 15.497794	 0.690234
2	 2	 7	 3	 18.201594	 0.313706
2	 2	 7	 4	 15.184794	 0.211912
2	 2	 7	 5	 15.760194	 0.257461
2	 2	 7	 6	 16.035394	 0.249777
2	 3	 1	 1	 29.887831	 2.363320
2	 3	 1	 2	 23.790431	 0.082556
2	 3	 1	 3	 22.938231	 0.045471
2	 3	 1	 4	 17.126531	 0.030521
2	 3	 1	 5	 16.932131	 0.029133
2	 3	 1	 6	 16.873231	 0.028629
2	 3	 2	 1	 18.355531	 0.024457
2	 3	 2	 2	 18.087631	 0.024969
2	 3	 2	 3	 17.526431	 0.026830
2	 3	 2	 4	 18.151731	 0.025870
2	 3	 2	 5	 18.796731	 0.027461
2	 3	 2	 6	 17.914131	 0.027239
2	 3	 3	 1	 17.104831	 0.028820
2	 3	 3	 2	 18.674831	 0.034596
2	 3	 3	 3	 18.284431	 0.029145
2	 3	 3	 4	 17.173431	 0.040635
2	 3	 3	 5	 16.906731	 0.041370
2	 3	 3	 6	 17.460031	 0.043994
2	 3	 4	 1	 19.373331	 0.036497
2	 3	 4	 2	 20.472931	 0.042341
2	 3	 4	 3	 18.194131	 0.048665
2	 3	 4	 4	 19.839931	 0.058847
2	 3	 4	 5	 19.769131	 0.047306
2	 3	 4	 6	 19.510031	 0.053359
2	 3	 5	 1	 18.331031	 0.056943
2	 3	 5	 2	 17.903831	 0.060848
2	 3	 5	 3	 18.888131	 0.074810
2	 3	 5	 4	 19.858331	 0.072571
2	 3	 5	 5	 18.803731	 0.105252
2	 3	 5	 6	 19.805731	 0.113773
2	 3	 6	 1	 18.841131	 0.109636
2	 3	 6	 2	 21.042731	 0.123075
2	 3	 6	 3	 17.789431	 0.073256
2	 3	 6	 4	 19.193631	 0.220489
2	 3	 6	 5	 19.226531	 0.230312
2	 3	 6	 6	 16.342631	 0.496099
2	 3	 7	 1	 15.721531	 0.522438
2	 3	 7	 2	 19.801131	 0.214053
2	 3	 7	 3	 14.998831	 0.798274
2	 3	 7	 4	 16.439231	 1.355320
2	 3	 7	 5	 20.442131	 9.533030
2	 3	 7	 6	 18.872931	 2.710580
2	 4	 1	 1	 33.881237	 6.497670
2	 4	 1	 2	 19.067837	 0.162418
2	 4	 1	 3	 18.501137	 0.062235
2	 4	 1	 4	 20.140437	 0.058303
2	 4	 1	 5	 18.015437	 0.035261
2	 4	 1	 6	 18.790337	 0.030044
2	 4	 2	 1	 17.165137	 0.029193
2	 4	 2	 2	 17.741437	 0.025379
2	 4	 2	 3	 18.218237	 0.029171
2	 4	 2	 4	 19.044037	 0.031265
2	 4	 2	 5	 18.451037	 0.030119
2	 4	 2	 6	 18.776637	 0.036485
2	 4	 3	 1	 17.786737	 0.034965
2	 4	 3	 2	 17.359637	 0.034855
2	 4	 3	 3	 18.543237	 0.036144
2	 4	 3	 4	 17.508037	 0.038900
2	 4	 3	 5	 17.850637	 0.045998
2	 4	 3	 6	 18.441237	 0.040019
2	 4	 4	 1	 16.786337	 0.043461
2	 4	 4	 2	 16.479537	 0.051908
2	 4	 4	 3	 17.537737	 0.057549
2	 4	 4	 4	 17.095837	 0.071496
2	 4	 4	 5	 18.042137	 0.058792
2	 4	 4	 6	 17.553737	 0.060749
2	 4	 5	 1	 17.122937	 0.067306
2	 4	 5	 2	 16.840237	 0.085841
2	 4	 5	 3	 14.451137	 1.042820
2	 4	 5	 4	 16.950937	 0.087666
2	 4	 5	 5	 17.005337	 0.147676
2	 4	 5	 6	 18.270837	 0.121574
2	 4	 6	 1	 18.775037	 0.207210
2	 4	 6	 2	 17.865037	 0.425495
2	 4	 6	 3	 17.059237	 0.433299
2	 4	 6	 4	 23.942737	 2.101000
2	 4	 6	 5	 18.617037	 0.298066
2	 4	 6	 6	 18.004737	 0.222373
2	 4	 7	 1	 23.991737	 2.804000
2	 4	 7	 2	 15.499437	 0.767783
2	 4	 7	 3	 14.535437	 0.981205
2	 4	 7	 4	 13.744137	 1.266970
2	 4	 7	 5	 15.086837	 1.997930
2	 4	 7	 6	 25.913737	 21.482100
2	 5	 1	 1	 14.920142	 1.543640
2	 5	 1	 2	 27.965842	 0.023863
2	 5	 1	 3	 27.240442	 0.051452
2	 5	 1	 4	 26.567242	 0.042090
2	 5	 1	 5	 29.091942	 0.010591
2	 5	 1	 6	 28.073242	 0.012624
2	 5	 2	 1	 28.017242	 0.008872
2	 5	 2	 2	 29.102142	 0.008067
2	 5	 2	 3	 29.139742	 0.009328
2	 5	 2	 4	 29.171142	 0.010527
2	 5	 2	 5	 31.206342	 0.031651
2	 5	 2	 6	 31.037042	 0.031355
2	 5	 3	 1	 31.966342	 0.033113
2	 5	 3	 2	 30.220642	 0.034956
2	 5	 3	 3	 31.954342	 0.041395
2	 5	 3	 4	 30.751042	 0.043544
2	 5	 3	 5	 31.436642	 0.052403
2	 5	 3	 6	 32.556142	 0.058558
2	 5	 4	 1	 31.820342	 0.064793
2	 5	 4	 2	 29.826642	 0.058858
2	 5	 4	 3	 29.213742	 0.070524
2	 5	 4	 4	 27.504942	 0.088530
2	 5	 4	 5	 30.166342	 0.085882
2	 5	 4	 6	 29.648442	 0.099895
2	 5	 5	 1	 28.502942	 0.117673
2	 5	 5	 2	 26.444242	 0.064352
2	 5	 5	 3	 27.246242	 0.194959
2	 5	 5	 4	 22.163242	 0.334476
2	 5	 5	 5	 32.042242	 0.444922
2	 5	 5	 6	 17.020242	 0.439217
2	 5	 6	 1	 16.303942	 0.599622
2	 5	 6	 2	 15.927842	 0.569938
2	 5	 6	 3	 17.422742	 0.734133
2	 5	 6	 4	 20.012242	 16.433000
2	 5	 6	 5	 18.426742	 0.965394
2	 5	 6	 6	 15.952742	 0.836154
2	 5	 7	 1	 30.704142	 4.388000
2	 5	 7	 2	 14.596042	 1.639410
2	 5	 7	 3	 15.720242	 3.114220
2	 5	 7	 4	 16.953342	 2.673060
2	 5	 7	 5	 24.790442	 283.133000
2	 5	 7	 6	 30.704142	 4.388000
2	 6	 1	 1	 23.949933	 0.059037
2	 6	 1	 2	 25.004633	 0.069831
2	 6	 1	 3	 22.947233	 0.022267
2	 6	 1	 4	 22.979033	 0.020534
2	 6	 1	 5	 25.451133	 0.035232
2	 6	 1	 6	 23.851133	 0.033370
2	 6	 2	 1	 24.210733	 0.026153
2	 6	 2	 2	 24.393233	 0.028717
2	 6	 2	 3	 25.614433	 0.030220
2	 6	 2	 4	 23.308433	 0.018887
2	 6	 2	 5	 25.439833	 0.028619
2	 6	 2	 6	 33.838633	 0.037107
2	 6	 3	 1	 26.980233	 0.037445
2	 6	 3	 2	 28.957633	 0.015590
2	 6	 3	 3	 28.842433	 0.010397
2	 6	 3	 4	 25.885733	 0.045196
2	 6	 3	 5	 26.147533	 0.048575
2	 6	 3	 6	 28.679233	 0.056641
2	 6	 4	 1	 26.924533	 0.064625
2	 6	 4	 2	 24.979333	 0.070255
2	 6	 4	 3	 24.919733	 0.077202
2	 6	 4	 4	 26.109133	 0.090032
2	 6	 4	 5	 26.278233	 0.094492
2	 6	 4	 6	 25.623733	 0.106498
2	 6	 5	 1	 25.412933	 0.110345
2	 6	 5	 2	 25.287433	 0.140253
2	 6	 5	 3	 23.139433	 0.176311
2	 6	 5	 4	 24.629133	 0.217793
2	 6	 5	 5	 14.476733	 0.327768
2	 6	 5	 6	 13.228733	 0.498838
2	 6	 6	 1	 12.128833	 0.668412
2	 6	 6	 2	 12.519433	 0.453162
2	 6	 6	 3	 31.018433	 0.743358
2	 6	 6	 4	 30.354833	 0.166102
2	 6	 6	 5	 14.222033	 0.601690
2	 6	 6	 6	 26.979333	 0.109236
2	 6	 7	 1	 10.146173	 1.393920
2	 6	 7	 2	 27.051833	 0.206273
2	 6	 7	 3	 15.792633	 2.617740
2	 6	 7	 4	 21.493833	 1.712620
2	 6	 7	 5	 43.464533	 1.549530
2	 6	 7	 6	 26.534833	 4.021000
3	 1	 1	 1	 40.006843	 0.035350
3	 1	 1	 2	 41.337643	 0.021457
3	 1	 1	 3	 40.544043	 0.016929
3	 1	 1	 4	 39.996243	 0.019155
3	 1	 1	 5	 39.067543	 0.017251
3	 1	 1	 6	 39.590243	 0.017657
3	 1	 2	 1	 41.108343	 0.017173
3	 1	 2	 2	 42.731043	 0.016635
3	 1	 2	 3	 40.845243	 0.016384
3	 1	 2	 4	 44.340243	 0.017782
3	 1	 2	 5	 41.344143	 0.015888
3	 1	 2	 6	 40.636043	 0.016449
3	 1	 3	 1	 40.500943	 0.017606
3	 1	 3	 2	 40.344643	 0.020275
3	 1	 3	 3	 40.318143	 0.020584
3	 1	 3	 4	 40.445643	 0.022613
3	 1	 3	 5	 41.202243	 0.022130
3	 1	 3	 6	 41.061843	 0.023472
3	 1	 4	 1	 43.080343	 0.021331
3	 1	 4	 2	 42.505643	 0.022265
3	 1	 4	 3	 38.581443	 0.020725
3	 1	 4	 4	 41.113543	 0.024004
3	 1	 4	 5	 41.962243	 0.015033
3	 1	 4	 6	 42.698543	 0.026000
3	 1	 5	 1	 40.796043	 0.031795
3	 1	 5	 2	 39.836843	 0.032096
3	 1	 5	 3	 39.076443	 0.031103
3	 1	 5	 4	 42.898043	 0.995119
3	 1	 5	 5	 40.820343	 0.037932
3	 1	 5	 6	 43.906843	 0.636391
3	 1	 6	 1	 41.004143	 0.035104
3	 1	 6	 2	 40.867043	 0.049618
3	 1	 6	 3	 40.677443	 0.051136
3	 1	 6	 4	 41.721443	 0.067271
3	 1	 6	 5	 39.825243	 0.085434
3	 1	 6	 6	 43.052643	 0.087696
3	 1	 7	 1	 42.934143	 0.122635
3	 1	 7	 2	 41.809543	 0.085349
3	 1	 7	 3	 44.483743	 0.111262
3	 1	 7	 4	 43.368143	 0.122981
3	 1	 7	 5	 43.154343	 0.161231
3	 1	 7	 6	 42.432843	 0.176222
3	 2	 1	 1	 43.568004	 0.068317
3	 2	 1	 2	 46.339404	 0.023882
3	 2	 1	 3	 44.451804	 0.018825
3	 2	 1	 4	 43.679004	 0.019885
3	 2	 1	 5	 43.941104	 0.019504
3	 2	 1	 6	 45.455704	 0.020603
3	 2	 2	 1	 44.577904	 0.018593
3	 2	 2	 2	 46.253004	 0.018940
3	 2	 2	 3	 43.089304	 0.017658
3	 2	 2	 4	 44.417604	 0.019261
3	 2	 2	 5	 43.857404	 0.018861
3	 2	 2	 6	 44.803504	 0.019611
3	 2	 3	 1	 43.091304	 0.020998
3	 2	 3	 2	 44.384404	 0.021943
3	 2	 3	 3	 42.613004	 0.021336
3	 2	 3	 4	 44.344204	 0.022235
3	 2	 3	 5	 43.850204	 0.022184
3	 2	 3	 6	 43.962204	 0.025228
3	 2	 4	 1	 41.193704	 0.023445
3	 2	 4	 2	 43.268404	 0.025797
3	 2	 4	 3	 40.658904	 0.027141
3	 2	 4	 4	 43.595504	 0.027870
3	 2	 4	 5	 39.986304	 0.028400
3	 2	 4	 6	 41.635704	 0.044750
3	 2	 5	 1	 42.572204	 0.033330
3	 2	 5	 2	 44.489304	 0.038069
3	 2	 5	 3	 39.392504	 0.036420
3	 2	 5	 4	 43.523304	 0.036951
3	 2	 5	 5	 41.295804	 0.038728
3	 2	 5	 6	 42.663904	 0.047135
3	 2	 6	 1	 41.795504	 0.057869
3	 2	 6	 2	 42.320204	 0.051937
3	 2	 6	 3	 42.485004	 0.060501
3	 2	 6	 4	 42.067204	 0.752093
3	 2	 6	 5	 42.389204	 0.019735
3	 2	 6	 6	 43.084704	 0.091867
3	 2	 7	 1	 43.119404	 0.103410
3	 2	 7	 2	 44.747704	 0.164161
3	 2	 7	 3	 42.909504	 0.199742
3	 2	 7	 4	 44.996704	 0.155239
3	 2	 7	 5	 43.193104	 0.261522
3	 2	 7	 6	 44.737704	 0.243205
3	 3	 1	 1	 45.683178	 2.420030
3	 3	 1	 2	 40.433178	 0.094106
3	 3	 1	 3	 39.264178	 0.048930
3	 3	 1	 4	 40.226478	 0.036665
3	 3	 1	 5	 40.941578	 0.015853
3	 3	 1	 6	 42.749378	 0.030400
3	 3	 2	 1	 44.309278	 0.028143
3	 3	 2	 2	 43.547578	 0.034534
3	 3	 2	 3	 43.672878	 0.029409
3	 3	 2	 4	 44.054578	 0.024944
3	 3	 2	 5	 45.738878	 0.030254
3	 3	 2	 6	 45.405178	 0.032913
3	 3	 3	 1	 44.677878	 0.038121
3	 3	 3	 2	 43.385778	 0.038312
3	 3	 3	 3	 43.248578	 0.036704
3	 3	 3	 4	 45.250478	 0.043054
3	 3	 3	 5	 45.331278	 0.042401
3	 3	 3	 6	 44.965078	 0.041728
3	 3	 4	 1	 44.229978	 0.038921
3	 3	 4	 2	 45.707878	 0.046401
3	 3	 4	 3	 46.340178	 0.044331
3	 3	 4	 4	 44.467278	 0.071735
3	 3	 4	 5	 41.229778	 0.055354
3	 3	 4	 6	 40.533878	 0.064235
3	 3	 5	 1	 40.122278	 0.063282
3	 3	 5	 2	 41.328478	 0.066939
3	 3	 5	 3	 41.976878	 0.068461
3	 3	 5	 4	 43.511378	 0.098605
3	 3	 5	 5	 44.237978	 0.120991
3	 3	 5	 6	 45.420978	 0.113597
3	 3	 6	 1	 42.891778	 0.113426
3	 3	 6	 2	 41.479778	 0.134270
3	 3	 6	 3	 38.471978	 0.359420
3	 3	 6	 4	 40.872478	 0.084506
3	 3	 6	 5	 41.700978	 0.120021
3	 3	 6	 6	 41.291778	 0.404038
3	 3	 7	 1	 40.451878	 0.433051
3	 3	 7	 2	 40.993378	 0.512733
3	 3	 7	 3	 38.310878	 0.693647
3	 3	 7	 4	 39.195978	 1.415060
3	 3	 7	 5	 39.065578	 1.746690
3	 3	 7	 6	 42.288378	 18.623600
3	 4	 1	 1	 52.884623	 5.662000
3	 4	 1	 2	 41.340823	 0.137028
3	 4	 1	 3	 42.219623	 0.051981
3	 4	 1	 4	 42.320923	 0.038008
3	 4	 1	 5	 42.455323	 0.032020
3	 4	 1	 6	 42.610623	 0.030056
3	 4	 2	 1	 41.302923	 0.028098
3	 4	 2	 2	 42.002523	 0.027021
3	 4	 2	 3	 43.245523	 0.029684
3	 4	 2	 4	 44.721123	 0.033033
3	 4	 2	 5	 44.665223	 0.033310
3	 4	 2	 6	 44.997123	 0.034354
3	 4	 3	 1	 42.275823	 0.033271
3	 4	 3	 2	 45.075723	 0.042952
3	 4	 3	 3	 45.030223	 0.040541
3	 4	 3	 4	 42.172323	 0.039088
3	 4	 3	 5	 42.605523	 0.045562
3	 4	 3	 6	 42.486523	 0.042488
3	 4	 4	 1	 48.805523	 0.050191
3	 4	 4	 2	 47.255023	 0.051752
3	 4	 4	 3	 47.046323	 0.053794
3	 4	 4	 4	 44.035023	 0.078959
3	 4	 4	 5	 47.785123	 0.055884
3	 4	 4	 6	 48.157323	 0.058509
3	 4	 5	 1	 44.406623	 0.077337
3	 4	 5	 2	 44.386323	 0.092681
3	 4	 5	 3	 44.582023	 0.117903
3	 4	 5	 4	 43.139023	 0.098387
3	 4	 5	 5	 47.714923	 0.165727
3	 4	 5	 6	 44.339923	 0.275834
3	 4	 6	 1	 48.474023	 0.113423
3	 4	 6	 2	 55.431223	 0.234493
3	 4	 6	 3	 49.827223	 0.195384
3	 4	 6	 4	 50.694623	 3.640000
3	 4	 6	 5	 46.115823	 0.470036
3	 4	 6	 6	 54.644423	 1.725010
3	 4	 7	 1	 45.508623	 0.544026
3	 4	 7	 2	 46.692823	 0.670948
3	 4	 7	 3	 39.462523	 0.987559
3	 4	 7	 4	 40.390923	 1.363280
3	 4	 7	 5	 41.124023	 1.866040
3	 4	 7	 6	 45.891623	 2.295420
3	 5	 1	 1	 52.567256	 7.210680
3	 5	 1	 2	 75.502956	 1.073440
3	 5	 1	 3	 72.719156	 0.033158
3	 5	 1	 4	 71.620156	 0.031451
3	 5	 1	 5	 72.813356	 0.039983
3	 5	 1	 6	 73.501756	 0.027802
3	 5	 2	 1	 71.561756	 0.016100
3	 5	 2	 2	 71.461156	 0.013210
3	 5	 2	 3	 75.277756	 0.397265
3	 5	 2	 4	 72.746556	 0.015577
3	 5	 2	 5	 72.667256	 0.024229
3	 5	 2	 6	 73.359956	 0.030409
3	 5	 3	 1	 73.686656	 0.032694
3	 5	 3	 2	 72.615556	 0.035953
3	 5	 3	 3	 72.386956	 0.039707
3	 5	 3	 4	 72.225956	 0.044188
3	 5	 3	 5	 74.086956	 0.051299
3	 5	 3	 6	 74.639456	 0.060803
3	 5	 4	 1	 72.809956	 0.060278
3	 5	 4	 2	 74.320656	 0.071752
3	 5	 4	 3	 73.623356	 0.075912
3	 5	 4	 4	 71.893256	 0.084847
3	 5	 4	 5	 74.062756	 0.097682
3	 5	 4	 6	 74.089756	 0.117641
3	 5	 5	 1	 64.484556	 0.126529
3	 5	 5	 2	 57.575756	 0.130261
3	 5	 5	 3	 63.725756	 0.153306
3	 5	 5	 4	 58.073956	 0.246662
3	 5	 5	 5	 55.325856	 0.127715
3	 5	 5	 6	 60.554756	 0.280597
3	 5	 6	 1	 64.913956	 0.418876
3	 5	 6	 2	 64.726956	 0.519751
3	 5	 6	 3	 57.892656	 0.290654
3	 5	 6	 4	 55.208056	 0.266287
3	 5	 6	 5	 54.427756	 0.375893
3	 5	 6	 6	 57.350256	 0.958898
3	 5	 7	 1	 47.228856	 1.783270
3	 5	 7	 2	 57.953056	 0.316749
3	 5	 7	 3	 51.186856	 1.733850
3	 5	 7	 4	 50.152256	 2.537120
3	 5	 7	 5	 62.144156	 12.885000
3	 5	 7	 6	 62.144156	 12.885000
3	 6	 1	 1	 64.952626	 1.489290
3	 6	 1	 2	 68.333026	 0.147504
3	 6	 1	 3	 68.564426	 0.091759
3	 6	 1	 4	 65.845626	 0.090348
3	 6	 1	 5	 69.009026	 0.057863
3	 6	 1	 6	 69.323126	 0.053363
3	 6	 2	 1	 68.428426	 0.037508
3	 6	 2	 2	 67.749526	 0.034511
3	 6	 2	 3	 67.499626	 0.031441
3	 6	 2	 4	 68.677926	 0.031158
3	 6	 2	 5	 69.539226	 0.035227
3	 6	 2	 6	 68.384926	 0.036060
3	 6	 3	 1	 60.447326	 0.132880
3	 6	 3	 2	 68.160026	 0.039634
3	 6	 3	 3	 67.265126	 0.043465
3	 6	 3	 4	 67.276226	 0.050577
3	 6	 3	 5	 67.575526	 0.053583
3	 6	 3	 6	 67.620726	 0.063186
3	 6	 4	 1	 68.444826	 0.072258
3	 6	 4	 2	 68.005826	 0.075034
3	 6	 4	 3	 70.751926	 0.163580
3	 6	 4	 4	 67.987126	 0.095695
3	 6	 4	 5	 71.813826	 0.025015
3	 6	 4	 6	 69.312326	 0.102357
3	 6	 5	 1	 59.006926	 0.149538
3	 6	 5	 2	 52.074826	 0.077574
3	 6	 5	 3	 52.820826	 0.074723
3	 6	 5	 4	 54.610926	 0.175832
3	 6	 5	 5	 58.227526	 0.218473
3	 6	 5	 6	 53.092526	 0.108319
3	 6	 6	 1	 47.066326	 0.401522
3	 6	 6	 2	 47.151326	 0.538859
3	 6	 6	 3	 48.607826	 0.589510
3	 6	 6	 4	 47.089226	 0.695749
3	 6	 6	 5	 48.073226	 0.968472
3	 6	 6	 6	 47.418126	 1.251850
3	 6	 7	 1	 45.171126	 1.271970
3	 6	 7	 2	 42.261526	 1.321450
3	 6	 7	 3	 49.277426	 1.980430
3	 6	 7	 4	 51.972226	 1.638570
3	 6	 7	 5	 60.517726	 2.188620
3	 6	 7	 6	 58.984426	 10.619000
4	 1	 1	 1	 7.434344	 0.038349
4	 1	 1	 2	 8.223904	 0.019535
4	 1	 1	 3	 8.033824	 0.016713
4	 1	 1	 4	 6.729754	 0.016157
4	 1	 1	 5	 7.655544	 0.017730
4	 1	 1	 6	 7.057874	 0.017821
4	 1	 2	 1	 7.126574	 0.016182
4	 1	 2	 2	 7.491164	 0.017036
4	 1	 2	 3	 7.684114	 0.015824
4	 1	 2	 4	 6.550714	 0.015303
4	 1	 2	 5	 7.106644	 0.016562
4	 1	 2	 6	 8.622654	 0.017104
4	 1	 3	 1	 6.567164	 0.016289
4	 1	 3	 2	 7.801774	 0.019223
4	 1	 3	 3	 7.531694	 0.017657
4	 1	 3	 4	 7.161134	 0.019321
4	 1	 3	 5	 8.447214	 0.019778
4	 1	 3	 6	 8.012214	 0.020231
4	 1	 4	 1	 8.470474	 0.023782
4	 1	 4	 2	 9.156954	 0.025223
4	 1	 4	 3	 7.313304	 0.023571
4	 1	 4	 4	 8.244074	 0.026677
4	 1	 4	 5	 7.561704	 0.026582
4	 1	 4	 6	 9.330574	 0.030718
4	 1	 5	 1	 8.201194	 0.028049
4	 1	 5	 2	 8.522154	 0.035673
4	 1	 5	 3	 8.684054	 0.035150
4	 1	 5	 4	 8.646204	 0.035096
4	 1	 5	 5	 7.460354	 0.038061
4	 1	 5	 6	 8.340624	 0.043280
4	 1	 6	 1	 7.343184	 0.042446
4	 1	 6	 2	 8.451224	 0.048054
4	 1	 6	 3	 7.300634	 0.045877
4	 1	 6	 4	 8.498514	 0.056753
4	 1	 6	 5	 7.807864	 0.068145
4	 1	 6	 6	 8.186204	 0.095196
4	 1	 7	 1	 7.111264	 0.096403
4	 1	 7	 2	 7.296464	 0.103486
4	 1	 7	 3	 8.147224	 0.143487
4	 1	 7	 4	 8.385754	 0.147717
4	 1	 7	 5	 7.959654	 0.135373
4	 1	 7	 6	 8.075144	 0.238131
4	 2	 1	 1	 34.126364	 0.055125
4	 2	 1	 2	 35.735764	 0.024537
4	 2	 1	 3	 34.057164	 0.023520
4	 2	 1	 4	 33.764264	 0.017508
4	 2	 1	 5	 34.310664	 0.017531
4	 2	 1	 6	 34.776864	 0.016833
4	 2	 2	 1	 34.241764	 0.026237
4	 2	 2	 2	 48.859064	 0.021775
4	 2	 2	 3	 33.411864	 0.013511
4	 2	 2	 4	 34.570764	 0.018383
4	 2	 2	 5	 33.821664	 0.017995
4	 2	 2	 6	 34.993964	 0.019672
4	 2	 3	 1	 34.464264	 0.019654
4	 2	 3	 2	 34.177764	 0.019605
4	 2	 3	 3	 32.339564	 0.022009
4	 2	 3	 4	 32.617164	 0.023291
4	 2	 3	 5	 35.421064	 0.022967
4	 2	 3	 6	 33.652464	 0.022351
4	 2	 4	 1	 34.972464	 0.025231
4	 2	 4	 2	 34.342264	 0.026455
4	 2	 4	 3	 34.001364	 0.023184
4	 2	 4	 4	 34.377364	 0.028059
4	 2	 4	 5	 34.523164	 0.031700
4	 2	 4	 6	 34.897464	 0.033485
4	 2	 5	 1	 35.107864	 0.032116
4	 2	 5	 2	 36.280064	 0.037295
4	 2	 5	 3	 35.926864	 0.040340
4	 2	 5	 4	 32.849364	 0.039473
4	 2	 5	 5	 32.842364	 0.045230
4	 2	 5	 6	 33.751364	 0.041575
4	 2	 6	 1	 33.597664	 0.056125
4	 2	 6	 2	 32.665764	 0.069368
4	 2	 6	 3	 33.261164	 0.058416
4	 2	 6	 4	 32.156364	 0.080263
4	 2	 6	 5	 32.663364	 0.087137
4	 2	 6	 6	 32.188764	 0.115461
4	 2	 7	 1	 32.076764	 0.095080
4	 2	 7	 2	 33.116864	 0.123501
4	 2	 7	 3	 30.027764	 0.103276
4	 2	 7	 4	 51.511764	 0.182859
4	 2	 7	 5	 32.211564	 0.155404
4	 2	 7	 6	 31.458464	 0.167025
4	 3	 1	 1	 17.218297	 2.016820
4	 3	 1	 2	 15.476497	 0.076953
4	 3	 1	 3	 15.345097	 0.038579
4	 3	 1	 4	 16.169297	 0.033759
4	 3	 1	 5	 15.718397	 0.039058
4	 3	 1	 6	 15.614097	 0.033707
4	 3	 2	 1	 12.385097	 0.029328
4	 3	 2	 2	 11.778297	 0.025850
4	 3	 2	 3	 13.429497	 0.035256
4	 3	 2	 4	 12.882197	 0.029512
4	 3	 2	 5	 14.940097	 0.030604
4	 3	 2	 6	 14.466097	 0.034116
4	 3	 3	 1	 12.549197	 0.031420
4	 3	 3	 2	 13.262197	 0.031023
4	 3	 3	 3	 12.638097	 0.007588
4	 3	 3	 4	 13.039497	 0.035532
4	 3	 3	 5	 13.581297	 0.037782
4	 3	 3	 6	 13.457597	 0.040649
4	 3	 4	 1	 13.916597	 0.039379
4	 3	 4	 2	 14.393497	 0.043261
4	 3	 4	 3	 14.547497	 0.047128
4	 3	 4	 4	 13.653597	 0.047953
4	 3	 4	 5	 14.751797	 0.054995
4	 3	 4	 6	 14.176097	 0.051119
4	 3	 5	 1	 13.496097	 0.051869
4	 3	 5	 2	 12.515397	 0.052877
4	 3	 5	 3	 13.163597	 0.071267
4	 3	 5	 4	 12.638397	 0.100590
4	 3	 5	 5	 13.994297	 0.093587
4	 3	 5	 6	 13.822497	 0.184808
4	 3	 6	 1	 16.759697	 0.046742
4	 3	 6	 2	 14.212397	 0.184177
4	 3	 6	 3	 13.550897	 0.169107
4	 3	 6	 4	 12.993797	 0.301173
4	 3	 6	 5	 14.257697	 0.185635
4	 3	 6	 6	 12.642697	 0.039586
4	 3	 7	 1	 14.661097	 0.241189
4	 3	 7	 2	 12.615397	 0.351662
4	 3	 7	 3	 10.600727	 0.698024
4	 3	 7	 4	 17.824597	 0.580228
4	 3	 7	 5	 8.165397	 1.837770
4	 3	 7	 6	 15.577397	 1.859180
4	 4	 1	 1	 13.787476	 5.969970
4	 4	 1	 2	 13.791476	 0.181820
4	 4	 1	 3	 14.213576	 0.054319
4	 4	 1	 4	 13.042376	 0.043296
4	 4	 1	 5	 14.775376	 0.035712
4	 4	 1	 6	 14.222376	 0.032700
4	 4	 2	 1	 14.005976	 0.029515
4	 4	 2	 2	 13.523176	 0.029191
4	 4	 2	 3	 13.307076	 0.028561
4	 4	 2	 4	 12.957176	 0.032235
4	 4	 2	 5	 13.035176	 0.030785
4	 4	 2	 6	 13.507476	 0.032244
4	 4	 3	 1	 13.815276	 0.034155
4	 4	 3	 2	 12.866876	 0.037416
4	 4	 3	 3	 12.846676	 0.039044
4	 4	 3	 4	 12.933076	 0.038499
4	 4	 3	 5	 12.766776	 0.041124
4	 4	 3	 6	 13.009876	 0.042302
4	 4	 4	 1	 13.084676	 0.051988
4	 4	 4	 2	 12.773776	 0.054196
4	 4	 4	 3	 12.518076	 0.048084
4	 4	 4	 4	 12.073476	 0.051665
4	 4	 4	 5	 13.378676	 0.057991
4	 4	 4	 6	 12.328976	 0.048183
4	 4	 5	 1	 13.619176	 0.069931
4	 4	 5	 2	 14.803076	 0.355773
4	 4	 5	 3	 12.390976	 0.080506
4	 4	 5	 4	 13.406276	 0.079632
4	 4	 5	 5	 13.159876	 0.166685
4	 4	 5	 6	 11.882876	 0.210516
4	 4	 6	 1	 12.299276	 0.273437
4	 4	 6	 2	 16.215676	 0.166126
4	 4	 6	 3	 12.869376	 0.232682
4	 4	 6	 4	 14.200076	 0.214010
4	 4	 6	 5	 10.940676	 0.464972
4	 4	 6	 6	 10.835876	 0.485188
4	 4	 7	 1	 10.431276	 0.669568
4	 4	 7	 2	 10.690676	 0.831715
4	 4	 7	 3	 8.616316	 1.094060
4	 4	 7	 4	 17.016376	 3.539000
4	 4	 7	 5	 7.858756	 1.744610
4	 4	 7	 6	 6.615066	 4.105340
4	 5	 1	 1	 55.458459	 2.477000
4	 5	 1	 2	 51.434959	 0.181315
4	 5	 1	 3	 52.290959	 0.064645
4	 5	 1	 4	 51.257259	 0.049128
4	 5	 1	 5	 53.675559	 0.010727
4	 5	 1	 6	 52.406659	 0.085670
4	 5	 2	 1	 52.832459	 0.023119
4	 5	 2	 2	 53.604459	 0.020826
4	 5	 2	 3	 52.618559	 0.009891
4	 5	 2	 4	 53.870159	 0.013711
4	 5	 2	 5	 55.661059	 0.027097
4	 5	 2	 6	 55.308059	 0.027293
4	 5	 3	 1	 56.511959	 0.033428
4	 5	 3	 2	 55.078359	 0.035024
4	 5	 3	 3	 55.769359	 0.040137
4	 5	 3	 4	 55.327259	 0.044730
4	 5	 3	 5	 55.832359	 0.049304
4	 5	 3	 6	 56.700259	 0.059940
4	 5	 4	 1	 56.625959	 0.058358
4	 5	 4	 2	 56.599259	 0.061538
4	 5	 4	 3	 54.798959	 0.070849
4	 5	 4	 4	 55.883759	 0.241652
4	 5	 4	 5	 53.981059	 0.096717
4	 5	 4	 6	 54.967659	 0.098165
4	 5	 5	 1	 53.779559	 0.110143
4	 5	 5	 2	 52.170959	 0.117821
4	 5	 5	 3	 50.297859	 0.148894
4	 5	 5	 4	 50.325859	 0.117262
4	 5	 5	 5	 43.412359	 0.344351
4	 5	 5	 6	 49.100159	 0.169101
4	 5	 6	 1	 34.836859	 2.021220
4	 5	 6	 2	 55.337359	 0.509110
4	 5	 6	 3	 45.519359	 0.633388
4	 5	 6	 4	 53.621459	 1.141880
4	 5	 6	 5	 56.525459	 8.957000
4	 5	 6	 6	 55.366859	 1.454030
4	 5	 7	 1	 39.776259	 0.966351
4	 5	 7	 2	 65.887359	 1.039480
4	 5	 7	 3	 39.202559	 0.587365
4	 5	 7	 4	 44.376659	 1.792610
4	 5	 7	 5	 55.854459	 10.186000
4	 5	 7	 6	 55.854459	 10.186000
4	 6	 1	 1	 33.769101	 1.928830
4	 6	 1	 2	 47.124001	 0.129365
4	 6	 1	 3	 46.625801	 0.020590
4	 6	 1	 4	 47.737101	 0.013812
4	 6	 1	 5	 46.608001	 0.012093
4	 6	 1	 6	 47.819801	 0.015193
4	 6	 2	 1	 49.041801	 0.030218
4	 6	 2	 2	 48.584001	 0.027965
4	 6	 2	 3	 49.018501	 0.028416
4	 6	 2	 4	 53.812801	 0.011003
4	 6	 2	 5	 50.933401	 0.029210
4	 6	 2	 6	 50.723201	 0.033886
4	 6	 3	 1	 54.238001	 0.035698
4	 6	 3	 2	 53.915601	 0.036656
4	 6	 3	 3	 54.212901	 0.023995
4	 6	 3	 4	 48.882901	 0.042656
4	 6	 3	 5	 49.016901	 0.048968
4	 6	 3	 6	 48.064301	 0.054739
4	 6	 4	 1	 50.329901	 0.064618
4	 6	 4	 2	 49.647501	 0.069898
4	 6	 4	 3	 49.828401	 0.084016
4	 6	 4	 4	 50.636401	 1.414210
4	 6	 4	 5	 52.598701	 0.016821
4	 6	 4	 6	 56.680001	 0.465687
4	 6	 5	 1	 50.845701	 0.135259
4	 6	 5	 2	 49.436301	 0.136484
4	 6	 5	 3	 52.423801	 0.257945
4	 6	 5	 4	 52.572701	 0.210779
4	 6	 5	 5	 51.663401	 0.232266
4	 6	 5	 6	 53.469001	 0.230227
4	 6	 6	 1	 35.511301	 5.245230
4	 6	 6	 2	 40.023701	 0.795254
4	 6	 6	 3	 40.146101	 0.616966
4	 6	 6	 4	 47.310101	 0.890432
4	 6	 6	 5	 56.192801	 7.619000
4	 6	 6	 6	 44.681601	 0.910470
4	 6	 7	 1	 49.212801	 9.627000
4	 6	 7	 2	 41.623601	 1.347730
4	 6	 7	 3	 44.129801	 1.357660
4	 6	 7	 4	 53.399801	 7.357000
4	 6	 7	 5	 61.708601	 2.141150
4	 6	 7	 6	 59.577501	 0.724527
5	 1	 1	 1	 41.460477	 0.047207
5	 1	 1	 2	 31.147577	 0.022585
5	 1	 1	 3	 29.711877	 0.020261
5	 1	 1	 4	 24.393277	 0.018046
5	 1	 1	 5	 23.725377	 0.016969
5	 1	 1	 6	 24.584577	 0.018017
5	 1	 2	 1	 28.223477	 0.016078
5	 1	 2	 2	 26.097177	 0.004159
5	 1	 2	 3	 26.723377	 0.014477
5	 1	 2	 4	 27.466877	 0.016665
5	 1	 2	 5	 26.759777	 0.024389
5	 1	 2	 6	 25.260377	 0.005548
5	 1	 3	 1	 27.447477	 0.017536
5	 1	 3	 2	 27.172377	 0.018562
5	 1	 3	 3	 27.671577	 0.018626
5	 1	 3	 4	 26.342777	 0.018930
5	 1	 3	 5	 26.837077	 0.018406
5	 1	 3	 6	 27.041377	 0.022631
5	 1	 4	 1	 27.043477	 0.021336
5	 1	 4	 2	 28.163277	 0.023241
5	 1	 4	 3	 26.859277	 0.022188
5	 1	 4	 4	 27.411277	 0.023936
5	 1	 4	 5	 28.754077	 0.025598
5	 1	 4	 6	 27.791677	 0.026956
5	 1	 5	 1	 28.679577	 0.027146
5	 1	 5	 2	 28.964977	 0.031971
5	 1	 5	 3	 28.342877	 0.034534
5	 1	 5	 4	 26.921677	 0.039245
5	 1	 5	 5	 29.269677	 0.034206
5	 1	 5	 6	 31.928177	 0.045171
5	 1	 6	 1	 27.984677	 0.048181
5	 1	 6	 2	 27.756177	 0.048734
5	 1	 6	 3	 28.530277	 0.051399
5	 1	 6	 4	 27.859877	 0.077764
5	 1	 6	 5	 26.996177	 0.079438
5	 1	 6	 6	 28.428377	 0.095271
5	 1	 7	 1	 28.150677	 0.106169
5	 1	 7	 2	 27.941377	 0.120479
5	 1	 7	 3	 28.192077	 0.132971
5	 1	 7	 4	 30.178677	 0.135324
5	 1	 7	 5	 30.201577	 0.059412
5	 1	 7	 6	 31.386977	 0.230490
5	 2	 1	 1	 4.738062	 0.066404
5	 2	 1	 2	 5.071072	 0.022922
5	 2	 1	 3	 3.066535	 0.018931
5	 2	 1	 4	 4.260362	 0.021719
5	 2	 1	 5	 5.066332	 0.019757
5	 2	 1	 6	 4.150622	 0.017845
5	 2	 2	 1	 3.021184	 0.016756
5	 2	 2	 2	 4.533102	 0.017385
5	 2	 2	 3	 3.881472	 0.016708
5	 2	 2	 4	 3.405092	 0.017041
5	 2	 2	 5	 3.564707	 0.016327
5	 2	 2	 6	 3.157737	 0.017799
5	 2	 3	 1	 2.780257	 0.018274
5	 2	 3	 2	 3.572494	 0.020273
5	 2	 3	 3	 2.235267	 0.017915
5	 2	 3	 4	 3.765682	 0.022035
5	 2	 3	 5	 3.791252	 0.020076
5	 2	 3	 6	 3.068507	 0.020894
5	 2	 4	 1	 4.471272	 0.024296
5	 2	 4	 2	 4.068952	 0.024715
5	 2	 4	 3	 3.877532	 0.025241
5	 2	 4	 4	 4.061862	 0.024778
5	 2	 4	 5	 3.147000	 0.027901
5	 2	 4	 6	 4.647232	 0.028471
5	 2	 5	 1	 3.181450	 0.032755
5	 2	 5	 2	 3.363823	 0.032853
5	 2	 5	 3	 2.053676	 0.031133
5	 2	 5	 4	 2.990738	 0.033988
5	 2	 5	 5	 3.093612	 0.040513
5	 2	 5	 6	 3.396102	 0.041164
5	 2	 6	 1	 3.885362	 0.050038
5	 2	 6	 2	 3.565631	 0.055153
5	 2	 6	 3	 1.963679	 0.064355
5	 2	 6	 4	 4.512932	 0.068701
5	 2	 6	 5	 3.952162	 0.068450
5	 2	 6	 6	 3.706991	 0.106078
5	 2	 7	 1	 2.760616	 0.158942
5	 2	 7	 2	 3.239544	 0.235224
5	 2	 7	 3	 2.878617	 0.129498
5	 2	 7	 4	 3.511096	 0.171391
5	 2	 7	 5	 2.749280	 0.127713
5	 2	 7	 6	 4.391412	 0.228274
5	 3	 1	 1	 9.736428	 4.254900
5	 3	 1	 2	 11.932058	 0.109522
5	 3	 1	 3	 10.320708	 0.035381
5	 3	 1	 4	 11.507458	 0.029319
5	 3	 1	 5	 11.536658	 0.027811
5	 3	 1	 6	 11.367568	 0.023795
5	 3	 2	 1	 10.883768	 0.024683
5	 3	 2	 2	 11.326668	 0.023415
5	 3	 2	 3	 11.352218	 0.024468
5	 3	 2	 4	 10.316398	 0.022674
5	 3	 2	 5	 10.930768	 0.026256
5	 3	 2	 6	 10.539078	 0.028655
5	 3	 3	 1	 11.569058	 0.026657
5	 3	 3	 2	 10.556258	 0.029069
5	 3	 3	 3	 9.914478	 0.029169
5	 3	 3	 4	 10.949618	 0.031100
5	 3	 3	 5	 11.150228	 0.031500
5	 3	 3	 6	 11.477668	 0.035145
5	 3	 4	 1	 14.041258	 0.037779
5	 3	 4	 2	 13.502958	 0.041515
5	 3	 4	 3	 13.317358	 0.039774
5	 3	 4	 4	 13.202058	 0.042684
5	 3	 4	 5	 9.928468	 0.038660
5	 3	 4	 6	 10.687508	 0.051052
5	 3	 5	 1	 10.500538	 0.055740
5	 3	 5	 2	 10.706148	 0.056985
5	 3	 5	 3	 10.886308	 0.065482
5	 3	 5	 4	 10.517388	 0.079667
5	 3	 5	 5	 10.655368	 0.076596
5	 3	 5	 6	 10.914168	 0.092572
5	 3	 6	 1	 12.713658	 0.109916
5	 3	 6	 2	 12.109358	 0.125652
5	 3	 6	 3	 9.809258	 0.171597
5	 3	 6	 4	 11.585958	 0.220428
5	 3	 6	 5	 10.485168	 0.127837
5	 3	 6	 6	 11.059798	 0.144791
5	 3	 7	 1	 9.484058	 0.171780
5	 3	 7	 2	 11.928758	 0.455167
5	 3	 7	 3	 9.512508	 0.688711
5	 3	 7	 4	 12.180158	 0.288429
5	 3	 7	 5	 13.417558	 1.111480
5	 3	 7	 6	 8.920578	 3.777730
5	 4	 1	 1	 15.610775	 4.590380
5	 4	 1	 2	 14.559375	 0.428280
5	 4	 1	 3	 10.581605	 0.050407
5	 4	 1	 4	 11.426875	 0.034539
5	 4	 1	 5	 12.054675	 0.032662
5	 4	 1	 6	 11.006545	 0.026378
5	 4	 2	 1	 11.239675	 0.027654
5	 4	 2	 2	 10.833195	 0.025229
5	 4	 2	 3	 10.638755	 0.026043
5	 4	 2	 4	 10.208665	 0.025885
5	 4	 2	 5	 11.481175	 0.028191
5	 4	 2	 6	 12.428475	 2.125850
5	 4	 3	 1	 11.249075	 0.031081
5	 4	 3	 2	 11.819075	 0.032930
5	 4	 3	 3	 10.925295	 0.035962
5	 4	 3	 4	 10.814965	 0.035075
5	 4	 3	 5	 10.831575	 0.038374
5	 4	 3	 6	 11.244875	 0.043358
5	 4	 4	 1	 12.543675	 0.049715
5	 4	 4	 2	 11.624475	 0.048307
5	 4	 4	 3	 10.824345	 0.050522
5	 4	 4	 4	 11.183855	 0.044946
5	 4	 4	 5	 12.567575	 0.051190
5	 4	 4	 6	 11.507875	 0.058800
5	 4	 5	 1	 11.656675	 0.057336
5	 4	 5	 2	 12.655775	 0.084945
5	 4	 5	 3	 10.343115	 0.082710
5	 4	 5	 4	 12.068875	 0.091093
5	 4	 5	 5	 14.580375	 0.328400
5	 4	 5	 6	 13.165775	 0.130779
5	 4	 6	 1	 13.530575	 0.367969
5	 4	 6	 2	 13.096075	 0.150596
5	 4	 6	 3	 10.418105	 0.202584
5	 4	 6	 4	 10.503035	 0.281460
5	 4	 6	 5	 10.047675	 0.128540
5	 4	 6	 6	 7.719635	 0.493827
5	 4	 7	 1	 10.532645	 2.146940
5	 4	 7	 2	 17.892675	 4.407000
5	 4	 7	 3	 10.844165	 0.910163
5	 4	 7	 4	 5.525965	 1.356980
5	 4	 7	 5	 17.892675	 4.407000
5	 4	 7	 6	 17.892675	 4.407000
5	 5	 1	 1	 34.894995	 3.359150
5	 5	 1	 2	 45.598195	 23.172000
5	 5	 1	 3	 51.009395	 0.050625
5	 5	 1	 4	 51.038295	 0.045183
5	 5	 1	 5	 50.258295	 0.035349
5	 5	 1	 6	 49.994795	 0.032934
5	 5	 2	 1	 53.588195	 0.014233
5	 5	 2	 2	 53.617795	 0.011176
5	 5	 2	 3	 54.731295	 0.009650
5	 5	 2	 4	 51.094395	 0.027284
5	 5	 2	 5	 52.008695	 0.029603
5	 5	 2	 6	 52.979095	 0.032365
5	 5	 3	 1	 51.937095	 0.034933
5	 5	 3	 2	 51.699395	 0.035655
5	 5	 3	 3	 52.388995	 0.041428
5	 5	 3	 4	 49.860795	 0.040901
5	 5	 3	 5	 53.845895	 0.048712
5	 5	 3	 6	 51.787395	 0.058222
5	 5	 4	 1	 50.359095	 0.059242
5	 5	 4	 2	 50.826195	 0.062409
5	 5	 4	 3	 50.810695	 0.070578
5	 5	 4	 4	 48.621795	 0.068545
5	 5	 4	 5	 50.449995	 0.088016
5	 5	 4	 6	 48.992695	 0.088589
5	 5	 5	 1	 48.576395	 0.112701
5	 5	 5	 2	 51.744995	 0.202752
5	 5	 5	 3	 47.546095	 0.149840
5	 5	 5	 4	 49.083795	 0.170121
5	 5	 5	 5	 49.466395	 0.242077
5	 5	 5	 6	 50.354695	 0.482212
5	 5	 6	 1	 38.300495	 0.465497
5	 5	 6	 2	 47.375895	 0.346050
5	 5	 6	 3	 49.381695	 5.697000
5	 5	 6	 4	 47.052195	 0.449941
5	 5	 6	 5	 51.288695	 15.424000
5	 5	 6	 6	 51.288695	 15.424000
5	 5	 7	 1	 39.388895	 0.892900
5	 5	 7	 2	 51.288695	 15.424000
5	 5	 7	 3	 47.011295	 0.881924
5	 5	 7	 4	 51.818395	 12.138100
5	 5	 7	 5	 42.908195	 3.377560
5	 5	 7	 6	 57.134395	 11.686400
5	 6	 1	 1	 42.089154	 0.417408
5	 6	 1	 2	 45.069454	 0.094424
5	 6	 1	 3	 45.764354	 0.062554
5	 6	 1	 4	 45.159854	 0.054656
5	 6	 1	 5	 46.514154	 0.044206
5	 6	 1	 6	 44.678454	 0.037146
5	 6	 2	 1	 50.108354	 0.031030
5	 6	 2	 2	 47.844054	 0.025148
5	 6	 2	 3	 47.741454	 0.018562
5	 6	 2	 4	 49.790854	 0.024725
5	 6	 2	 5	 50.194754	 0.029467
5	 6	 2	 6	 50.419554	 0.029231
5	 6	 3	 1	 49.257354	 0.030198
5	 6	 3	 2	 49.845854	 0.036026
5	 6	 3	 3	 48.695154	 0.010124
5	 6	 3	 4	 47.818454	 0.075406
5	 6	 3	 5	 48.104454	 0.048646
5	 6	 3	 6	 47.866854	 0.051851
5	 6	 4	 1	 46.875854	 0.077243
5	 6	 4	 2	 47.677254	 0.066982
5	 6	 4	 3	 47.538754	 0.015199
5	 6	 4	 4	 56.478654	 3.394540
5	 6	 4	 5	 51.815054	 0.080715
5	 6	 4	 6	 50.158754	 0.112174
5	 6	 5	 1	 47.727854	 0.149887
5	 6	 5	 2	 47.374854	 0.128262
5	 6	 5	 3	 49.019354	 0.143778
5	 6	 5	 4	 50.569954	 0.186837
5	 6	 5	 5	 52.224254	 0.260926
5	 6	 5	 6	 50.607954	 0.283286
5	 6	 6	 1	 48.461054	 0.244639
5	 6	 6	 2	 48.156354	 0.144855
5	 6	 6	 3	 50.345054	 0.123673
5	 6	 6	 4	 48.612054	 0.647374
5	 6	 6	 5	 49.193754	 6.187000
5	 6	 6	 6	 36.610054	 0.910148
5	 6	 7	 1	 49.303254	 1.801600
5	 6	 7	 2	 52.937754	 8.904000
5	 6	 7	 3	 38.553954	 1.052270
5	 6	 7	 4	 42.511054	 1.688950
5	 6	 7	 5	 51.456954	 1.536170
5	 6	 7	 6	 80.355854	 176.966000
6	 1	 1	 1	 5.753044	 0.034791
6	 1	 1	 2	 6.008684	 0.019298
6	 1	 1	 3	 4.585924	 0.015945
6	 1	 1	 4	 9.287864	 0.019634
6	 1	 1	 5	 10.244624	 0.019790
6	 1	 1	 6	 10.905834	 0.019815
6	 1	 2	 1	 8.503734	 0.018294
6	 1	 2	 2	 8.337974	 0.017413
6	 1	 2	 3	 8.600084	 0.017245
6	 1	 2	 4	 8.622314	 0.017927
6	 1	 2	 5	 9.179364	 0.015437
6	 1	 2	 6	 8.583284	 0.020391
6	 1	 3	 1	 8.085774	 0.018037
6	 1	 3	 2	 8.334924	 0.018996
6	 1	 3	 3	 7.787374	 0.022516
6	 1	 3	 4	 6.776574	 0.021581
6	 1	 3	 5	 8.223924	 0.020765
6	 1	 3	 6	 6.719674	 0.021217
6	 1	 4	 1	 9.773574	 0.025257
6	 1	 4	 2	 9.381154	 0.025423
6	 1	 4	 3	 9.446134	 0.023024
6	 1	 4	 4	 10.618614	 0.032124
6	 1	 4	 5	 9.585164	 0.025889
6	 1	 4	 6	 10.802914	 0.030729
6	 1	 5	 1	 5.217464	 0.028715
6	 1	 5	 2	 7.395564	 0.030018
6	 1	 5	 3	 4.173254	 0.028739
6	 1	 5	 4	 9.579374	 0.041320
6	 1	 5	 5	 9.544354	 0.040583
6	 1	 5	 6	 10.127784	 0.043048
6	 1	 6	 1	 6.888394	 0.053854
6	 1	 6	 2	 7.199614	 0.058718
6	 1	 6	 3	 6.368144	 0.059449
6	 1	 6	 4	 4.955224	 0.062354
6	 1	 6	 5	 4.769734	 0.081195
6	 1	 6	 6	 5.761724	 0.092542
6	 1	 7	 1	 7.013554	 0.108113
6	 1	 7	 2	 9.348004	 0.141363
6	 1	 7	 3	 7.190354	 0.120706
6	 1	 7	 4	 8.141794	 0.130825
6	 1	 7	 5	 7.730944	 0.095615
6	 1	 7	 6	 8.369994	 0.047324
6	 2	 1	 1	 12.523740	 0.079804
6	 2	 1	 2	 11.377560	 0.026848
6	 2	 1	 3	 8.865320	 0.019732
6	 2	 1	 4	 10.464300	 0.019143
6	 2	 1	 5	 8.889930	 0.021253
6	 2	 1	 6	 8.396150	 0.019153
6	 2	 2	 1	 7.705230	 0.018587
6	 2	 2	 2	 8.168430	 0.018177
6	 2	 2	 3	 6.607680	 0.018581
6	 2	 2	 4	 8.030330	 0.017492
6	 2	 2	 5	 9.181360	 0.019081
6	 2	 2	 6	 9.373670	 0.020081
6	 2	 3	 1	 7.937550	 0.019018
6	 2	 3	 2	 8.922980	 0.021618
6	 2	 3	 3	 7.448810	 0.020809
6	 2	 3	 4	 7.963300	 0.021671
6	 2	 3	 5	 7.579720	 0.022965
6	 2	 3	 6	 6.502310	 0.023995
6	 2	 4	 1	 9.607000	 0.023737
6	 2	 4	 2	 9.190340	 0.033436
6	 2	 4	 3	 9.659040	 0.034136
6	 2	 4	 4	 6.996500	 0.025464
6	 2	 4	 5	 6.769250	 0.027850
6	 2	 4	 6	 7.231260	 0.030708
6	 2	 5	 1	 7.705280	 0.031176
6	 2	 5	 2	 12.089130	 0.037662
6	 2	 5	 3	 10.026650	 0.039949
6	 2	 5	 4	 5.733010	 0.074995
6	 2	 5	 5	 7.783320	 0.042344
6	 2	 5	 6	 7.871080	 0.051302
6	 2	 6	 1	 5.773610	 0.045962
6	 2	 6	 2	 6.092950	 0.062503
6	 2	 6	 3	 6.267960	 0.051247
6	 2	 6	 4	 11.014090	 0.090012
6	 2	 6	 5	 10.571380	 0.102377
6	 2	 6	 6	 10.859430	 0.115892
6	 2	 7	 1	 9.650690	 0.098149
6	 2	 7	 2	 10.797680	 0.143137
6	 2	 7	 3	 8.842680	 0.192677
6	 2	 7	 4	 3.394900	 0.147430
6	 2	 7	 5	 6.017670	 0.179757
6	 2	 7	 6	 5.087190	 0.222671
6	 3	 1	 1	 -26.516982	 2.345780
6	 3	 1	 2	 -26.443282	 0.082366
6	 3	 1	 3	 -28.132482	 1.421300
6	 3	 1	 4	 -27.510482	 0.033538
6	 3	 1	 5	 -27.875982	 0.030564
6	 3	 1	 6	 -28.198282	 0.017684
6	 3	 2	 1	 -26.886282	 0.024512
6	 3	 2	 2	 -26.678682	 0.025581
6	 3	 2	 3	 -28.916382	 0.036365
6	 3	 2	 4	 -28.445982	 0.027271
6	 3	 2	 5	 -26.919182	 0.028299
6	 3	 2	 6	 -28.283482	 0.027810
6	 3	 3	 1	 -28.030082	 0.014068
6	 3	 3	 2	 -27.450982	 0.030488
6	 3	 3	 3	 -28.947082	 0.031119
6	 3	 3	 4	 -28.676182	 0.031369
6	 3	 3	 5	 -27.013382	 0.033271
6	 3	 3	 6	 -26.544482	 0.037764
6	 3	 4	 1	 -28.177582	 0.034042
6	 3	 4	 2	 -27.407882	 0.037851
6	 3	 4	 3	 -28.119982	 0.042669
6	 3	 4	 4	 -28.071582	 0.042085
6	 3	 4	 5	 -27.088782	 0.046865
6	 3	 4	 6	 -26.827082	 0.051965
6	 3	 5	 1	 -27.043082	 0.053014
6	 3	 5	 2	 -25.521182	 0.060807
6	 3	 5	 3	 -25.067782	 0.080628
6	 3	 5	 4	 -27.918682	 0.078875
6	 3	 5	 5	 -26.191982	 0.091227
6	 3	 5	 6	 -25.174382	 0.082762
6	 3	 6	 1	 -25.618682	 0.105007
6	 3	 6	 2	 -25.049382	 0.127494
6	 3	 6	 3	 -26.087782	 0.158763
6	 3	 6	 4	 -27.603082	 0.151601
6	 3	 6	 5	 -26.153782	 0.233418
6	 3	 6	 6	 -25.373282	 0.174288
6	 3	 7	 1	 -25.096882	 1.869000
6	 3	 7	 2	 -25.998182	 9.906900
6	 3	 7	 3	 -29.345082	 0.749895
6	 3	 7	 4	 -28.856782	 0.892460
6	 3	 7	 5	 -29.589782	 1.479960
6	 3	 7	 6	 -36.343282	 2.732220
6	 4	 1	 1	 -15.547750	 1.202000
6	 4	 1	 2	 -27.413050	 0.147039
6	 4	 1	 3	 -27.897550	 0.055938
6	 4	 1	 4	 -27.387750	 0.031462
6	 4	 1	 5	 -27.160750	 0.030099
6	 4	 1	 6	 -26.698450	 0.022260
6	 4	 2	 1	 -27.474650	 0.026540
6	 4	 2	 2	 -27.773450	 0.026488
6	 4	 2	 3	 -27.967150	 0.025467
6	 4	 2	 4	 -28.069450	 0.034846
6	 4	 2	 5	 -28.388050	 0.027870
6	 4	 2	 6	 -28.298350	 0.029965
6	 4	 3	 1	 -26.501950	 0.029933
6	 4	 3	 2	 -28.421550	 0.031263
6	 4	 3	 3	 -28.553850	 0.033697
6	 4	 3	 4	 -27.859750	 0.036599
6	 4	 3	 5	 -27.225650	 0.039379
6	 4	 3	 6	 -26.824550	 0.036805
6	 4	 4	 1	 -27.804450	 0.043317
6	 4	 4	 2	 -27.721350	 0.047085
6	 4	 4	 3	 -27.401650	 0.056759
6	 4	 4	 4	 -27.547750	 0.076477
6	 4	 4	 5	 -26.849550	 0.063203
6	 4	 4	 6	 -27.526250	 0.066026
6	 4	 5	 1	 -26.739250	 0.065763
6	 4	 5	 2	 -27.042950	 0.063933
6	 4	 5	 3	 -27.444450	 0.077140
6	 4	 5	 4	 -27.114150	 0.092803
6	 4	 5	 5	 -27.725450	 0.100714
6	 4	 5	 6	 -27.876850	 0.090337
6	 4	 6	 1	 -27.238050	 0.129292
6	 4	 6	 2	 -28.607350	 0.062829
6	 4	 6	 3	 -27.546750	 0.080026
6	 4	 6	 4	 -28.563350	 0.385480
6	 4	 6	 5	 -29.985050	 0.391772
6	 4	 6	 6	 -30.286150	 0.422999
6	 4	 7	 1	 -28.289550	 0.106700
6	 4	 7	 2	 -31.364150	 0.653589
6	 4	 7	 3	 -33.589850	 0.810159
6	 4	 7	 4	 -32.535950	 1.583650
6	 4	 7	 5	 -33.913150	 1.784530
6	 4	 7	 6	 -34.620550	 2.707830
6	 5	 1	 1	 11.064316	 2.964480
6	 5	 1	 2	 23.722316	 0.211970
6	 5	 1	 3	 21.816316	 0.099897
6	 5	 1	 4	 25.391116	 0.058529
6	 5	 1	 5	 27.228016	 0.046662
6	 5	 1	 6	 26.416116	 0.036977
6	 5	 2	 1	 23.058316	 0.013248
6	 5	 2	 2	 26.046316	 0.060359
6	 5	 2	 3	 21.979116	 0.011507
6	 5	 2	 4	 28.154916	 0.035060
6	 5	 2	 5	 27.968316	 0.013088
6	 5	 2	 6	 25.669316	 0.032647
6	 5	 3	 1	 24.863516	 0.033142
6	 5	 3	 2	 23.814216	 0.037002
6	 5	 3	 3	 23.446016	 0.042181
6	 5	 3	 4	 23.635816	 0.045811
6	 5	 3	 5	 25.320216	 0.054399
6	 5	 3	 6	 26.239316	 0.062693
6	 5	 4	 1	 27.835916	 0.067746
6	 5	 4	 2	 30.266916	 0.061982
6	 5	 4	 3	 29.531016	 0.074099
6	 5	 4	 4	 24.414616	 0.082702
6	 5	 4	 5	 23.400116	 0.093083
6	 5	 4	 6	 26.609316	 0.117948
6	 5	 5	 1	 24.203416	 0.104557
6	 5	 5	 2	 25.801316	 0.107201
6	 5	 5	 3	 22.548716	 0.190753
6	 5	 5	 4	 20.897016	 0.427252
6	 5	 5	 5	 23.690316	 0.502583
6	 5	 5	 6	 23.861616	 0.320080
6	 5	 6	 1	 19.327516	 0.371811
6	 5	 6	 2	 14.572216	 0.470465
6	 5	 6	 3	 11.141816	 0.575848
6	 5	 6	 4	 23.690816	 4.279000
6	 5	 6	 5	 19.974716	 1.250090
6	 5	 6	 6	 20.299916	 0.217657
6	 5	 7	 1	 22.895816	 6.854000
6	 5	 7	 2	 17.253316	 0.802511
6	 5	 7	 3	 22.895816	 6.854000
6	 5	 7	 4	 15.098216	 1.783080
6	 5	 7	 5	 13.828816	 2.687400
6	 5	 7	 6	 30.856216	 5.761190
6	 6	 1	 1	 15.231091	 1.264610
6	 6	 1	 2	 25.703191	 1.191000
6	 6	 1	 3	 19.168291	 0.127236
6	 6	 1	 4	 20.974891	 0.068081
6	 6	 1	 5	 20.659591	 0.052622
6	 6	 1	 6	 20.971891	 0.042894
6	 6	 2	 1	 20.165691	 0.033758
6	 6	 2	 2	 19.551891	 0.034200
6	 6	 2	 3	 18.880091	 0.029898
6	 6	 2	 4	 19.932291	 2.602030
6	 6	 2	 5	 17.998791	 0.027898
6	 6	 2	 6	 18.550291	 0.031292
6	 6	 3	 1	 22.118591	 0.048344
6	 6	 3	 2	 20.824391	 0.050385
6	 6	 3	 3	 20.865291	 0.049772
6	 6	 3	 4	 14.898391	 0.070487
6	 6	 3	 5	 19.351791	 0.056437
6	 6	 3	 6	 19.360991	 0.061063
6	 6	 4	 1	 20.551791	 0.078784
6	 6	 4	 2	 19.644991	 0.079782
6	 6	 4	 3	 21.148791	 0.085134
6	 6	 4	 4	 20.586091	 2.171060
6	 6	 4	 5	 21.800091	 0.110031
6	 6	 4	 6	 20.497291	 0.128821
6	 6	 5	 1	 23.546791	 0.128411
6	 6	 5	 2	 23.540091	 0.134130
6	 6	 5	 3	 25.087791	 0.174956
6	 6	 5	 4	 22.244091	 0.211571
6	 6	 5	 5	 25.915491	 0.197305
6	 6	 5	 6	 11.449591	 0.477421
6	 6	 6	 1	 22.180791	 0.145203
6	 6	 6	 2	 7.585661	 0.468026
6	 6	 6	 3	 8.175921	 0.517495
6	 6	 6	 4	 9.892431	 0.623637
6	 6	 6	 5	 14.051491	 0.105891
6	 6	 6	 6	 23.860791	 0.600396
6	 6	 7	 1	 19.965591	 3.289930
6	 6	 7	 2	 12.503291	 0.876249
6	 6	 7	 3	 30.771191	 22.491300
6	 6	 7	 4	 23.129191	 3.904000
6	 6	 7	 5	 28.822291	 2.298580
6	 6	 7	 6	 42.808291	 16.587400
