#& Sector Superlayer Slot Cable T0Correction T0Error
1	 1	 1	 1	 2.496476	 0.026925
1	 1	 1	 2	 3.919674	 0.017755
1	 1	 1	 3	 3.628762	 0.011387
1	 1	 1	 4	 2.546616	 0.014589
1	 1	 1	 5	 3.959864	 0.016166
1	 1	 1	 6	 4.317382	 0.017966
1	 1	 2	 1	 3.408955	 0.004691
1	 1	 2	 2	 3.512317	 0.011439
1	 1	 2	 3	 5.435349	 0.015370
1	 1	 2	 4	 4.258356	 0.015429
1	 1	 2	 5	 4.891019	 0.016019
1	 1	 2	 6	 5.316689	 0.016242
1	 1	 3	 1	 4.302872	 0.016101
1	 1	 3	 2	 6.977009	 0.023866
1	 1	 3	 3	 3.731125	 0.017734
1	 1	 3	 4	 3.730828	 0.019505
1	 1	 3	 5	 5.736319	 0.020104
1	 1	 3	 6	 5.479279	 0.021515
1	 1	 4	 1	 4.830709	 0.021526
1	 1	 4	 2	 6.004409	 0.023417
1	 1	 4	 3	 2.345719	 0.035467
1	 1	 4	 4	 2.759199	 0.022901
1	 1	 4	 5	 4.413679	 0.024544
1	 1	 4	 6	 5.630469	 0.028295
1	 1	 5	 1	 6.045289	 0.027855
1	 1	 5	 2	 3.906194	 0.031542
1	 1	 5	 3	 5.853039	 0.033236
1	 1	 5	 4	 6.239959	 0.036712
1	 1	 5	 5	 5.806449	 0.039272
1	 1	 5	 6	 6.269999	 0.042458
1	 1	 6	 1	 6.630709	 0.063593
1	 1	 6	 2	 6.462779	 0.030817
1	 1	 6	 3	 6.032489	 0.065940
1	 1	 6	 4	 4.686339	 0.055702
1	 1	 6	 5	 5.730099	 0.082849
1	 1	 6	 6	 6.263379	 0.100727
1	 1	 7	 1	 6.596909	 0.102668
1	 1	 7	 2	 7.745279	 0.153868
1	 1	 7	 3	 4.728809	 0.126261
1	 1	 7	 4	 7.441799	 0.043473
1	 1	 7	 5	 3.932114	 0.131229
1	 1	 7	 6	 5.071119	 0.220162
1	 2	 1	 1	 -18.925789	 0.015213
1	 2	 1	 2	 -18.095789	 0.019937
1	 2	 1	 3	 -18.929389	 0.020746
1	 2	 1	 4	 -18.657489	 0.033656
1	 2	 1	 5	 -18.781489	 0.020968
1	 2	 1	 6	 -18.325089	 0.017526
1	 2	 2	 1	 -18.586189	 0.017882
1	 2	 2	 2	 -18.050689	 0.016686
1	 2	 2	 3	 -20.046289	 0.016662
1	 2	 2	 4	 -20.149889	 0.016433
1	 2	 2	 5	 -19.159889	 0.017910
1	 2	 2	 6	 -19.449589	 0.018158
1	 2	 3	 1	 -19.645189	 0.017321
1	 2	 3	 2	 -17.942689	 0.031051
1	 2	 3	 3	 -19.478189	 0.020154
1	 2	 3	 4	 -18.964889	 0.021081
1	 2	 3	 5	 -18.505589	 0.022248
1	 2	 3	 6	 -18.515989	 0.026564
1	 2	 4	 1	 -19.110889	 0.022660
1	 2	 4	 2	 -19.049289	 0.024665
1	 2	 4	 3	 -19.972989	 0.023390
1	 2	 4	 4	 -18.954789	 0.026681
1	 2	 4	 5	 -18.882189	 0.027085
1	 2	 4	 6	 -18.463289	 0.036670
1	 2	 5	 1	 -19.288489	 0.031412
1	 2	 5	 2	 -19.075489	 0.038390
1	 2	 5	 3	 -19.078389	 0.035246
1	 2	 5	 4	 -19.655989	 0.036730
1	 2	 5	 5	 -18.217889	 0.036861
1	 2	 5	 6	 -19.117389	 0.045449
1	 2	 6	 1	 -19.491789	 0.050838
1	 2	 6	 2	 -18.730689	 0.058813
1	 2	 6	 3	 -19.847089	 0.063557
1	 2	 6	 4	 -20.038389	 0.075553
1	 2	 6	 5	 -19.904389	 0.075428
1	 2	 6	 6	 -18.937689	 0.105442
1	 2	 7	 1	 -20.071289	 0.102732
1	 2	 7	 2	 -18.978389	 0.143885
1	 2	 7	 3	 -19.650189	 0.142191
1	 2	 7	 4	 -20.837589	 0.135391
1	 2	 7	 5	 -19.380389	 0.176544
1	 2	 7	 6	 -21.678789	 0.152579
1	 3	 1	 1	 -15.200306	 3.818290
1	 3	 1	 2	 -13.988806	 0.073424
1	 3	 1	 3	 -16.550706	 0.032217
1	 3	 1	 4	 -16.533106	 0.029691
1	 3	 1	 5	 -16.208606	 0.027174
1	 3	 1	 6	 -15.541806	 0.027887
1	 3	 2	 1	 -16.774006	 0.028137
1	 3	 2	 2	 -15.782506	 0.026589
1	 3	 2	 3	 -16.981306	 0.028799
1	 3	 2	 4	 -15.957906	 0.024747
1	 3	 2	 5	 -15.204806	 0.027208
1	 3	 2	 6	 -15.431206	 0.028262
1	 3	 3	 1	 -16.669306	 0.027344
1	 3	 3	 2	 -15.882506	 0.043382
1	 3	 3	 3	 -15.878106	 0.033937
1	 3	 3	 4	 -16.224306	 0.034081
1	 3	 3	 5	 -15.757106	 0.032697
1	 3	 3	 6	 -14.684906	 0.035054
1	 3	 4	 1	 -15.396106	 0.038213
1	 3	 4	 2	 -15.422806	 0.040526
1	 3	 4	 3	 -15.677806	 0.048464
1	 3	 4	 4	 -16.133606	 0.045850
1	 3	 4	 5	 -14.310406	 0.052486
1	 3	 4	 6	 -15.095906	 0.052187
1	 3	 5	 1	 -14.228606	 0.062650
1	 3	 5	 2	 -15.060206	 0.068546
1	 3	 5	 3	 -14.788306	 0.070909
1	 3	 5	 4	 -14.780906	 0.077177
1	 3	 5	 5	 -13.874306	 0.124744
1	 3	 5	 6	 -14.394106	 0.123062
1	 3	 6	 1	 -15.494206	 0.154873
1	 3	 6	 2	 -16.016406	 0.111099
1	 3	 6	 3	 -14.704806	 0.170783
1	 3	 6	 4	 -15.757906	 0.131280
1	 3	 6	 5	 -15.157906	 0.558248
1	 3	 6	 6	 -16.160206	 0.941267
1	 3	 7	 1	 -15.228006	 0.053604
1	 3	 7	 2	 -14.968406	 0.317304
1	 3	 7	 3	 -19.446206	 0.710913
1	 3	 7	 4	 -20.652306	 0.994972
1	 3	 7	 5	 -19.241206	 1.749730
1	 3	 7	 6	 -22.219906	 3.606850
1	 4	 1	 1	 -24.538901	 14.528700
1	 4	 1	 2	 -17.652001	 0.162276
1	 4	 1	 3	 -16.195801	 0.051202
1	 4	 1	 4	 -17.039601	 0.036478
1	 4	 1	 5	 -16.289201	 0.026415
1	 4	 1	 6	 -16.101301	 0.028198
1	 4	 2	 1	 -17.389801	 0.025591
1	 4	 2	 2	 -16.560801	 0.026129
1	 4	 2	 3	 -16.863001	 0.026461
1	 4	 2	 4	 -17.438901	 0.026922
1	 4	 2	 5	 -16.927501	 0.028957
1	 4	 2	 6	 -17.264801	 0.031303
1	 4	 3	 1	 -16.446201	 0.031482
1	 4	 3	 2	 -18.055901	 0.033037
1	 4	 3	 3	 -17.729201	 0.031253
1	 4	 3	 4	 -16.996301	 0.036175
1	 4	 3	 5	 -16.509801	 0.036323
1	 4	 3	 6	 -16.182001	 0.040724
1	 4	 4	 1	 -16.889601	 0.039475
1	 4	 4	 2	 -16.694501	 0.040450
1	 4	 4	 3	 -17.178501	 0.046094
1	 4	 4	 4	 -18.112701	 0.044147
1	 4	 4	 5	 -16.437401	 0.049521
1	 4	 4	 6	 -16.400501	 0.055545
1	 4	 5	 1	 -17.621001	 0.059031
1	 4	 5	 2	 -18.127001	 0.067481
1	 4	 5	 3	 -17.037401	 0.072034
1	 4	 5	 4	 -17.329401	 0.087903
1	 4	 5	 5	 -16.890501	 0.108222
1	 4	 5	 6	 -16.357501	 0.124205
1	 4	 6	 1	 -17.600001	 0.102324
1	 4	 6	 2	 -18.532401	 0.116043
1	 4	 6	 3	 -17.218501	 0.166741
1	 4	 6	 4	 -19.285401	 0.328302
1	 4	 6	 5	 -18.811801	 0.375588
1	 4	 6	 6	 -18.725401	 0.125591
1	 4	 7	 1	 -16.254701	 0.180590
1	 4	 7	 2	 -18.408301	 0.683434
1	 4	 7	 3	 -20.007501	 0.902941
1	 4	 7	 4	 -23.518901	 1.971960
1	 4	 7	 5	 -9.129501	 99.887500
1	 4	 7	 6	 -21.286601	 2.748620
1	 5	 1	 1	 5.735097	 5.943560
1	 5	 1	 2	 27.481437	 0.037361
1	 5	 1	 3	 28.585837	 0.017739
1	 5	 1	 4	 27.445437	 0.012902
1	 5	 1	 5	 27.626637	 0.019533
1	 5	 1	 6	 28.740837	 0.018420
1	 5	 2	 1	 27.610637	 0.016346
1	 5	 2	 2	 30.197437	 0.023073
1	 5	 2	 3	 29.346637	 0.018948
1	 5	 2	 4	 27.553037	 0.010864
1	 5	 2	 5	 27.883937	 0.016378
1	 5	 2	 6	 29.545537	 0.030024
1	 5	 3	 1	 28.977037	 0.030526
1	 5	 3	 2	 30.912637	 0.034463
1	 5	 3	 3	 30.654037	 0.037219
1	 5	 3	 4	 29.651437	 0.040539
1	 5	 3	 5	 29.070937	 0.046823
1	 5	 3	 6	 30.961537	 0.054228
1	 5	 4	 1	 29.745237	 0.062739
1	 5	 4	 2	 28.230037	 0.062136
1	 5	 4	 3	 29.229837	 0.074309
1	 5	 4	 4	 28.858437	 0.086689
1	 5	 4	 5	 28.233837	 0.098194
1	 5	 4	 6	 30.173737	 0.113600
1	 5	 5	 1	 29.467037	 0.106213
1	 5	 5	 2	 28.697337	 0.119125
1	 5	 5	 3	 28.473637	 0.238216
1	 5	 5	 4	 27.333837	 0.185382
1	 5	 5	 5	 31.327237	 0.297304
1	 5	 5	 6	 27.883137	 0.212095
1	 5	 6	 1	 25.238537	 0.237034
1	 5	 6	 2	 26.830937	 0.624763
1	 5	 6	 3	 22.500337	 0.057410
1	 5	 6	 4	 21.836637	 0.713254
1	 5	 6	 5	 20.857137	 0.743962
1	 5	 6	 6	 20.943237	 2.615300
1	 5	 7	 1	 41.654837	 52.194600
1	 5	 7	 2	 21.109037	 1.433250
1	 5	 7	 3	 17.446337	 1.953950
1	 5	 7	 4	 33.583637	 7.634000
1	 5	 7	 5	 40.277737	 0.866746
1	 5	 7	 6	 43.811437	 13.204500
1	 6	 1	 1	 19.649049	 1.330310
1	 6	 1	 2	 22.050349	 0.102320
1	 6	 1	 3	 21.793349	 0.036913
1	 6	 1	 4	 23.357649	 0.036847
1	 6	 1	 5	 26.412249	 0.043838
1	 6	 1	 6	 21.800249	 0.023278
1	 6	 2	 1	 22.802549	 0.018491
1	 6	 2	 2	 22.733749	 0.012555
1	 6	 2	 3	 21.747249	 0.019343
1	 6	 2	 4	 21.633549	 0.012207
1	 6	 2	 5	 22.354449	 0.022217
1	 6	 2	 6	 21.696949	 0.014547
1	 6	 3	 1	 23.256449	 0.020414
1	 6	 3	 2	 23.590349	 0.036581
1	 6	 3	 3	 23.525549	 0.041609
1	 6	 3	 4	 23.457649	 0.045265
1	 6	 3	 5	 22.796449	 0.047699
1	 6	 3	 6	 21.878049	 0.056636
1	 6	 4	 1	 23.423049	 0.063720
1	 6	 4	 2	 23.422649	 0.073669
1	 6	 4	 3	 23.692149	 0.074448
1	 6	 4	 4	 24.041649	 0.084452
1	 6	 4	 5	 26.858649	 0.084651
1	 6	 4	 6	 23.288349	 0.109905
1	 6	 5	 1	 28.119149	 0.122820
1	 6	 5	 2	 28.360249	 0.166351
1	 6	 5	 3	 26.155849	 0.089847
1	 6	 5	 4	 27.407249	 0.130531
1	 6	 5	 5	 28.005549	 0.198071
1	 6	 5	 6	 22.750949	 0.342879
1	 6	 6	 1	 25.601249	 0.561410
1	 6	 6	 2	 17.735149	 0.424999
1	 6	 6	 3	 30.099549	 0.165570
1	 6	 6	 4	 19.078549	 0.566717
1	 6	 6	 5	 20.269049	 0.829000
1	 6	 6	 6	 25.505949	 2.250170
1	 6	 7	 1	 21.009549	 1.027210
1	 6	 7	 2	 27.999449	 5.225000
1	 6	 7	 3	 36.517149	 17.593800
1	 6	 7	 4	 23.054149	 1.876520
1	 6	 7	 5	 27.420149	 3.214290
1	 6	 7	 6	 27.999449	 5.225000
2	 1	 1	 1	 14.307893	 0.046275
2	 1	 1	 2	 13.870393	 0.022351
2	 1	 1	 3	 14.407693	 0.020454
2	 1	 1	 4	 12.200383	 0.023326
2	 1	 1	 5	 14.008293	 0.033377
2	 1	 1	 6	 13.389793	 0.027570
2	 1	 2	 1	 12.044953	 0.020709
2	 1	 2	 2	 13.792593	 0.018227
2	 1	 2	 3	 14.069193	 0.018263
2	 1	 2	 4	 15.334293	 0.020313
2	 1	 2	 5	 16.981293	 0.018377
2	 1	 2	 6	 19.012493	 0.021097
2	 1	 3	 1	 14.857093	 0.021055
2	 1	 3	 2	 15.384093	 0.021641
2	 1	 3	 3	 14.580193	 0.022196
2	 1	 3	 4	 15.362993	 0.025132
2	 1	 3	 5	 15.458693	 0.023824
2	 1	 3	 6	 13.444993	 0.022961
2	 1	 4	 1	 13.884993	 0.020630
2	 1	 4	 2	 14.987993	 0.024310
2	 1	 4	 3	 13.716293	 0.033060
2	 1	 4	 4	 13.530293	 0.024761
2	 1	 4	 5	 14.994593	 0.024808
2	 1	 4	 6	 14.929493	 0.027885
2	 1	 5	 1	 14.102293	 0.032849
2	 1	 5	 2	 15.238693	 0.033238
2	 1	 5	 3	 14.315593	 0.028862
2	 1	 5	 4	 15.432893	 0.035329
2	 1	 5	 5	 15.450093	 0.038114
2	 1	 5	 6	 14.801193	 0.044027
2	 1	 6	 1	 14.579193	 0.038805
2	 1	 6	 2	 18.409793	 0.011630
2	 1	 6	 3	 16.386393	 1.500780
2	 1	 6	 4	 12.788693	 0.069201
2	 1	 6	 5	 12.270363	 0.074272
2	 1	 6	 6	 20.094993	 0.197277
2	 1	 7	 1	 11.980543	 0.167166
2	 1	 7	 2	 15.426393	 0.138212
2	 1	 7	 3	 14.199093	 0.166562
2	 1	 7	 4	 13.433493	 0.063647
2	 1	 7	 5	 13.225593	 0.222250
2	 1	 7	 6	 16.985693	 0.193318
2	 2	 1	 1	 18.109652	 0.059361
2	 2	 1	 2	 18.475352	 0.022215
2	 2	 1	 3	 17.489452	 0.020466
2	 2	 1	 4	 17.862052	 0.023015
2	 2	 1	 5	 17.842752	 0.022152
2	 2	 1	 6	 16.911752	 0.020084
2	 2	 2	 1	 20.888552	 0.020193
2	 2	 2	 2	 20.046352	 0.019491
2	 2	 2	 3	 19.072152	 0.018349
2	 2	 2	 4	 20.228252	 0.019191
2	 2	 2	 5	 15.936752	 0.017772
2	 2	 2	 6	 17.456352	 0.018452
2	 2	 3	 1	 13.979152	 0.019974
2	 2	 3	 2	 16.646952	 0.018855
2	 2	 3	 3	 13.951452	 0.020326
2	 2	 3	 4	 13.229852	 0.028657
2	 2	 3	 5	 13.653352	 0.020935
2	 2	 3	 6	 13.947952	 0.024500
2	 2	 4	 1	 16.864952	 0.024723
2	 2	 4	 2	 16.311252	 0.034955
2	 2	 4	 3	 17.574352	 0.027284
2	 2	 4	 4	 15.957452	 0.027858
2	 2	 4	 5	 19.047152	 0.032488
2	 2	 4	 6	 16.878552	 0.035482
2	 2	 5	 1	 12.780212	 0.030040
2	 2	 5	 2	 13.742652	 0.037303
2	 2	 5	 3	 13.725652	 0.034991
2	 2	 5	 4	 14.610052	 0.047008
2	 2	 5	 5	 13.639952	 0.046390
2	 2	 5	 6	 16.151852	 0.052736
2	 2	 6	 1	 15.946152	 0.054326
2	 2	 6	 2	 17.318552	 0.059018
2	 2	 6	 3	 15.228552	 0.060289
2	 2	 6	 4	 13.794552	 0.077988
2	 2	 6	 5	 16.161152	 0.083733
2	 2	 6	 6	 16.631452	 0.164073
2	 2	 7	 1	 14.921852	 0.146483
2	 2	 7	 2	 15.646652	 0.690234
2	 2	 7	 3	 18.350452	 0.313706
2	 2	 7	 4	 15.333652	 0.211912
2	 2	 7	 5	 15.909052	 0.257461
2	 2	 7	 6	 16.184252	 0.249777
2	 3	 1	 1	 30.700499	 2.363320
2	 3	 1	 2	 24.603099	 0.082556
2	 3	 1	 3	 23.750899	 0.045471
2	 3	 1	 4	 17.939199	 0.030521
2	 3	 1	 5	 17.744799	 0.029133
2	 3	 1	 6	 17.685899	 0.028629
2	 3	 2	 1	 19.168199	 0.024457
2	 3	 2	 2	 18.900299	 0.024969
2	 3	 2	 3	 18.339099	 0.026830
2	 3	 2	 4	 18.964399	 0.025870
2	 3	 2	 5	 19.609399	 0.027461
2	 3	 2	 6	 18.726799	 0.027239
2	 3	 3	 1	 17.917499	 0.028820
2	 3	 3	 2	 19.487499	 0.034596
2	 3	 3	 3	 19.097099	 0.029145
2	 3	 3	 4	 17.986099	 0.040635
2	 3	 3	 5	 17.719399	 0.041370
2	 3	 3	 6	 18.272699	 0.043994
2	 3	 4	 1	 20.185999	 0.036497
2	 3	 4	 2	 21.285599	 0.042341
2	 3	 4	 3	 19.006799	 0.048665
2	 3	 4	 4	 20.652599	 0.058847
2	 3	 4	 5	 20.581799	 0.047306
2	 3	 4	 6	 20.322699	 0.053359
2	 3	 5	 1	 19.143699	 0.056943
2	 3	 5	 2	 18.716499	 0.060848
2	 3	 5	 3	 19.700799	 0.074810
2	 3	 5	 4	 20.670999	 0.072571
2	 3	 5	 5	 19.616399	 0.105252
2	 3	 5	 6	 20.618399	 0.113773
2	 3	 6	 1	 19.653799	 0.109636
2	 3	 6	 2	 21.855399	 0.123075
2	 3	 6	 3	 18.602099	 0.073256
2	 3	 6	 4	 20.006299	 0.220489
2	 3	 6	 5	 20.039199	 0.230312
2	 3	 6	 6	 17.155299	 0.496099
2	 3	 7	 1	 16.534199	 0.522438
2	 3	 7	 2	 20.613799	 0.214053
2	 3	 7	 3	 15.811499	 0.798274
2	 3	 7	 4	 17.251899	 1.355320
2	 3	 7	 5	 21.254799	 9.533030
2	 3	 7	 6	 19.685599	 2.710580
2	 4	 1	 1	 33.931729	 6.497670
2	 4	 1	 2	 19.118329	 0.162418
2	 4	 1	 3	 18.551629	 0.062235
2	 4	 1	 4	 20.190929	 0.058303
2	 4	 1	 5	 18.065929	 0.035261
2	 4	 1	 6	 18.840829	 0.030044
2	 4	 2	 1	 17.215629	 0.029193
2	 4	 2	 2	 17.791929	 0.025379
2	 4	 2	 3	 18.268729	 0.029171
2	 4	 2	 4	 19.094529	 0.031265
2	 4	 2	 5	 18.501529	 0.030119
2	 4	 2	 6	 18.827129	 0.036485
2	 4	 3	 1	 17.837229	 0.034965
2	 4	 3	 2	 17.410129	 0.034855
2	 4	 3	 3	 18.593729	 0.036144
2	 4	 3	 4	 17.558529	 0.038900
2	 4	 3	 5	 17.901129	 0.045998
2	 4	 3	 6	 18.491729	 0.040019
2	 4	 4	 1	 16.836829	 0.043461
2	 4	 4	 2	 16.530029	 0.051908
2	 4	 4	 3	 17.588229	 0.057549
2	 4	 4	 4	 17.146329	 0.071496
2	 4	 4	 5	 18.092629	 0.058792
2	 4	 4	 6	 17.604229	 0.060749
2	 4	 5	 1	 17.173429	 0.067306
2	 4	 5	 2	 16.890729	 0.085841
2	 4	 5	 3	 14.501629	 1.042820
2	 4	 5	 4	 17.001429	 0.087666
2	 4	 5	 5	 17.055829	 0.147676
2	 4	 5	 6	 18.321329	 0.121574
2	 4	 6	 1	 18.825529	 0.207210
2	 4	 6	 2	 17.915529	 0.425495
2	 4	 6	 3	 17.109729	 0.433299
2	 4	 6	 4	 23.993229	 2.101000
2	 4	 6	 5	 18.667529	 0.298066
2	 4	 6	 6	 18.055229	 0.222373
2	 4	 7	 1	 24.042229	 2.804000
2	 4	 7	 2	 15.549929	 0.767783
2	 4	 7	 3	 14.585929	 0.981205
2	 4	 7	 4	 13.794629	 1.266970
2	 4	 7	 5	 15.137329	 1.997930
2	 4	 7	 6	 25.964229	 21.482100
2	 5	 1	 1	 14.658660	 1.543640
2	 5	 1	 2	 27.704360	 0.023863
2	 5	 1	 3	 26.978960	 0.051452
2	 5	 1	 4	 26.305760	 0.042090
2	 5	 1	 5	 28.830460	 0.010591
2	 5	 1	 6	 27.811760	 0.012624
2	 5	 2	 1	 27.755760	 0.008872
2	 5	 2	 2	 28.840660	 0.008067
2	 5	 2	 3	 28.878260	 0.009328
2	 5	 2	 4	 28.909660	 0.010527
2	 5	 2	 5	 30.944860	 0.031651
2	 5	 2	 6	 30.775560	 0.031355
2	 5	 3	 1	 31.704860	 0.033113
2	 5	 3	 2	 29.959160	 0.034956
2	 5	 3	 3	 31.692860	 0.041395
2	 5	 3	 4	 30.489560	 0.043544
2	 5	 3	 5	 31.175160	 0.052403
2	 5	 3	 6	 32.294660	 0.058558
2	 5	 4	 1	 31.558860	 0.064793
2	 5	 4	 2	 29.565160	 0.058858
2	 5	 4	 3	 28.952260	 0.070524
2	 5	 4	 4	 27.243460	 0.088530
2	 5	 4	 5	 29.904860	 0.085882
2	 5	 4	 6	 29.386960	 0.099895
2	 5	 5	 1	 28.241460	 0.117673
2	 5	 5	 2	 26.182760	 0.064352
2	 5	 5	 3	 26.984760	 0.194959
2	 5	 5	 4	 21.901760	 0.334476
2	 5	 5	 5	 31.780760	 0.444922
2	 5	 5	 6	 16.758760	 0.439217
2	 5	 6	 1	 16.042460	 0.599622
2	 5	 6	 2	 15.666360	 0.569938
2	 5	 6	 3	 17.161260	 0.734133
2	 5	 6	 4	 19.750760	 16.433000
2	 5	 6	 5	 18.165260	 0.965394
2	 5	 6	 6	 15.691260	 0.836154
2	 5	 7	 1	 30.442660	 4.388000
2	 5	 7	 2	 14.334560	 1.639410
2	 5	 7	 3	 15.458760	 3.114220
2	 5	 7	 4	 16.691860	 2.673060
2	 5	 7	 5	 24.528960	 283.133000
2	 5	 7	 6	 30.442660	 4.388000
2	 6	 1	 1	 22.290237	 0.059037
2	 6	 1	 2	 23.344937	 0.069831
2	 6	 1	 3	 21.287537	 0.022267
2	 6	 1	 4	 21.319337	 0.020534
2	 6	 1	 5	 23.791437	 0.035232
2	 6	 1	 6	 22.191437	 0.033370
2	 6	 2	 1	 22.551037	 0.026153
2	 6	 2	 2	 22.733537	 0.028717
2	 6	 2	 3	 23.954737	 0.030220
2	 6	 2	 4	 21.648737	 0.018887
2	 6	 2	 5	 23.780137	 0.028619
2	 6	 2	 6	 32.178937	 0.037107
2	 6	 3	 1	 25.320537	 0.037445
2	 6	 3	 2	 27.297937	 0.015590
2	 6	 3	 3	 27.182737	 0.010397
2	 6	 3	 4	 24.226037	 0.045196
2	 6	 3	 5	 24.487837	 0.048575
2	 6	 3	 6	 27.019537	 0.056641
2	 6	 4	 1	 25.264837	 0.064625
2	 6	 4	 2	 23.319637	 0.070255
2	 6	 4	 3	 23.260037	 0.077202
2	 6	 4	 4	 24.449437	 0.090032
2	 6	 4	 5	 24.618537	 0.094492
2	 6	 4	 6	 23.964037	 0.106498
2	 6	 5	 1	 23.753237	 0.110345
2	 6	 5	 2	 23.627737	 0.140253
2	 6	 5	 3	 21.479737	 0.176311
2	 6	 5	 4	 22.969437	 0.217793
2	 6	 5	 5	 12.817037	 0.327768
2	 6	 5	 6	 11.569037	 0.498838
2	 6	 6	 1	 10.469137	 0.668412
2	 6	 6	 2	 10.859737	 0.453162
2	 6	 6	 3	 29.358737	 0.743358
2	 6	 6	 4	 28.695137	 0.166102
2	 6	 6	 5	 12.562337	 0.601690
2	 6	 6	 6	 25.319637	 0.109236
2	 6	 7	 1	 8.486477	 1.393920
2	 6	 7	 2	 25.392137	 0.206273
2	 6	 7	 3	 14.132937	 2.617740
2	 6	 7	 4	 19.834137	 1.712620
2	 6	 7	 5	 41.804837	 1.549530
2	 6	 7	 6	 24.875137	 4.021000
3	 1	 1	 1	 41.364660	 0.035350
3	 1	 1	 2	 42.695460	 0.021457
3	 1	 1	 3	 41.901860	 0.016929
3	 1	 1	 4	 41.354060	 0.019155
3	 1	 1	 5	 40.425360	 0.017251
3	 1	 1	 6	 40.948060	 0.017657
3	 1	 2	 1	 42.466160	 0.017173
3	 1	 2	 2	 44.088860	 0.016635
3	 1	 2	 3	 42.203060	 0.016384
3	 1	 2	 4	 45.698060	 0.017782
3	 1	 2	 5	 42.701960	 0.015888
3	 1	 2	 6	 41.993860	 0.016449
3	 1	 3	 1	 41.858760	 0.017606
3	 1	 3	 2	 41.702460	 0.020275
3	 1	 3	 3	 41.675960	 0.020584
3	 1	 3	 4	 41.803460	 0.022613
3	 1	 3	 5	 42.560060	 0.022130
3	 1	 3	 6	 42.419660	 0.023472
3	 1	 4	 1	 44.438160	 0.021331
3	 1	 4	 2	 43.863460	 0.022265
3	 1	 4	 3	 39.939260	 0.020725
3	 1	 4	 4	 42.471360	 0.024004
3	 1	 4	 5	 43.320060	 0.015033
3	 1	 4	 6	 44.056360	 0.026000
3	 1	 5	 1	 42.153860	 0.031795
3	 1	 5	 2	 41.194660	 0.032096
3	 1	 5	 3	 40.434260	 0.031103
3	 1	 5	 4	 44.255860	 0.995119
3	 1	 5	 5	 42.178160	 0.037932
3	 1	 5	 6	 45.264660	 0.636391
3	 1	 6	 1	 42.361960	 0.035104
3	 1	 6	 2	 42.224860	 0.049618
3	 1	 6	 3	 42.035260	 0.051136
3	 1	 6	 4	 43.079260	 0.067271
3	 1	 6	 5	 41.183060	 0.085434
3	 1	 6	 6	 44.410460	 0.087696
3	 1	 7	 1	 44.291960	 0.122635
3	 1	 7	 2	 43.167360	 0.085349
3	 1	 7	 3	 45.841560	 0.111262
3	 1	 7	 4	 44.725960	 0.122981
3	 1	 7	 5	 44.512160	 0.161231
3	 1	 7	 6	 43.790660	 0.176222
3	 2	 1	 1	 44.753153	 0.068317
3	 2	 1	 2	 47.524553	 0.023882
3	 2	 1	 3	 45.636953	 0.018825
3	 2	 1	 4	 44.864153	 0.019885
3	 2	 1	 5	 45.126253	 0.019504
3	 2	 1	 6	 46.640853	 0.020603
3	 2	 2	 1	 45.763053	 0.018593
3	 2	 2	 2	 47.438153	 0.018940
3	 2	 2	 3	 44.274453	 0.017658
3	 2	 2	 4	 45.602753	 0.019261
3	 2	 2	 5	 45.042553	 0.018861
3	 2	 2	 6	 45.988653	 0.019611
3	 2	 3	 1	 44.276453	 0.020998
3	 2	 3	 2	 45.569553	 0.021943
3	 2	 3	 3	 43.798153	 0.021336
3	 2	 3	 4	 45.529353	 0.022235
3	 2	 3	 5	 45.035353	 0.022184
3	 2	 3	 6	 45.147353	 0.025228
3	 2	 4	 1	 42.378853	 0.023445
3	 2	 4	 2	 44.453553	 0.025797
3	 2	 4	 3	 41.844053	 0.027141
3	 2	 4	 4	 44.780653	 0.027870
3	 2	 4	 5	 41.171453	 0.028400
3	 2	 4	 6	 42.820853	 0.044750
3	 2	 5	 1	 43.757353	 0.033330
3	 2	 5	 2	 45.674453	 0.038069
3	 2	 5	 3	 40.577653	 0.036420
3	 2	 5	 4	 44.708453	 0.036951
3	 2	 5	 5	 42.480953	 0.038728
3	 2	 5	 6	 43.849053	 0.047135
3	 2	 6	 1	 42.980653	 0.057869
3	 2	 6	 2	 43.505353	 0.051937
3	 2	 6	 3	 43.670153	 0.060501
3	 2	 6	 4	 43.252353	 0.752093
3	 2	 6	 5	 43.574353	 0.019735
3	 2	 6	 6	 44.269853	 0.091867
3	 2	 7	 1	 44.304553	 0.103410
3	 2	 7	 2	 45.932853	 0.164161
3	 2	 7	 3	 44.094653	 0.199742
3	 2	 7	 4	 46.181853	 0.155239
3	 2	 7	 5	 44.378253	 0.261522
3	 2	 7	 6	 45.922853	 0.243205
3	 3	 1	 1	 46.491533	 2.420030
3	 3	 1	 2	 41.241533	 0.094106
3	 3	 1	 3	 40.072533	 0.048930
3	 3	 1	 4	 41.034833	 0.036665
3	 3	 1	 5	 41.749933	 0.015853
3	 3	 1	 6	 43.557733	 0.030400
3	 3	 2	 1	 45.117633	 0.028143
3	 3	 2	 2	 44.355933	 0.034534
3	 3	 2	 3	 44.481233	 0.029409
3	 3	 2	 4	 44.862933	 0.024944
3	 3	 2	 5	 46.547233	 0.030254
3	 3	 2	 6	 46.213533	 0.032913
3	 3	 3	 1	 45.486233	 0.038121
3	 3	 3	 2	 44.194133	 0.038312
3	 3	 3	 3	 44.056933	 0.036704
3	 3	 3	 4	 46.058833	 0.043054
3	 3	 3	 5	 46.139633	 0.042401
3	 3	 3	 6	 45.773433	 0.041728
3	 3	 4	 1	 45.038333	 0.038921
3	 3	 4	 2	 46.516233	 0.046401
3	 3	 4	 3	 47.148533	 0.044331
3	 3	 4	 4	 45.275633	 0.071735
3	 3	 4	 5	 42.038133	 0.055354
3	 3	 4	 6	 41.342233	 0.064235
3	 3	 5	 1	 40.930633	 0.063282
3	 3	 5	 2	 42.136833	 0.066939
3	 3	 5	 3	 42.785233	 0.068461
3	 3	 5	 4	 44.319733	 0.098605
3	 3	 5	 5	 45.046333	 0.120991
3	 3	 5	 6	 46.229333	 0.113597
3	 3	 6	 1	 43.700133	 0.113426
3	 3	 6	 2	 42.288133	 0.134270
3	 3	 6	 3	 39.280333	 0.359420
3	 3	 6	 4	 41.680833	 0.084506
3	 3	 6	 5	 42.509333	 0.120021
3	 3	 6	 6	 42.100133	 0.404038
3	 3	 7	 1	 41.260233	 0.433051
3	 3	 7	 2	 41.801733	 0.512733
3	 3	 7	 3	 39.119233	 0.693647
3	 3	 7	 4	 40.004333	 1.415060
3	 3	 7	 5	 39.873933	 1.746690
3	 3	 7	 6	 43.096733	 18.623600
3	 4	 1	 1	 54.013311	 5.662000
3	 4	 1	 2	 42.469511	 0.137028
3	 4	 1	 3	 43.348311	 0.051981
3	 4	 1	 4	 43.449611	 0.038008
3	 4	 1	 5	 43.584011	 0.032020
3	 4	 1	 6	 43.739311	 0.030056
3	 4	 2	 1	 42.431611	 0.028098
3	 4	 2	 2	 43.131211	 0.027021
3	 4	 2	 3	 44.374211	 0.029684
3	 4	 2	 4	 45.849811	 0.033033
3	 4	 2	 5	 45.793911	 0.033310
3	 4	 2	 6	 46.125811	 0.034354
3	 4	 3	 1	 43.404511	 0.033271
3	 4	 3	 2	 46.204411	 0.042952
3	 4	 3	 3	 46.158911	 0.040541
3	 4	 3	 4	 43.301011	 0.039088
3	 4	 3	 5	 43.734211	 0.045562
3	 4	 3	 6	 43.615211	 0.042488
3	 4	 4	 1	 49.934211	 0.050191
3	 4	 4	 2	 48.383711	 0.051752
3	 4	 4	 3	 48.175011	 0.053794
3	 4	 4	 4	 45.163711	 0.078959
3	 4	 4	 5	 48.913811	 0.055884
3	 4	 4	 6	 49.286011	 0.058509
3	 4	 5	 1	 45.535311	 0.077337
3	 4	 5	 2	 45.515011	 0.092681
3	 4	 5	 3	 45.710711	 0.117903
3	 4	 5	 4	 44.267711	 0.098387
3	 4	 5	 5	 48.843611	 0.165727
3	 4	 5	 6	 45.468611	 0.275834
3	 4	 6	 1	 49.602711	 0.113423
3	 4	 6	 2	 56.559911	 0.234493
3	 4	 6	 3	 50.955911	 0.195384
3	 4	 6	 4	 51.823311	 3.640000
3	 4	 6	 5	 47.244511	 0.470036
3	 4	 6	 6	 55.773111	 1.725010
3	 4	 7	 1	 46.637311	 0.544026
3	 4	 7	 2	 47.821511	 0.670948
3	 4	 7	 3	 40.591211	 0.987559
3	 4	 7	 4	 41.519611	 1.363280
3	 4	 7	 5	 42.252711	 1.866040
3	 4	 7	 6	 47.020311	 2.295420
3	 5	 1	 1	 52.141763	 7.210680
3	 5	 1	 2	 75.077463	 1.073440
3	 5	 1	 3	 72.293663	 0.033158
3	 5	 1	 4	 71.194663	 0.031451
3	 5	 1	 5	 72.387863	 0.039983
3	 5	 1	 6	 73.076263	 0.027802
3	 5	 2	 1	 71.136263	 0.016100
3	 5	 2	 2	 71.035663	 0.013210
3	 5	 2	 3	 74.852263	 0.397265
3	 5	 2	 4	 72.321063	 0.015577
3	 5	 2	 5	 72.241763	 0.024229
3	 5	 2	 6	 72.934463	 0.030409
3	 5	 3	 1	 73.261163	 0.032694
3	 5	 3	 2	 72.190063	 0.035953
3	 5	 3	 3	 71.961463	 0.039707
3	 5	 3	 4	 71.800463	 0.044188
3	 5	 3	 5	 73.661463	 0.051299
3	 5	 3	 6	 74.213963	 0.060803
3	 5	 4	 1	 72.384463	 0.060278
3	 5	 4	 2	 73.895163	 0.071752
3	 5	 4	 3	 73.197863	 0.075912
3	 5	 4	 4	 71.467763	 0.084847
3	 5	 4	 5	 73.637263	 0.097682
3	 5	 4	 6	 73.664263	 0.117641
3	 5	 5	 1	 64.059063	 0.126529
3	 5	 5	 2	 57.150263	 0.130261
3	 5	 5	 3	 63.300263	 0.153306
3	 5	 5	 4	 57.648463	 0.246662
3	 5	 5	 5	 54.900363	 0.127715
3	 5	 5	 6	 60.129263	 0.280597
3	 5	 6	 1	 64.488463	 0.418876
3	 5	 6	 2	 64.301463	 0.519751
3	 5	 6	 3	 57.467163	 0.290654
3	 5	 6	 4	 54.782563	 0.266287
3	 5	 6	 5	 54.002263	 0.375893
3	 5	 6	 6	 56.924763	 0.958898
3	 5	 7	 1	 46.803363	 1.783270
3	 5	 7	 2	 57.527563	 0.316749
3	 5	 7	 3	 50.761363	 1.733850
3	 5	 7	 4	 49.726763	 2.537120
3	 5	 7	 5	 61.718663	 12.885000
3	 5	 7	 6	 61.718663	 12.885000
3	 6	 1	 1	 65.488511	 1.489290
3	 6	 1	 2	 68.868911	 0.147504
3	 6	 1	 3	 69.100311	 0.091759
3	 6	 1	 4	 66.381511	 0.090348
3	 6	 1	 5	 69.544911	 0.057863
3	 6	 1	 6	 69.859011	 0.053363
3	 6	 2	 1	 68.964311	 0.037508
3	 6	 2	 2	 68.285411	 0.034511
3	 6	 2	 3	 68.035511	 0.031441
3	 6	 2	 4	 69.213811	 0.031158
3	 6	 2	 5	 70.075111	 0.035227
3	 6	 2	 6	 68.920811	 0.036060
3	 6	 3	 1	 60.983211	 0.132880
3	 6	 3	 2	 68.695911	 0.039634
3	 6	 3	 3	 67.801011	 0.043465
3	 6	 3	 4	 67.812111	 0.050577
3	 6	 3	 5	 68.111411	 0.053583
3	 6	 3	 6	 68.156611	 0.063186
3	 6	 4	 1	 68.980711	 0.072258
3	 6	 4	 2	 68.541711	 0.075034
3	 6	 4	 3	 71.287811	 0.163580
3	 6	 4	 4	 68.523011	 0.095695
3	 6	 4	 5	 72.349711	 0.025015
3	 6	 4	 6	 69.848211	 0.102357
3	 6	 5	 1	 59.542811	 0.149538
3	 6	 5	 2	 52.610711	 0.077574
3	 6	 5	 3	 53.356711	 0.074723
3	 6	 5	 4	 55.146811	 0.175832
3	 6	 5	 5	 58.763411	 0.218473
3	 6	 5	 6	 53.628411	 0.108319
3	 6	 6	 1	 47.602211	 0.401522
3	 6	 6	 2	 47.687211	 0.538859
3	 6	 6	 3	 49.143711	 0.589510
3	 6	 6	 4	 47.625111	 0.695749
3	 6	 6	 5	 48.609111	 0.968472
3	 6	 6	 6	 47.954011	 1.251850
3	 6	 7	 1	 45.707011	 1.271970
3	 6	 7	 2	 42.797411	 1.321450
3	 6	 7	 3	 49.813311	 1.980430
3	 6	 7	 4	 52.508111	 1.638570
3	 6	 7	 5	 61.053611	 2.188620
3	 6	 7	 6	 59.520311	 10.619000
4	 1	 1	 1	 7.545711	 0.038349
4	 1	 1	 2	 8.335271	 0.019535
4	 1	 1	 3	 8.145191	 0.016713
4	 1	 1	 4	 6.841121	 0.016157
4	 1	 1	 5	 7.766911	 0.017730
4	 1	 1	 6	 7.169241	 0.017821
4	 1	 2	 1	 7.237941	 0.016182
4	 1	 2	 2	 7.602531	 0.017036
4	 1	 2	 3	 7.795481	 0.015824
4	 1	 2	 4	 6.662081	 0.015303
4	 1	 2	 5	 7.218011	 0.016562
4	 1	 2	 6	 8.734021	 0.017104
4	 1	 3	 1	 6.678531	 0.016289
4	 1	 3	 2	 7.913141	 0.019223
4	 1	 3	 3	 7.643061	 0.017657
4	 1	 3	 4	 7.272501	 0.019321
4	 1	 3	 5	 8.558581	 0.019778
4	 1	 3	 6	 8.123581	 0.020231
4	 1	 4	 1	 8.581841	 0.023782
4	 1	 4	 2	 9.268321	 0.025223
4	 1	 4	 3	 7.424671	 0.023571
4	 1	 4	 4	 8.355441	 0.026677
4	 1	 4	 5	 7.673071	 0.026582
4	 1	 4	 6	 9.441941	 0.030718
4	 1	 5	 1	 8.312561	 0.028049
4	 1	 5	 2	 8.633521	 0.035673
4	 1	 5	 3	 8.795421	 0.035150
4	 1	 5	 4	 8.757571	 0.035096
4	 1	 5	 5	 7.571721	 0.038061
4	 1	 5	 6	 8.451991	 0.043280
4	 1	 6	 1	 7.454551	 0.042446
4	 1	 6	 2	 8.562591	 0.048054
4	 1	 6	 3	 7.412001	 0.045877
4	 1	 6	 4	 8.609881	 0.056753
4	 1	 6	 5	 7.919231	 0.068145
4	 1	 6	 6	 8.297571	 0.095196
4	 1	 7	 1	 7.222631	 0.096403
4	 1	 7	 2	 7.407831	 0.103486
4	 1	 7	 3	 8.258591	 0.143487
4	 1	 7	 4	 8.497121	 0.147717
4	 1	 7	 5	 8.071021	 0.135373
4	 1	 7	 6	 8.186511	 0.238131
4	 2	 1	 1	 34.880138	 0.055125
4	 2	 1	 2	 36.489538	 0.024537
4	 2	 1	 3	 34.810938	 0.023520
4	 2	 1	 4	 34.518038	 0.017508
4	 2	 1	 5	 35.064438	 0.017531
4	 2	 1	 6	 35.530638	 0.016833
4	 2	 2	 1	 34.995538	 0.026237
4	 2	 2	 2	 49.612838	 0.021775
4	 2	 2	 3	 34.165638	 0.013511
4	 2	 2	 4	 35.324538	 0.018383
4	 2	 2	 5	 34.575438	 0.017995
4	 2	 2	 6	 35.747738	 0.019672
4	 2	 3	 1	 35.218038	 0.019654
4	 2	 3	 2	 34.931538	 0.019605
4	 2	 3	 3	 33.093338	 0.022009
4	 2	 3	 4	 33.370938	 0.023291
4	 2	 3	 5	 36.174838	 0.022967
4	 2	 3	 6	 34.406238	 0.022351
4	 2	 4	 1	 35.726238	 0.025231
4	 2	 4	 2	 35.096038	 0.026455
4	 2	 4	 3	 34.755138	 0.023184
4	 2	 4	 4	 35.131138	 0.028059
4	 2	 4	 5	 35.276938	 0.031700
4	 2	 4	 6	 35.651238	 0.033485
4	 2	 5	 1	 35.861638	 0.032116
4	 2	 5	 2	 37.033838	 0.037295
4	 2	 5	 3	 36.680638	 0.040340
4	 2	 5	 4	 33.603138	 0.039473
4	 2	 5	 5	 33.596138	 0.045230
4	 2	 5	 6	 34.505138	 0.041575
4	 2	 6	 1	 34.351438	 0.056125
4	 2	 6	 2	 33.419538	 0.069368
4	 2	 6	 3	 34.014938	 0.058416
4	 2	 6	 4	 32.910138	 0.080263
4	 2	 6	 5	 33.417138	 0.087137
4	 2	 6	 6	 32.942538	 0.115461
4	 2	 7	 1	 32.830538	 0.095080
4	 2	 7	 2	 33.870638	 0.123501
4	 2	 7	 3	 30.781538	 0.103276
4	 2	 7	 4	 52.265538	 0.182859
4	 2	 7	 5	 32.965338	 0.155404
4	 2	 7	 6	 32.212238	 0.167025
4	 3	 1	 1	 17.105899	 2.016820
4	 3	 1	 2	 15.364099	 0.076953
4	 3	 1	 3	 15.232699	 0.038579
4	 3	 1	 4	 16.056899	 0.033759
4	 3	 1	 5	 15.605999	 0.039058
4	 3	 1	 6	 15.501699	 0.033707
4	 3	 2	 1	 12.272699	 0.029328
4	 3	 2	 2	 11.665899	 0.025850
4	 3	 2	 3	 13.317099	 0.035256
4	 3	 2	 4	 12.769799	 0.029512
4	 3	 2	 5	 14.827699	 0.030604
4	 3	 2	 6	 14.353699	 0.034116
4	 3	 3	 1	 12.436799	 0.031420
4	 3	 3	 2	 13.149799	 0.031023
4	 3	 3	 3	 12.525699	 0.007588
4	 3	 3	 4	 12.927099	 0.035532
4	 3	 3	 5	 13.468899	 0.037782
4	 3	 3	 6	 13.345199	 0.040649
4	 3	 4	 1	 13.804199	 0.039379
4	 3	 4	 2	 14.281099	 0.043261
4	 3	 4	 3	 14.435099	 0.047128
4	 3	 4	 4	 13.541199	 0.047953
4	 3	 4	 5	 14.639399	 0.054995
4	 3	 4	 6	 14.063699	 0.051119
4	 3	 5	 1	 13.383699	 0.051869
4	 3	 5	 2	 12.402999	 0.052877
4	 3	 5	 3	 13.051199	 0.071267
4	 3	 5	 4	 12.525999	 0.100590
4	 3	 5	 5	 13.881899	 0.093587
4	 3	 5	 6	 13.710099	 0.184808
4	 3	 6	 1	 16.647299	 0.046742
4	 3	 6	 2	 14.099999	 0.184177
4	 3	 6	 3	 13.438499	 0.169107
4	 3	 6	 4	 12.881399	 0.301173
4	 3	 6	 5	 14.145299	 0.185635
4	 3	 6	 6	 12.530299	 0.039586
4	 3	 7	 1	 14.548699	 0.241189
4	 3	 7	 2	 12.502999	 0.351662
4	 3	 7	 3	 10.488329	 0.698024
4	 3	 7	 4	 17.712199	 0.580228
4	 3	 7	 5	 8.052999	 1.837770
4	 3	 7	 6	 15.464999	 1.859180
4	 4	 1	 1	 13.958799	 5.969970
4	 4	 1	 2	 13.962799	 0.181820
4	 4	 1	 3	 14.384899	 0.054319
4	 4	 1	 4	 13.213699	 0.043296
4	 4	 1	 5	 14.946699	 0.035712
4	 4	 1	 6	 14.393699	 0.032700
4	 4	 2	 1	 14.177299	 0.029515
4	 4	 2	 2	 13.694499	 0.029191
4	 4	 2	 3	 13.478399	 0.028561
4	 4	 2	 4	 13.128499	 0.032235
4	 4	 2	 5	 13.206499	 0.030785
4	 4	 2	 6	 13.678799	 0.032244
4	 4	 3	 1	 13.986599	 0.034155
4	 4	 3	 2	 13.038199	 0.037416
4	 4	 3	 3	 13.017999	 0.039044
4	 4	 3	 4	 13.104399	 0.038499
4	 4	 3	 5	 12.938099	 0.041124
4	 4	 3	 6	 13.181199	 0.042302
4	 4	 4	 1	 13.255999	 0.051988
4	 4	 4	 2	 12.945099	 0.054196
4	 4	 4	 3	 12.689399	 0.048084
4	 4	 4	 4	 12.244799	 0.051665
4	 4	 4	 5	 13.549999	 0.057991
4	 4	 4	 6	 12.500299	 0.048183
4	 4	 5	 1	 13.790499	 0.069931
4	 4	 5	 2	 14.974399	 0.355773
4	 4	 5	 3	 12.562299	 0.080506
4	 4	 5	 4	 13.577599	 0.079632
4	 4	 5	 5	 13.331199	 0.166685
4	 4	 5	 6	 12.054199	 0.210516
4	 4	 6	 1	 12.470599	 0.273437
4	 4	 6	 2	 16.386999	 0.166126
4	 4	 6	 3	 13.040699	 0.232682
4	 4	 6	 4	 14.371399	 0.214010
4	 4	 6	 5	 11.111999	 0.464972
4	 4	 6	 6	 11.007199	 0.485188
4	 4	 7	 1	 10.602599	 0.669568
4	 4	 7	 2	 10.861999	 0.831715
4	 4	 7	 3	 8.787639	 1.094060
4	 4	 7	 4	 17.187699	 3.539000
4	 4	 7	 5	 8.030079	 1.744610
4	 4	 7	 6	 6.786389	 4.105340
4	 5	 1	 1	 54.242261	 2.477000
4	 5	 1	 2	 50.218761	 0.181315
4	 5	 1	 3	 51.074761	 0.064645
4	 5	 1	 4	 50.041061	 0.049128
4	 5	 1	 5	 52.459361	 0.010727
4	 5	 1	 6	 51.190461	 0.085670
4	 5	 2	 1	 51.616261	 0.023119
4	 5	 2	 2	 52.388261	 0.020826
4	 5	 2	 3	 51.402361	 0.009891
4	 5	 2	 4	 52.653961	 0.013711
4	 5	 2	 5	 54.444861	 0.027097
4	 5	 2	 6	 54.091861	 0.027293
4	 5	 3	 1	 55.295761	 0.033428
4	 5	 3	 2	 53.862161	 0.035024
4	 5	 3	 3	 54.553161	 0.040137
4	 5	 3	 4	 54.111061	 0.044730
4	 5	 3	 5	 54.616161	 0.049304
4	 5	 3	 6	 55.484061	 0.059940
4	 5	 4	 1	 55.409761	 0.058358
4	 5	 4	 2	 55.383061	 0.061538
4	 5	 4	 3	 53.582761	 0.070849
4	 5	 4	 4	 54.667561	 0.241652
4	 5	 4	 5	 52.764861	 0.096717
4	 5	 4	 6	 53.751461	 0.098165
4	 5	 5	 1	 52.563361	 0.110143
4	 5	 5	 2	 50.954761	 0.117821
4	 5	 5	 3	 49.081661	 0.148894
4	 5	 5	 4	 49.109661	 0.117262
4	 5	 5	 5	 42.196161	 0.344351
4	 5	 5	 6	 47.883961	 0.169101
4	 5	 6	 1	 33.620661	 2.021220
4	 5	 6	 2	 54.121161	 0.509110
4	 5	 6	 3	 44.303161	 0.633388
4	 5	 6	 4	 52.405261	 1.141880
4	 5	 6	 5	 55.309261	 8.957000
4	 5	 6	 6	 54.150661	 1.454030
4	 5	 7	 1	 38.560061	 0.966351
4	 5	 7	 2	 64.671161	 1.039480
4	 5	 7	 3	 37.986361	 0.587365
4	 5	 7	 4	 43.160461	 1.792610
4	 5	 7	 5	 54.638261	 10.186000
4	 5	 7	 6	 54.638261	 10.186000
4	 6	 1	 1	 34.109743	 1.928830
4	 6	 1	 2	 47.464643	 0.129365
4	 6	 1	 3	 46.966443	 0.020590
4	 6	 1	 4	 48.077743	 0.013812
4	 6	 1	 5	 46.948643	 0.012093
4	 6	 1	 6	 48.160443	 0.015193
4	 6	 2	 1	 49.382443	 0.030218
4	 6	 2	 2	 48.924643	 0.027965
4	 6	 2	 3	 49.359143	 0.028416
4	 6	 2	 4	 54.153443	 0.011003
4	 6	 2	 5	 51.274043	 0.029210
4	 6	 2	 6	 51.063843	 0.033886
4	 6	 3	 1	 54.578643	 0.035698
4	 6	 3	 2	 54.256243	 0.036656
4	 6	 3	 3	 54.553543	 0.023995
4	 6	 3	 4	 49.223543	 0.042656
4	 6	 3	 5	 49.357543	 0.048968
4	 6	 3	 6	 48.404943	 0.054739
4	 6	 4	 1	 50.670543	 0.064618
4	 6	 4	 2	 49.988143	 0.069898
4	 6	 4	 3	 50.169043	 0.084016
4	 6	 4	 4	 50.977043	 1.414210
4	 6	 4	 5	 52.939343	 0.016821
4	 6	 4	 6	 57.020643	 0.465687
4	 6	 5	 1	 51.186343	 0.135259
4	 6	 5	 2	 49.776943	 0.136484
4	 6	 5	 3	 52.764443	 0.257945
4	 6	 5	 4	 52.913343	 0.210779
4	 6	 5	 5	 52.004043	 0.232266
4	 6	 5	 6	 53.809643	 0.230227
4	 6	 6	 1	 35.851943	 5.245230
4	 6	 6	 2	 40.364343	 0.795254
4	 6	 6	 3	 40.486743	 0.616966
4	 6	 6	 4	 47.650743	 0.890432
4	 6	 6	 5	 56.533443	 7.619000
4	 6	 6	 6	 45.022243	 0.910470
4	 6	 7	 1	 49.553443	 9.627000
4	 6	 7	 2	 41.964243	 1.347730
4	 6	 7	 3	 44.470443	 1.357660
4	 6	 7	 4	 53.740443	 7.357000
4	 6	 7	 5	 62.049243	 2.141150
4	 6	 7	 6	 59.918143	 0.724527
5	 1	 1	 1	 42.551457	 0.047207
5	 1	 1	 2	 32.238557	 0.022585
5	 1	 1	 3	 30.802857	 0.020261
5	 1	 1	 4	 25.484257	 0.018046
5	 1	 1	 5	 24.816357	 0.016969
5	 1	 1	 6	 25.675557	 0.018017
5	 1	 2	 1	 29.314457	 0.016078
5	 1	 2	 2	 27.188157	 0.004159
5	 1	 2	 3	 27.814357	 0.014477
5	 1	 2	 4	 28.557857	 0.016665
5	 1	 2	 5	 27.850757	 0.024389
5	 1	 2	 6	 26.351357	 0.005548
5	 1	 3	 1	 28.538457	 0.017536
5	 1	 3	 2	 28.263357	 0.018562
5	 1	 3	 3	 28.762557	 0.018626
5	 1	 3	 4	 27.433757	 0.018930
5	 1	 3	 5	 27.928057	 0.018406
5	 1	 3	 6	 28.132357	 0.022631
5	 1	 4	 1	 28.134457	 0.021336
5	 1	 4	 2	 29.254257	 0.023241
5	 1	 4	 3	 27.950257	 0.022188
5	 1	 4	 4	 28.502257	 0.023936
5	 1	 4	 5	 29.845057	 0.025598
5	 1	 4	 6	 28.882657	 0.026956
5	 1	 5	 1	 29.770557	 0.027146
5	 1	 5	 2	 30.055957	 0.031971
5	 1	 5	 3	 29.433857	 0.034534
5	 1	 5	 4	 28.012657	 0.039245
5	 1	 5	 5	 30.360657	 0.034206
5	 1	 5	 6	 33.019157	 0.045171
5	 1	 6	 1	 29.075657	 0.048181
5	 1	 6	 2	 28.847157	 0.048734
5	 1	 6	 3	 29.621257	 0.051399
5	 1	 6	 4	 28.950857	 0.077764
5	 1	 6	 5	 28.087157	 0.079438
5	 1	 6	 6	 29.519357	 0.095271
5	 1	 7	 1	 29.241657	 0.106169
5	 1	 7	 2	 29.032357	 0.120479
5	 1	 7	 3	 29.283057	 0.132971
5	 1	 7	 4	 31.269657	 0.135324
5	 1	 7	 5	 31.292557	 0.059412
5	 1	 7	 6	 32.477957	 0.230490
5	 2	 1	 1	 5.459428	 0.066404
5	 2	 1	 2	 5.792438	 0.022922
5	 2	 1	 3	 3.787901	 0.018931
5	 2	 1	 4	 4.981728	 0.021719
5	 2	 1	 5	 5.787698	 0.019757
5	 2	 1	 6	 4.871988	 0.017845
5	 2	 2	 1	 3.742550	 0.016756
5	 2	 2	 2	 5.254468	 0.017385
5	 2	 2	 3	 4.602838	 0.016708
5	 2	 2	 4	 4.126458	 0.017041
5	 2	 2	 5	 4.286073	 0.016327
5	 2	 2	 6	 3.879103	 0.017799
5	 2	 3	 1	 3.501622	 0.018274
5	 2	 3	 2	 4.293860	 0.020273
5	 2	 3	 3	 2.956633	 0.017915
5	 2	 3	 4	 4.487048	 0.022035
5	 2	 3	 5	 4.512618	 0.020076
5	 2	 3	 6	 3.789873	 0.020894
5	 2	 4	 1	 5.192638	 0.024296
5	 2	 4	 2	 4.790318	 0.024715
5	 2	 4	 3	 4.598898	 0.025241
5	 2	 4	 4	 4.783228	 0.024778
5	 2	 4	 5	 3.868366	 0.027901
5	 2	 4	 6	 5.368598	 0.028471
5	 2	 5	 1	 3.902816	 0.032755
5	 2	 5	 2	 4.085189	 0.032853
5	 2	 5	 3	 2.775042	 0.031133
5	 2	 5	 4	 3.712104	 0.033988
5	 2	 5	 5	 3.814978	 0.040513
5	 2	 5	 6	 4.117468	 0.041164
5	 2	 6	 1	 4.606728	 0.050038
5	 2	 6	 2	 4.286997	 0.055153
5	 2	 6	 3	 2.685045	 0.064355
5	 2	 6	 4	 5.234298	 0.068701
5	 2	 6	 5	 4.673528	 0.068450
5	 2	 6	 6	 4.428357	 0.106078
5	 2	 7	 1	 3.481981	 0.158942
5	 2	 7	 2	 3.960910	 0.235224
5	 2	 7	 3	 3.599983	 0.129498
5	 2	 7	 4	 4.232462	 0.171391
5	 2	 7	 5	 3.470645	 0.127713
5	 2	 7	 6	 5.112778	 0.228274
5	 3	 1	 1	 10.342831	 4.254900
5	 3	 1	 2	 12.538461	 0.109522
5	 3	 1	 3	 10.927111	 0.035381
5	 3	 1	 4	 12.113861	 0.029319
5	 3	 1	 5	 12.143061	 0.027811
5	 3	 1	 6	 11.973971	 0.023795
5	 3	 2	 1	 11.490171	 0.024683
5	 3	 2	 2	 11.933071	 0.023415
5	 3	 2	 3	 11.958621	 0.024468
5	 3	 2	 4	 10.922801	 0.022674
5	 3	 2	 5	 11.537171	 0.026256
5	 3	 2	 6	 11.145481	 0.028655
5	 3	 3	 1	 12.175461	 0.026657
5	 3	 3	 2	 11.162661	 0.029069
5	 3	 3	 3	 10.520881	 0.029169
5	 3	 3	 4	 11.556021	 0.031100
5	 3	 3	 5	 11.756631	 0.031500
5	 3	 3	 6	 12.084071	 0.035145
5	 3	 4	 1	 14.647661	 0.037779
5	 3	 4	 2	 14.109361	 0.041515
5	 3	 4	 3	 13.923761	 0.039774
5	 3	 4	 4	 13.808461	 0.042684
5	 3	 4	 5	 10.534871	 0.038660
5	 3	 4	 6	 11.293911	 0.051052
5	 3	 5	 1	 11.106941	 0.055740
5	 3	 5	 2	 11.312551	 0.056985
5	 3	 5	 3	 11.492711	 0.065482
5	 3	 5	 4	 11.123791	 0.079667
5	 3	 5	 5	 11.261771	 0.076596
5	 3	 5	 6	 11.520571	 0.092572
5	 3	 6	 1	 13.320061	 0.109916
5	 3	 6	 2	 12.715761	 0.125652
5	 3	 6	 3	 10.415661	 0.171597
5	 3	 6	 4	 12.192361	 0.220428
5	 3	 6	 5	 11.091571	 0.127837
5	 3	 6	 6	 11.666201	 0.144791
5	 3	 7	 1	 10.090461	 0.171780
5	 3	 7	 2	 12.535161	 0.455167
5	 3	 7	 3	 10.118911	 0.688711
5	 3	 7	 4	 12.786561	 0.288429
5	 3	 7	 5	 14.023961	 1.111480
5	 3	 7	 6	 9.526981	 3.777730
5	 4	 1	 1	 15.087971	 4.590380
5	 4	 1	 2	 14.036571	 0.428280
5	 4	 1	 3	 10.058801	 0.050407
5	 4	 1	 4	 10.904071	 0.034539
5	 4	 1	 5	 11.531871	 0.032662
5	 4	 1	 6	 10.483741	 0.026378
5	 4	 2	 1	 10.716871	 0.027654
5	 4	 2	 2	 10.310391	 0.025229
5	 4	 2	 3	 10.115951	 0.026043
5	 4	 2	 4	 9.685861	 0.025885
5	 4	 2	 5	 10.958371	 0.028191
5	 4	 2	 6	 11.905671	 2.125850
5	 4	 3	 1	 10.726271	 0.031081
5	 4	 3	 2	 11.296271	 0.032930
5	 4	 3	 3	 10.402491	 0.035962
5	 4	 3	 4	 10.292161	 0.035075
5	 4	 3	 5	 10.308771	 0.038374
5	 4	 3	 6	 10.722071	 0.043358
5	 4	 4	 1	 12.020871	 0.049715
5	 4	 4	 2	 11.101671	 0.048307
5	 4	 4	 3	 10.301541	 0.050522
5	 4	 4	 4	 10.661051	 0.044946
5	 4	 4	 5	 12.044771	 0.051190
5	 4	 4	 6	 10.985071	 0.058800
5	 4	 5	 1	 11.133871	 0.057336
5	 4	 5	 2	 12.132971	 0.084945
5	 4	 5	 3	 9.820311	 0.082710
5	 4	 5	 4	 11.546071	 0.091093
5	 4	 5	 5	 14.057571	 0.328400
5	 4	 5	 6	 12.642971	 0.130779
5	 4	 6	 1	 13.007771	 0.367969
5	 4	 6	 2	 12.573271	 0.150596
5	 4	 6	 3	 9.895301	 0.202584
5	 4	 6	 4	 9.980231	 0.281460
5	 4	 6	 5	 9.524871	 0.128540
5	 4	 6	 6	 7.196831	 0.493827
5	 4	 7	 1	 10.009841	 2.146940
5	 4	 7	 2	 17.369871	 4.407000
5	 4	 7	 3	 10.321361	 0.910163
5	 4	 7	 4	 5.003161	 1.356980
5	 4	 7	 5	 17.369871	 4.407000
5	 4	 7	 6	 17.369871	 4.407000
5	 5	 1	 1	 35.235565	 3.359150
5	 5	 1	 2	 45.938765	 23.172000
5	 5	 1	 3	 51.349965	 0.050625
5	 5	 1	 4	 51.378865	 0.045183
5	 5	 1	 5	 50.598865	 0.035349
5	 5	 1	 6	 50.335365	 0.032934
5	 5	 2	 1	 53.928765	 0.014233
5	 5	 2	 2	 53.958365	 0.011176
5	 5	 2	 3	 55.071865	 0.009650
5	 5	 2	 4	 51.434965	 0.027284
5	 5	 2	 5	 52.349265	 0.029603
5	 5	 2	 6	 53.319665	 0.032365
5	 5	 3	 1	 52.277665	 0.034933
5	 5	 3	 2	 52.039965	 0.035655
5	 5	 3	 3	 52.729565	 0.041428
5	 5	 3	 4	 50.201365	 0.040901
5	 5	 3	 5	 54.186465	 0.048712
5	 5	 3	 6	 52.127965	 0.058222
5	 5	 4	 1	 50.699665	 0.059242
5	 5	 4	 2	 51.166765	 0.062409
5	 5	 4	 3	 51.151265	 0.070578
5	 5	 4	 4	 48.962365	 0.068545
5	 5	 4	 5	 50.790565	 0.088016
5	 5	 4	 6	 49.333265	 0.088589
5	 5	 5	 1	 48.916965	 0.112701
5	 5	 5	 2	 52.085565	 0.202752
5	 5	 5	 3	 47.886665	 0.149840
5	 5	 5	 4	 49.424365	 0.170121
5	 5	 5	 5	 49.806965	 0.242077
5	 5	 5	 6	 50.695265	 0.482212
5	 5	 6	 1	 38.641065	 0.465497
5	 5	 6	 2	 47.716465	 0.346050
5	 5	 6	 3	 49.722265	 5.697000
5	 5	 6	 4	 47.392765	 0.449941
5	 5	 6	 5	 51.629265	 15.424000
5	 5	 6	 6	 51.629265	 15.424000
5	 5	 7	 1	 39.729465	 0.892900
5	 5	 7	 2	 51.629265	 15.424000
5	 5	 7	 3	 47.351865	 0.881924
5	 5	 7	 4	 52.158965	 12.138100
5	 5	 7	 5	 43.248765	 3.377560
5	 5	 7	 6	 57.474965	 11.686400
5	 6	 1	 1	 41.106483	 0.417408
5	 6	 1	 2	 44.086783	 0.094424
5	 6	 1	 3	 44.781683	 0.062554
5	 6	 1	 4	 44.177183	 0.054656
5	 6	 1	 5	 45.531483	 0.044206
5	 6	 1	 6	 43.695783	 0.037146
5	 6	 2	 1	 49.125683	 0.031030
5	 6	 2	 2	 46.861383	 0.025148
5	 6	 2	 3	 46.758783	 0.018562
5	 6	 2	 4	 48.808183	 0.024725
5	 6	 2	 5	 49.212083	 0.029467
5	 6	 2	 6	 49.436883	 0.029231
5	 6	 3	 1	 48.274683	 0.030198
5	 6	 3	 2	 48.863183	 0.036026
5	 6	 3	 3	 47.712483	 0.010124
5	 6	 3	 4	 46.835783	 0.075406
5	 6	 3	 5	 47.121783	 0.048646
5	 6	 3	 6	 46.884183	 0.051851
5	 6	 4	 1	 45.893183	 0.077243
5	 6	 4	 2	 46.694583	 0.066982
5	 6	 4	 3	 46.556083	 0.015199
5	 6	 4	 4	 55.495983	 3.394540
5	 6	 4	 5	 50.832383	 0.080715
5	 6	 4	 6	 49.176083	 0.112174
5	 6	 5	 1	 46.745183	 0.149887
5	 6	 5	 2	 46.392183	 0.128262
5	 6	 5	 3	 48.036683	 0.143778
5	 6	 5	 4	 49.587283	 0.186837
5	 6	 5	 5	 51.241583	 0.260926
5	 6	 5	 6	 49.625283	 0.283286
5	 6	 6	 1	 47.478383	 0.244639
5	 6	 6	 2	 47.173683	 0.144855
5	 6	 6	 3	 49.362383	 0.123673
5	 6	 6	 4	 47.629383	 0.647374
5	 6	 6	 5	 48.211083	 6.187000
5	 6	 6	 6	 35.627383	 0.910148
5	 6	 7	 1	 48.320583	 1.801600
5	 6	 7	 2	 51.955083	 8.904000
5	 6	 7	 3	 37.571283	 1.052270
5	 6	 7	 4	 41.528383	 1.688950
5	 6	 7	 5	 50.474283	 1.536170
5	 6	 7	 6	 79.373183	 176.966000
6	 1	 1	 1	 7.093072	 0.034791
6	 1	 1	 2	 7.348712	 0.019298
6	 1	 1	 3	 5.925952	 0.015945
6	 1	 1	 4	 10.627892	 0.019634
6	 1	 1	 5	 11.584652	 0.019790
6	 1	 1	 6	 12.245862	 0.019815
6	 1	 2	 1	 9.843762	 0.018294
6	 1	 2	 2	 9.678002	 0.017413
6	 1	 2	 3	 9.940112	 0.017245
6	 1	 2	 4	 9.962342	 0.017927
6	 1	 2	 5	 10.519392	 0.015437
6	 1	 2	 6	 9.923312	 0.020391
6	 1	 3	 1	 9.425802	 0.018037
6	 1	 3	 2	 9.674952	 0.018996
6	 1	 3	 3	 9.127402	 0.022516
6	 1	 3	 4	 8.116602	 0.021581
6	 1	 3	 5	 9.563952	 0.020765
6	 1	 3	 6	 8.059702	 0.021217
6	 1	 4	 1	 11.113602	 0.025257
6	 1	 4	 2	 10.721182	 0.025423
6	 1	 4	 3	 10.786162	 0.023024
6	 1	 4	 4	 11.958642	 0.032124
6	 1	 4	 5	 10.925192	 0.025889
6	 1	 4	 6	 12.142942	 0.030729
6	 1	 5	 1	 6.557492	 0.028715
6	 1	 5	 2	 8.735592	 0.030018
6	 1	 5	 3	 5.513282	 0.028739
6	 1	 5	 4	 10.919402	 0.041320
6	 1	 5	 5	 10.884382	 0.040583
6	 1	 5	 6	 11.467812	 0.043048
6	 1	 6	 1	 8.228422	 0.053854
6	 1	 6	 2	 8.539642	 0.058718
6	 1	 6	 3	 7.708172	 0.059449
6	 1	 6	 4	 6.295252	 0.062354
6	 1	 6	 5	 6.109762	 0.081195
6	 1	 6	 6	 7.101752	 0.092542
6	 1	 7	 1	 8.353582	 0.108113
6	 1	 7	 2	 10.688032	 0.141363
6	 1	 7	 3	 8.530382	 0.120706
6	 1	 7	 4	 9.481822	 0.130825
6	 1	 7	 5	 9.070972	 0.095615
6	 1	 7	 6	 9.710022	 0.047324
6	 2	 1	 1	 12.754245	 0.079804
6	 2	 1	 2	 11.608065	 0.026848
6	 2	 1	 3	 9.095825	 0.019732
6	 2	 1	 4	 10.694805	 0.019143
6	 2	 1	 5	 9.120435	 0.021253
6	 2	 1	 6	 8.626655	 0.019153
6	 2	 2	 1	 7.935735	 0.018587
6	 2	 2	 2	 8.398935	 0.018177
6	 2	 2	 3	 6.838185	 0.018581
6	 2	 2	 4	 8.260835	 0.017492
6	 2	 2	 5	 9.411865	 0.019081
6	 2	 2	 6	 9.604175	 0.020081
6	 2	 3	 1	 8.168055	 0.019018
6	 2	 3	 2	 9.153485	 0.021618
6	 2	 3	 3	 7.679315	 0.020809
6	 2	 3	 4	 8.193805	 0.021671
6	 2	 3	 5	 7.810225	 0.022965
6	 2	 3	 6	 6.732815	 0.023995
6	 2	 4	 1	 9.837505	 0.023737
6	 2	 4	 2	 9.420845	 0.033436
6	 2	 4	 3	 9.889545	 0.034136
6	 2	 4	 4	 7.227005	 0.025464
6	 2	 4	 5	 6.999755	 0.027850
6	 2	 4	 6	 7.461765	 0.030708
6	 2	 5	 1	 7.935785	 0.031176
6	 2	 5	 2	 12.319635	 0.037662
6	 2	 5	 3	 10.257155	 0.039949
6	 2	 5	 4	 5.963515	 0.074995
6	 2	 5	 5	 8.013825	 0.042344
6	 2	 5	 6	 8.101585	 0.051302
6	 2	 6	 1	 6.004115	 0.045962
6	 2	 6	 2	 6.323455	 0.062503
6	 2	 6	 3	 6.498465	 0.051247
6	 2	 6	 4	 11.244595	 0.090012
6	 2	 6	 5	 10.801885	 0.102377
6	 2	 6	 6	 11.089935	 0.115892
6	 2	 7	 1	 9.881195	 0.098149
6	 2	 7	 2	 11.028185	 0.143137
6	 2	 7	 3	 9.073185	 0.192677
6	 2	 7	 4	 3.625405	 0.147430
6	 2	 7	 5	 6.248175	 0.179757
6	 2	 7	 6	 5.317695	 0.222671
6	 3	 1	 1	 -26.443423	 2.345780
6	 3	 1	 2	 -26.369723	 0.082366
6	 3	 1	 3	 -28.058923	 1.421300
6	 3	 1	 4	 -27.436923	 0.033538
6	 3	 1	 5	 -27.802423	 0.030564
6	 3	 1	 6	 -28.124723	 0.017684
6	 3	 2	 1	 -26.812723	 0.024512
6	 3	 2	 2	 -26.605123	 0.025581
6	 3	 2	 3	 -28.842823	 0.036365
6	 3	 2	 4	 -28.372423	 0.027271
6	 3	 2	 5	 -26.845623	 0.028299
6	 3	 2	 6	 -28.209923	 0.027810
6	 3	 3	 1	 -27.956523	 0.014068
6	 3	 3	 2	 -27.377423	 0.030488
6	 3	 3	 3	 -28.873523	 0.031119
6	 3	 3	 4	 -28.602623	 0.031369
6	 3	 3	 5	 -26.939823	 0.033271
6	 3	 3	 6	 -26.470923	 0.037764
6	 3	 4	 1	 -28.104023	 0.034042
6	 3	 4	 2	 -27.334323	 0.037851
6	 3	 4	 3	 -28.046423	 0.042669
6	 3	 4	 4	 -27.998023	 0.042085
6	 3	 4	 5	 -27.015223	 0.046865
6	 3	 4	 6	 -26.753523	 0.051965
6	 3	 5	 1	 -26.969523	 0.053014
6	 3	 5	 2	 -25.447623	 0.060807
6	 3	 5	 3	 -24.994223	 0.080628
6	 3	 5	 4	 -27.845123	 0.078875
6	 3	 5	 5	 -26.118423	 0.091227
6	 3	 5	 6	 -25.100823	 0.082762
6	 3	 6	 1	 -25.545123	 0.105007
6	 3	 6	 2	 -24.975823	 0.127494
6	 3	 6	 3	 -26.014223	 0.158763
6	 3	 6	 4	 -27.529523	 0.151601
6	 3	 6	 5	 -26.080223	 0.233418
6	 3	 6	 6	 -25.299723	 0.174288
6	 3	 7	 1	 -25.023323	 1.869000
6	 3	 7	 2	 -25.924623	 9.906900
6	 3	 7	 3	 -29.271523	 0.749895
6	 3	 7	 4	 -28.783223	 0.892460
6	 3	 7	 5	 -29.516223	 1.479960
6	 3	 7	 6	 -36.269723	 2.732220
6	 4	 1	 1	 -14.110260	 1.202000
6	 4	 1	 2	 -25.975560	 0.147039
6	 4	 1	 3	 -26.460060	 0.055938
6	 4	 1	 4	 -25.950260	 0.031462
6	 4	 1	 5	 -25.723260	 0.030099
6	 4	 1	 6	 -25.260960	 0.022260
6	 4	 2	 1	 -26.037160	 0.026540
6	 4	 2	 2	 -26.335960	 0.026488
6	 4	 2	 3	 -26.529660	 0.025467
6	 4	 2	 4	 -26.631960	 0.034846
6	 4	 2	 5	 -26.950560	 0.027870
6	 4	 2	 6	 -26.860860	 0.029965
6	 4	 3	 1	 -25.064460	 0.029933
6	 4	 3	 2	 -26.984060	 0.031263
6	 4	 3	 3	 -27.116360	 0.033697
6	 4	 3	 4	 -26.422260	 0.036599
6	 4	 3	 5	 -25.788160	 0.039379
6	 4	 3	 6	 -25.387060	 0.036805
6	 4	 4	 1	 -26.366960	 0.043317
6	 4	 4	 2	 -26.283860	 0.047085
6	 4	 4	 3	 -25.964160	 0.056759
6	 4	 4	 4	 -26.110260	 0.076477
6	 4	 4	 5	 -25.412060	 0.063203
6	 4	 4	 6	 -26.088760	 0.066026
6	 4	 5	 1	 -25.301760	 0.065763
6	 4	 5	 2	 -25.605460	 0.063933
6	 4	 5	 3	 -26.006960	 0.077140
6	 4	 5	 4	 -25.676660	 0.092803
6	 4	 5	 5	 -26.287960	 0.100714
6	 4	 5	 6	 -26.439360	 0.090337
6	 4	 6	 1	 -25.800560	 0.129292
6	 4	 6	 2	 -27.169860	 0.062829
6	 4	 6	 3	 -26.109260	 0.080026
6	 4	 6	 4	 -27.125860	 0.385480
6	 4	 6	 5	 -28.547560	 0.391772
6	 4	 6	 6	 -28.848660	 0.422999
6	 4	 7	 1	 -26.852060	 0.106700
6	 4	 7	 2	 -29.926660	 0.653589
6	 4	 7	 3	 -32.152360	 0.810159
6	 4	 7	 4	 -31.098460	 1.583650
6	 4	 7	 5	 -32.475660	 1.784530
6	 4	 7	 6	 -33.183060	 2.707830
6	 5	 1	 1	 9.637925	 2.964480
6	 5	 1	 2	 22.295925	 0.211970
6	 5	 1	 3	 20.389925	 0.099897
6	 5	 1	 4	 23.964725	 0.058529
6	 5	 1	 5	 25.801625	 0.046662
6	 5	 1	 6	 24.989725	 0.036977
6	 5	 2	 1	 21.631925	 0.013248
6	 5	 2	 2	 24.619925	 0.060359
6	 5	 2	 3	 20.552725	 0.011507
6	 5	 2	 4	 26.728525	 0.035060
6	 5	 2	 5	 26.541925	 0.013088
6	 5	 2	 6	 24.242925	 0.032647
6	 5	 3	 1	 23.437125	 0.033142
6	 5	 3	 2	 22.387825	 0.037002
6	 5	 3	 3	 22.019625	 0.042181
6	 5	 3	 4	 22.209425	 0.045811
6	 5	 3	 5	 23.893825	 0.054399
6	 5	 3	 6	 24.812925	 0.062693
6	 5	 4	 1	 26.409525	 0.067746
6	 5	 4	 2	 28.840525	 0.061982
6	 5	 4	 3	 28.104625	 0.074099
6	 5	 4	 4	 22.988225	 0.082702
6	 5	 4	 5	 21.973725	 0.093083
6	 5	 4	 6	 25.182925	 0.117948
6	 5	 5	 1	 22.777025	 0.104557
6	 5	 5	 2	 24.374925	 0.107201
6	 5	 5	 3	 21.122325	 0.190753
6	 5	 5	 4	 19.470625	 0.427252
6	 5	 5	 5	 22.263925	 0.502583
6	 5	 5	 6	 22.435225	 0.320080
6	 5	 6	 1	 17.901125	 0.371811
6	 5	 6	 2	 13.145825	 0.470465
6	 5	 6	 3	 9.715425	 0.575848
6	 5	 6	 4	 22.264425	 4.279000
6	 5	 6	 5	 18.548325	 1.250090
6	 5	 6	 6	 18.873525	 0.217657
6	 5	 7	 1	 21.469425	 6.854000
6	 5	 7	 2	 15.826925	 0.802511
6	 5	 7	 3	 21.469425	 6.854000
6	 5	 7	 4	 13.671825	 1.783080
6	 5	 7	 5	 12.402425	 2.687400
6	 5	 7	 6	 29.429825	 5.761190
6	 6	 1	 1	 14.656430	 1.264610
6	 6	 1	 2	 25.128530	 1.191000
6	 6	 1	 3	 18.593630	 0.127236
6	 6	 1	 4	 20.400230	 0.068081
6	 6	 1	 5	 20.084930	 0.052622
6	 6	 1	 6	 20.397230	 0.042894
6	 6	 2	 1	 19.591030	 0.033758
6	 6	 2	 2	 18.977230	 0.034200
6	 6	 2	 3	 18.305430	 0.029898
6	 6	 2	 4	 19.357630	 2.602030
6	 6	 2	 5	 17.424130	 0.027898
6	 6	 2	 6	 17.975630	 0.031292
6	 6	 3	 1	 21.543930	 0.048344
6	 6	 3	 2	 20.249730	 0.050385
6	 6	 3	 3	 20.290630	 0.049772
6	 6	 3	 4	 14.323730	 0.070487
6	 6	 3	 5	 18.777130	 0.056437
6	 6	 3	 6	 18.786330	 0.061063
6	 6	 4	 1	 19.977130	 0.078784
6	 6	 4	 2	 19.070330	 0.079782
6	 6	 4	 3	 20.574130	 0.085134
6	 6	 4	 4	 20.011430	 2.171060
6	 6	 4	 5	 21.225430	 0.110031
6	 6	 4	 6	 19.922630	 0.128821
6	 6	 5	 1	 22.972130	 0.128411
6	 6	 5	 2	 22.965430	 0.134130
6	 6	 5	 3	 24.513130	 0.174956
6	 6	 5	 4	 21.669430	 0.211571
6	 6	 5	 5	 25.340830	 0.197305
6	 6	 5	 6	 10.874930	 0.477421
6	 6	 6	 1	 21.606130	 0.145203
6	 6	 6	 2	 7.011000	 0.468026
6	 6	 6	 3	 7.601260	 0.517495
6	 6	 6	 4	 9.317770	 0.623637
6	 6	 6	 5	 13.476830	 0.105891
6	 6	 6	 6	 23.286130	 0.600396
6	 6	 7	 1	 19.390930	 3.289930
6	 6	 7	 2	 11.928630	 0.876249
6	 6	 7	 3	 30.196530	 22.491300
6	 6	 7	 4	 22.554530	 3.904000
6	 6	 7	 5	 28.247630	 2.298580
6	 6	 7	 6	 42.233630	 16.587400
