#& Sector Superlayer Slot Cable T0Correction T0Error
1	 1	 1	 1	 1.690042	 0.026925
1	 1	 1	 2	 3.499055	 0.836818
1	 1	 1	 3	 1.713809	 0.913772
1	 1	 1	 4	 0.709662	 0.962258
1	 1	 1	 5	 2.145727	 0.848597
1	 1	 1	 6	 2.327206	 0.868659
1	 1	 2	 1	 2.602521	 0.004691
1	 1	 2	 2	 1.246497	 0.968514
1	 1	 2	 3	 2.522735	 0.907264
1	 1	 2	 4	 2.891167	 0.870475
1	 1	 2	 5	 3.623243	 0.838415
1	 1	 2	 6	 3.905520	 0.830821
1	 1	 3	 1	 1.857241	 0.988648
1	 1	 3	 2	 4.277211	 1.540606
1	 1	 3	 3	 2.746852	 0.989472
1	 1	 3	 4	 1.249614	 1.063932
1	 1	 3	 5	 2.912131	 0.960930
1	 1	 3	 6	 3.207178	 0.937630
1	 1	 4	 1	 2.810303	 1.028784
1	 1	 4	 2	 2.806856	 1.125492
1	 1	 4	 3	 1.539285	 0.035467
1	 1	 4	 4	 0.761020	 1.272555
1	 1	 4	 5	 2.688974	 1.156162
1	 1	 4	 6	 2.432965	 2.251684
1	 1	 5	 1	 5.238855	 0.027855
1	 1	 5	 2	 3.099760	 0.031542
1	 1	 5	 3	 2.261505	 1.433125
1	 1	 5	 4	 1.721327	 2.771214
1	 1	 5	 5	 4.645465	 2.444664
1	 1	 5	 6	 2.865994	 1.393622
1	 1	 6	 1	 3.924744	 2.817846
1	 1	 6	 2	 3.543825	 3.215462
1	 1	 6	 3	 5.226055	 0.065940
1	 1	 6	 4	 2.571391	 3.911652
1	 1	 6	 5	 0.699975	 2.819852
1	 1	 6	 6	 5.456945	 0.100727
1	 1	 7	 1	 5.454067	 4.217433
1	 1	 7	 2	 0.338170	 6.267413
1	 1	 7	 3	 1.441930	 3.504007
1	 1	 7	 4	 -0.103112	 11.138894
1	 1	 7	 5	 3.125680	 0.131229
1	 1	 7	 6	 4.264685	 0.220162
1	 2	 1	 1	 -19.102158	 4.386601
1	 2	 1	 2	 -18.894436	 1.934519
1	 2	 1	 3	 -20.430406	 2.297433
1	 2	 1	 4	 -19.303030	 1.842221
1	 2	 1	 5	 -21.195300	 2.314007
1	 2	 1	 6	 -18.703816	 1.630748
1	 2	 2	 1	 -19.763250	 1.892369
1	 2	 2	 2	 -19.380058	 1.910811
1	 2	 2	 3	 -21.707699	 2.532420
1	 2	 2	 4	 -20.863503	 0.016433
1	 2	 2	 5	 -18.917266	 1.758415
1	 2	 2	 6	 -22.179770	 2.913619
1	 2	 3	 1	 -24.169027	 3.502434
1	 2	 3	 2	 -20.357213	 2.259044
1	 2	 3	 3	 -20.191803	 0.020154
1	 2	 3	 4	 -20.374953	 2.220112
1	 2	 3	 5	 -20.495559	 2.427138
1	 2	 3	 6	 -21.674373	 2.843383
1	 2	 4	 1	 -22.767249	 3.283252
1	 2	 4	 2	 -21.728679	 2.581448
1	 2	 4	 3	 -20.686603	 0.023390
1	 2	 4	 4	 -23.974443	 2.555120
1	 2	 4	 5	 -19.477883	 2.310854
1	 2	 4	 6	 -22.641712	 3.981567
1	 2	 5	 1	 -23.149082	 4.044919
1	 2	 5	 2	 -19.789103	 0.038390
1	 2	 5	 3	 -19.332923	 2.729332
1	 2	 5	 4	 -22.457321	 4.504372
1	 2	 5	 5	 -20.523032	 3.963090
1	 2	 5	 6	 -20.856313	 4.163531
1	 2	 6	 1	 -19.690881	 3.909565
1	 2	 6	 2	 -25.171640	 8.242072
1	 2	 6	 3	 -21.582085	 3.424558
1	 2	 6	 4	 -23.546052	 5.353273
1	 2	 6	 5	 -24.999310	 6.241779
1	 2	 6	 6	 -18.954727	 3.941357
1	 2	 7	 1	 -21.855960	 8.075594
1	 2	 7	 2	 -22.552247	 5.471574
1	 2	 7	 3	 -19.379770	 7.338428
1	 2	 7	 4	 -25.134855	 10.073903
1	 2	 7	 5	 -30.027067	 9.457041
1	 2	 7	 6	 -22.392403	 0.152579
1	 3	 1	 1	 -13.936381	 3.818290
1	 3	 1	 2	 -12.724881	 0.073424
1	 3	 1	 3	 -15.286781	 0.032217
1	 3	 1	 4	 -15.269181	 0.029691
1	 3	 1	 5	 -14.944681	 0.027174
1	 3	 1	 6	 -18.976054	 2.274187
1	 3	 2	 1	 -15.510081	 0.028137
1	 3	 2	 2	 -15.523109	 1.554921
1	 3	 2	 3	 -16.507826	 1.766960
1	 3	 2	 4	 -14.693981	 0.024747
1	 3	 2	 5	 -16.386889	 1.725175
1	 3	 2	 6	 -14.167281	 0.028262
1	 3	 3	 1	 -20.121240	 2.510173
1	 3	 3	 2	 -20.581048	 2.664839
1	 3	 3	 3	 -17.501629	 1.915018
1	 3	 3	 4	 -20.325586	 2.738552
1	 3	 3	 5	 -18.599482	 2.276698
1	 3	 3	 6	 -13.420981	 0.035054
1	 3	 4	 1	 -14.132181	 0.038213
1	 3	 4	 2	 -14.158881	 0.040526
1	 3	 4	 3	 -19.407439	 2.928160
1	 3	 4	 4	 -18.633973	 2.674275
1	 3	 4	 5	 -15.333320	 1.962748
1	 3	 4	 6	 -16.088403	 2.248005
1	 3	 5	 1	 -12.794740	 1.584946
1	 3	 5	 2	 -17.147304	 2.851335
1	 3	 5	 3	 -14.077984	 2.123933
1	 3	 5	 4	 -14.267196	 2.393758
1	 3	 5	 5	 -12.628259	 2.865445
1	 3	 5	 6	 -13.638493	 2.706179
1	 3	 6	 1	 -13.389362	 4.322206
1	 3	 6	 2	 -13.675830	 2.897950
1	 3	 6	 3	 -20.447321	 3.425564
1	 3	 6	 4	 -22.516536	 5.842512
1	 3	 6	 5	 -8.386183	 2.831368
1	 3	 6	 6	 -10.580021	 4.583771
1	 3	 7	 1	 -14.522950	 6.130835
1	 3	 7	 2	 -13.601561	 10.307982
1	 3	 7	 3	 -18.182281	 0.710913
1	 3	 7	 4	 -19.388381	 0.994972
1	 3	 7	 5	 -17.977281	 1.749730
1	 3	 7	 6	 -20.955981	 3.606850
1	 4	 1	 1	 -48.295600	 56.095903
1	 4	 1	 2	 -18.130233	 0.162276
1	 4	 1	 3	 -16.674033	 0.051202
1	 4	 1	 4	 -17.517833	 0.036478
1	 4	 1	 5	 -16.767433	 0.026415
1	 4	 1	 6	 -16.579533	 0.028198
1	 4	 2	 1	 -20.719497	 2.148969
1	 4	 2	 2	 -17.039033	 0.026129
1	 4	 2	 3	 -21.368951	 2.284584
1	 4	 2	 4	 -22.394081	 2.423028
1	 4	 2	 5	 -19.596323	 1.831674
1	 4	 2	 6	 -17.786957	 1.549624
1	 4	 3	 1	 -19.071826	 1.722970
1	 4	 3	 2	 -21.426404	 2.239900
1	 4	 3	 3	 -23.955660	 2.776530
1	 4	 3	 4	 -21.891720	 2.352128
1	 4	 3	 5	 -26.569597	 2.614992
1	 4	 3	 6	 -19.629464	 1.940849
1	 4	 4	 1	 -20.671259	 2.174378
1	 4	 4	 2	 -20.365805	 2.297077
1	 4	 4	 3	 -24.118174	 2.358085
1	 4	 4	 4	 -29.232359	 5.046547
1	 4	 4	 5	 -21.191597	 2.773429
1	 4	 4	 6	 -21.961659	 2.126528
1	 4	 5	 1	 -26.861670	 4.742096
1	 4	 5	 2	 -22.596269	 3.359555
1	 4	 5	 3	 -22.101449	 3.762848
1	 4	 5	 4	 -19.892546	 3.236475
1	 4	 5	 5	 -19.510418	 3.321714
1	 4	 5	 6	 -23.895051	 4.016368
1	 4	 6	 1	 -19.947975	 3.480891
1	 4	 6	 2	 -18.871771	 3.997561
1	 4	 6	 3	 -17.696733	 0.166741
1	 4	 6	 4	 -32.880928	 18.164996
1	 4	 6	 5	 -20.854936	 5.267994
1	 4	 6	 6	 -36.342025	 29.651925
1	 4	 7	 1	 -26.676164	 9.094260
1	 4	 7	 2	 -18.886533	 0.683434
1	 4	 7	 3	 -46.324328	 38.050138
1	 4	 7	 4	 -23.997133	 1.971960
1	 4	 7	 5	 -9.607733	 99.887500
1	 4	 7	 6	 -21.764833	 2.748620
1	 5	 1	 1	 7.519671	 5.943560
1	 5	 1	 2	 29.266011	 0.037361
1	 5	 1	 3	 22.528305	 7.461518
1	 5	 1	 4	 18.771079	 7.820752
1	 5	 1	 5	 25.392719	 6.039239
1	 5	 1	 6	 30.525411	 0.018420
1	 5	 2	 1	 29.395211	 0.016346
1	 5	 2	 2	 26.868420	 6.231526
1	 5	 2	 3	 31.131211	 0.018948
1	 5	 2	 4	 27.603905	 5.912340
1	 5	 2	 5	 25.483002	 6.340195
1	 5	 2	 6	 26.027417	 6.363992
1	 5	 3	 1	 30.761611	 0.030526
1	 5	 3	 2	 27.188065	 5.751223
1	 5	 3	 3	 30.906152	 5.135185
1	 5	 3	 4	 23.423165	 6.612364
1	 5	 3	 5	 23.008327	 6.468648
1	 5	 3	 6	 32.746111	 0.054228
1	 5	 4	 1	 24.056283	 4.720571
1	 5	 4	 2	 30.014611	 0.062136
1	 5	 4	 3	 24.075365	 6.686363
1	 5	 4	 4	 24.119720	 6.699752
1	 5	 4	 5	 29.261909	 5.755718
1	 5	 4	 6	 31.958311	 0.113600
1	 5	 5	 1	 23.854584	 7.525754
1	 5	 5	 2	 27.318569	 6.961578
1	 5	 5	 3	 18.324158	 9.373973
1	 5	 5	 4	 22.562044	 8.799572
1	 5	 5	 5	 31.311766	 6.856227
1	 5	 5	 6	 29.932935	 8.092522
1	 5	 6	 1	 25.433354	 10.334885
1	 5	 6	 2	 28.615511	 0.624763
1	 5	 6	 3	 31.204961	 10.735900
1	 5	 6	 4	 23.621211	 0.713254
1	 5	 6	 5	 28.986977	 12.436907
1	 5	 6	 6	 23.162055	 12.980523
1	 5	 7	 1	 22.436336	 18.507795
1	 5	 7	 2	 28.159463	 22.398734
1	 5	 7	 3	 23.717279	 16.752766
1	 5	 7	 4	 35.368211	 7.634000
1	 5	 7	 5	 42.062311	 0.866746
1	 5	 7	 6	 45.596011	 13.204500
1	 6	 1	 1	 19.108145	 4.719744
1	 6	 1	 2	 17.115434	 4.452631
1	 6	 1	 3	 19.286444	 3.936347
1	 6	 1	 4	 23.801937	 0.036847
1	 6	 1	 5	 16.193281	 8.421028
1	 6	 1	 6	 23.306980	 4.075873
1	 6	 2	 1	 20.319509	 4.705305
1	 6	 2	 2	 23.178037	 0.012555
1	 6	 2	 3	 12.266953	 4.937936
1	 6	 2	 4	 15.347050	 6.073856
1	 6	 2	 5	 22.798737	 0.022217
1	 6	 2	 6	 20.781779	 4.835332
1	 6	 3	 1	 23.700737	 0.020414
1	 6	 3	 2	 23.680385	 4.048443
1	 6	 3	 3	 23.969837	 0.041609
1	 6	 3	 4	 23.901937	 0.045265
1	 6	 3	 5	 23.240737	 0.047699
1	 6	 3	 6	 14.282695	 4.034352
1	 6	 4	 1	 17.543711	 3.704901
1	 6	 4	 2	 16.457175	 5.335560
1	 6	 4	 3	 20.137526	 4.887487
1	 6	 4	 4	 19.730261	 5.040126
1	 6	 4	 5	 18.310688	 8.118867
1	 6	 4	 6	 22.254890	 4.907396
1	 6	 5	 1	 24.971209	 7.443983
1	 6	 5	 2	 25.597197	 7.085957
1	 6	 5	 3	 24.072257	 8.174245
1	 6	 5	 4	 20.214949	 4.474122
1	 6	 5	 5	 27.670560	 7.375389
1	 6	 5	 6	 21.957340	 6.113618
1	 6	 6	 1	 27.541538	 8.464743
1	 6	 6	 2	 21.751227	 6.194681
1	 6	 6	 3	 21.256589	 9.817801
1	 6	 6	 4	 24.837610	 13.611928
1	 6	 6	 5	 -1.714414	 36.466853
1	 6	 6	 6	 30.213000	 16.004255
1	 6	 7	 1	 22.894045	 14.813970
1	 6	 7	 2	 28.443737	 5.225000
1	 6	 7	 3	 -4.321442	 68.264061
1	 6	 7	 4	 18.384040	 22.136707
1	 6	 7	 5	 -78.172113	 203.524955
1	 6	 7	 6	 28.443737	 5.225000
2	 1	 1	 1	 13.458308	 5.847344
2	 1	 1	 2	 14.484045	 3.289762
2	 1	 1	 3	 14.019238	 0.020454
2	 1	 1	 4	 11.002201	 2.162678
2	 1	 1	 5	 12.621728	 2.722827
2	 1	 1	 6	 12.448216	 1.964996
2	 1	 2	 1	 11.559707	 2.317150
2	 1	 2	 2	 10.931348	 1.810507
2	 1	 2	 3	 13.680738	 0.018263
2	 1	 2	 4	 14.671274	 2.159333
2	 1	 2	 5	 16.130648	 2.612814
2	 1	 2	 6	 15.743649	 2.246850
2	 1	 3	 1	 13.778946	 3.248072
2	 1	 3	 2	 14.854391	 2.908196
2	 1	 3	 3	 12.365605	 1.853345
2	 1	 3	 4	 11.299102	 4.054923
2	 1	 3	 5	 15.070238	 0.023824
2	 1	 3	 6	 12.382212	 1.814302
2	 1	 4	 1	 13.467932	 2.184682
2	 1	 4	 2	 10.873508	 2.154035
2	 1	 4	 3	 10.058139	 2.306082
2	 1	 4	 4	 12.825213	 2.644161
2	 1	 4	 5	 11.929662	 2.131570
2	 1	 4	 6	 10.811542	 2.419530
2	 1	 5	 1	 11.958747	 3.204573
2	 1	 5	 2	 11.495035	 2.505698
2	 1	 5	 3	 10.351621	 2.758512
2	 1	 5	 4	 12.315630	 2.516803
2	 1	 5	 5	 11.150238	 5.596967
2	 1	 5	 6	 15.066081	 4.645472
2	 1	 6	 1	 13.722130	 5.749735
2	 1	 6	 2	 18.021338	 0.011630
2	 1	 6	 3	 12.496905	 5.077090
2	 1	 6	 4	 8.739329	 7.494665
2	 1	 6	 5	 8.195318	 5.043401
2	 1	 6	 6	 19.706538	 0.197277
2	 1	 7	 1	 12.740383	 7.079283
2	 1	 7	 2	 8.385009	 7.129083
2	 1	 7	 3	 -2.065257	 10.812735
2	 1	 7	 4	 8.476887	 14.794859
2	 1	 7	 5	 12.837138	 0.222250
2	 1	 7	 6	 16.597238	 0.193318
2	 2	 1	 1	 16.844960	 5.391734
2	 2	 1	 2	 17.888599	 0.022215
2	 2	 1	 3	 15.556631	 2.959753
2	 2	 1	 4	 16.357160	 2.593946
2	 2	 1	 5	 17.255999	 0.022152
2	 2	 1	 6	 16.690010	 2.458334
2	 2	 2	 1	 18.783935	 3.092251
2	 2	 2	 2	 18.862823	 3.156896
2	 2	 2	 3	 18.166627	 3.276213
2	 2	 2	 4	 17.951791	 3.517036
2	 2	 2	 5	 14.049826	 2.879969
2	 2	 2	 6	 15.410529	 2.799970
2	 2	 3	 1	 12.414898	 1.718780
2	 2	 3	 2	 14.465566	 2.992345
2	 2	 3	 3	 10.201639	 2.044541
2	 2	 3	 4	 12.643099	 0.028657
2	 2	 3	 5	 11.747947	 2.599159
2	 2	 3	 6	 13.361199	 0.024500
2	 2	 4	 1	 14.628653	 3.342940
2	 2	 4	 2	 15.128999	 2.388579
2	 2	 4	 3	 15.323022	 3.344000
2	 2	 4	 4	 11.668091	 1.911969
2	 2	 4	 5	 18.460399	 0.032488
2	 2	 4	 6	 16.291799	 0.035482
2	 2	 5	 1	 10.380554	 3.326423
2	 2	 5	 2	 11.922665	 2.462493
2	 2	 5	 3	 9.557168	 3.060332
2	 2	 5	 4	 10.602317	 3.234663
2	 2	 5	 5	 10.768708	 3.129149
2	 2	 5	 6	 16.035946	 3.504859
2	 2	 6	 1	 13.525364	 6.188928
2	 2	 6	 2	 11.172232	 10.414049
2	 2	 6	 3	 14.638899	 6.175953
2	 2	 6	 4	 8.416513	 5.771414
2	 2	 6	 5	 7.596829	 8.826825
2	 2	 6	 6	 16.449269	 7.617468
2	 2	 7	 1	 14.335099	 0.146483
2	 2	 7	 2	 15.059899	 0.690234
2	 2	 7	 3	 17.763699	 0.313706
2	 2	 7	 4	 14.746899	 0.211912
2	 2	 7	 5	 15.322299	 0.257461
2	 2	 7	 6	 10.831299	 8.881933
2	 3	 1	 1	 29.892715	 2.363320
2	 3	 1	 2	 24.115652	 7.652658
2	 3	 1	 3	 22.943115	 0.045471
2	 3	 1	 4	 15.057173	 2.741628
2	 3	 1	 5	 16.937015	 0.029133
2	 3	 1	 6	 16.878115	 0.028629
2	 3	 2	 1	 17.434401	 3.492717
2	 3	 2	 2	 18.092515	 0.024969
2	 3	 2	 3	 17.531315	 0.026830
2	 3	 2	 4	 16.436326	 3.650156
2	 3	 2	 5	 13.863627	 3.335175
2	 3	 2	 6	 13.682648	 4.290926
2	 3	 3	 1	 17.109715	 0.028820
2	 3	 3	 2	 14.788310	 3.985513
2	 3	 3	 3	 13.613910	 4.096980
2	 3	 3	 4	 17.178315	 0.040635
2	 3	 3	 5	 1.962935	 8.222010
2	 3	 3	 6	 17.464915	 0.043994
2	 3	 4	 1	 19.378215	 0.036497
2	 3	 4	 2	 16.038258	 4.338091
2	 3	 4	 3	 14.820276	 4.610343
2	 3	 4	 4	 18.712171	 3.944118
2	 3	 4	 5	 17.017278	 4.468223
2	 3	 4	 6	 16.897817	 4.759674
2	 3	 5	 1	 14.009165	 5.781145
2	 3	 5	 2	 16.757210	 5.537654
2	 3	 5	 3	 18.247173	 5.094195
2	 3	 5	 4	 14.131149	 5.214520
2	 3	 5	 5	 18.808615	 0.105252
2	 3	 5	 6	 17.540919	 6.566459
2	 3	 6	 1	 17.531822	 6.119078
2	 3	 6	 2	 19.496204	 9.562948
2	 3	 6	 3	 15.325219	 10.315735
2	 3	 6	 4	 22.703054	 13.031560
2	 3	 6	 5	 16.264025	 20.315321
2	 3	 6	 6	 7.947472	 21.456289
2	 3	 7	 1	 12.906274	 15.704171
2	 3	 7	 2	 19.568283	 14.220068
2	 3	 7	 3	 15.003715	 0.798274
2	 3	 7	 4	 16.444115	 1.355320
2	 3	 7	 5	 20.447015	 9.533030
2	 3	 7	 6	 18.877815	 2.710580
2	 4	 1	 1	 33.841898	 6.497670
2	 4	 1	 2	 19.028498	 0.162418
2	 4	 1	 3	 18.461798	 0.062235
2	 4	 1	 4	 17.802812	 4.542338
2	 4	 1	 5	 17.976098	 0.035261
2	 4	 1	 6	 18.750998	 0.030044
2	 4	 2	 1	 14.954442	 4.346280
2	 4	 2	 2	 17.702098	 0.025379
2	 4	 2	 3	 12.824122	 5.113448
2	 4	 2	 4	 16.616384	 4.337468
2	 4	 2	 5	 16.454581	 3.893353
2	 4	 2	 6	 13.948026	 4.626515
2	 4	 3	 1	 7.804785	 5.291026
2	 4	 3	 2	 12.598641	 4.407263
2	 4	 3	 3	 11.387887	 4.690071
2	 4	 3	 4	 13.769350	 4.507945
2	 4	 3	 5	 10.125606	 5.476610
2	 4	 3	 6	 18.401898	 0.040019
2	 4	 4	 1	 14.127381	 4.472074
2	 4	 4	 2	 16.440198	 0.051908
2	 4	 4	 3	 14.970985	 4.903314
2	 4	 4	 4	 13.030896	 5.536665
2	 4	 4	 5	 17.229830	 4.586591
2	 4	 4	 6	 15.338088	 5.143050
2	 4	 5	 1	 17.083598	 0.067306
2	 4	 5	 2	 12.390546	 6.881268
2	 4	 5	 3	 13.094670	 7.004041
2	 4	 5	 4	 6.723834	 6.577325
2	 4	 5	 5	 18.562284	 6.736641
2	 4	 5	 6	 18.231498	 0.121574
2	 4	 6	 1	 13.611404	 7.830921
2	 4	 6	 2	 17.825698	 0.425495
2	 4	 6	 3	 11.124436	 7.588620
2	 4	 6	 4	 18.794861	 9.883268
2	 4	 6	 5	 17.766514	 12.872945
2	 4	 6	 6	 11.088085	 11.497533
2	 4	 7	 1	 12.749380	 21.409547
2	 4	 7	 2	 -3.070429	 34.556729
2	 4	 7	 3	 11.068788	 52.397901
2	 4	 7	 4	 13.704798	 1.266970
2	 4	 7	 5	 15.047498	 1.997930
2	 4	 7	 6	 25.874398	 21.482100
2	 5	 1	 1	 16.561230	 1.543640
2	 5	 1	 2	 29.606930	 0.023863
2	 5	 1	 3	 28.881530	 0.051452
2	 5	 1	 4	 28.208330	 0.042090
2	 5	 1	 5	 30.733030	 0.010591
2	 5	 1	 6	 29.714330	 0.012624
2	 5	 2	 1	 29.658330	 0.008872
2	 5	 2	 2	 22.828883	 7.371158
2	 5	 2	 3	 30.780830	 0.009328
2	 5	 2	 4	 17.316681	 8.179592
2	 5	 2	 5	 26.490334	 6.816053
2	 5	 2	 6	 30.422988	 5.381862
2	 5	 3	 1	 28.453470	 5.467697
2	 5	 3	 2	 31.861730	 0.034956
2	 5	 3	 3	 31.952829	 4.823335
2	 5	 3	 4	 24.114091	 6.507620
2	 5	 3	 5	 33.087930	 4.582918
2	 5	 3	 6	 30.460127	 5.592280
2	 5	 4	 1	 26.448176	 6.385975
2	 5	 4	 2	 20.669819	 7.228421
2	 5	 4	 3	 30.854830	 0.070524
2	 5	 4	 4	 29.146030	 0.088530
2	 5	 4	 5	 23.708567	 7.218343
2	 5	 4	 6	 31.289530	 0.099895
2	 5	 5	 1	 30.144030	 0.117673
2	 5	 5	 2	 29.348656	 7.017289
2	 5	 5	 3	 23.778171	 8.184535
2	 5	 5	 4	 32.218965	 6.548900
2	 5	 5	 5	 31.459969	 7.205774
2	 5	 5	 6	 25.179454	 9.704357
2	 5	 6	 1	 20.283271	 12.546200
2	 5	 6	 2	 22.562453	 12.534761
2	 5	 6	 3	 15.672521	 25.779737
2	 5	 6	 4	 32.762234	 13.097966
2	 5	 6	 5	 20.067830	 0.965394
2	 5	 6	 6	 17.593830	 0.836154
2	 5	 7	 1	 4.999171	 37.950549
2	 5	 7	 2	 26.376508	 17.457118
2	 5	 7	 3	 30.639413	 23.826820
2	 5	 7	 4	 23.970314	 31.854112
2	 5	 7	 5	 1.262764	 53.846833
2	 5	 7	 6	 41.653410	 45.192737
2	 6	 1	 1	 18.818857	 6.872395
2	 6	 1	 2	 18.809191	 4.162164
2	 6	 1	 3	 22.610196	 4.890560
2	 6	 1	 4	 20.514301	 3.999455
2	 6	 1	 5	 13.229091	 8.993656
2	 6	 1	 6	 -13.749808	 12.885711
2	 6	 2	 1	 18.704662	 4.139343
2	 6	 2	 2	 21.649082	 5.993269
2	 6	 2	 3	 11.634754	 10.424894
2	 6	 2	 4	 24.250002	 0.018887
2	 6	 2	 5	 26.381402	 0.028619
2	 6	 2	 6	 30.036624	 8.970336
2	 6	 3	 1	 2.484158	 11.429822
2	 6	 3	 2	 24.085113	 5.040663
2	 6	 3	 3	 29.784002	 0.010397
2	 6	 3	 4	 24.224704	 4.325458
2	 6	 3	 5	 27.089102	 0.048575
2	 6	 3	 6	 29.620802	 0.056641
2	 6	 4	 1	 27.866102	 0.064625
2	 6	 4	 2	 20.236003	 7.864515
2	 6	 4	 3	 23.719758	 4.586329
2	 6	 4	 4	 27.050702	 0.090032
2	 6	 4	 5	 27.219802	 0.094492
2	 6	 4	 6	 19.874690	 4.313911
2	 6	 5	 1	 22.188511	 5.446629
2	 6	 5	 2	 23.984591	 5.220099
2	 6	 5	 3	 18.258303	 5.043316
2	 6	 5	 4	 24.023297	 5.441823
2	 6	 5	 5	 18.109889	 5.251682
2	 6	 5	 6	 19.057406	 5.671006
2	 6	 6	 1	 22.241523	 5.766463
2	 6	 6	 2	 30.513306	 9.141885
2	 6	 6	 3	 17.101767	 7.110236
2	 6	 6	 4	 10.182117	 15.902205
2	 6	 6	 5	 21.083251	 18.852049
2	 6	 6	 6	 27.920902	 0.109236
2	 6	 7	 1	 29.357710	 18.158483
2	 6	 7	 2	 -18.967499	 50.269988
2	 6	 7	 3	 25.985712	 14.875096
2	 6	 7	 4	 22.435402	 1.712620
2	 6	 7	 5	 20.921457	 20.197579
2	 6	 7	 6	 27.476402	 4.021000
3	 1	 1	 1	 39.856593	 0.035350
3	 1	 1	 2	 39.521979	 6.601918
3	 1	 1	 3	 40.292456	 4.899179
3	 1	 1	 4	 38.814478	 5.848008
3	 1	 1	 5	 37.579768	 4.157397
3	 1	 1	 6	 39.065263	 5.332898
3	 1	 2	 1	 39.990967	 4.912910
3	 1	 2	 2	 41.799253	 6.271500
3	 1	 2	 3	 39.849382	 5.281148
3	 1	 2	 4	 42.252866	 6.529437
3	 1	 2	 5	 40.179975	 3.918531
3	 1	 2	 6	 40.485793	 0.016449
3	 1	 3	 1	 38.861881	 5.874716
3	 1	 3	 2	 40.056180	 5.492300
3	 1	 3	 3	 39.424927	 6.077700
3	 1	 3	 4	 39.713070	 5.933398
3	 1	 3	 5	 41.051993	 0.022130
3	 1	 3	 6	 37.360498	 7.607126
3	 1	 4	 1	 39.649055	 4.838396
3	 1	 4	 2	 42.355393	 0.022265
3	 1	 4	 3	 35.937889	 6.527053
3	 1	 4	 4	 40.416973	 6.924109
3	 1	 4	 5	 40.205970	 7.174577
3	 1	 4	 6	 39.216442	 5.675566
3	 1	 5	 1	 35.993737	 10.350021
3	 1	 5	 2	 39.686593	 0.032096
3	 1	 5	 3	 37.350941	 7.054629
3	 1	 5	 4	 37.245458	 11.485011
3	 1	 5	 5	 39.262704	 9.712521
3	 1	 5	 6	 40.227537	 9.446201
3	 1	 6	 1	 39.321832	 12.031356
3	 1	 6	 2	 40.716793	 0.049618
3	 1	 6	 3	 39.862625	 13.583246
3	 1	 6	 4	 41.807583	 16.760003
3	 1	 6	 5	 37.832860	 27.251878
3	 1	 6	 6	 34.632216	 38.491232
3	 1	 7	 1	 42.235414	 14.561497
3	 1	 7	 2	 39.573538	 16.370330
3	 1	 7	 3	 45.234945	 26.440008
3	 1	 7	 4	 -51.012915	 245.929848
3	 1	 7	 5	 43.004093	 0.161231
3	 1	 7	 6	 42.282593	 0.176222
3	 2	 1	 1	 41.124146	 10.174446
3	 2	 1	 2	 44.735365	 8.695460
3	 2	 1	 3	 43.246011	 6.456666
3	 2	 1	 4	 42.158429	 6.309394
3	 2	 1	 5	 39.669995	 7.505552
3	 2	 1	 6	 44.379446	 5.247283
3	 2	 2	 1	 43.489688	 5.730714
3	 2	 2	 2	 44.114807	 8.049126
3	 2	 2	 3	 43.630585	 5.947056
3	 2	 2	 4	 42.238319	 6.964064
3	 2	 2	 5	 42.198685	 6.927299
3	 2	 2	 6	 44.416507	 0.019611
3	 2	 3	 1	 41.318025	 7.520238
3	 2	 3	 2	 41.946499	 5.171746
3	 2	 3	 3	 38.999964	 8.961246
3	 2	 3	 4	 41.329540	 8.069815
3	 2	 3	 5	 41.789447	 5.638532
3	 2	 3	 6	 41.381055	 7.908773
3	 2	 4	 1	 39.010292	 5.121250
3	 2	 4	 2	 41.524475	 8.195019
3	 2	 4	 3	 37.418624	 8.218788
3	 2	 4	 4	 40.964116	 8.974085
3	 2	 4	 5	 39.030936	 7.596302
3	 2	 4	 6	 39.461119	 8.285729
3	 2	 5	 1	 37.799044	 7.184760
3	 2	 5	 2	 44.102307	 0.038069
3	 2	 5	 3	 35.286144	 11.613068
3	 2	 5	 4	 44.245532	 8.948957
3	 2	 5	 5	 38.312080	 11.465297
3	 2	 5	 6	 41.859344	 12.052739
3	 2	 6	 1	 35.817949	 19.078501
3	 2	 6	 2	 41.933207	 0.051937
3	 2	 6	 3	 39.220016	 18.374979
3	 2	 6	 4	 33.162874	 27.945845
3	 2	 6	 5	 42.002207	 0.019735
3	 2	 6	 6	 42.697707	 0.091867
3	 2	 7	 1	 42.732407	 0.103410
3	 2	 7	 2	 43.082874	 22.676429
3	 2	 7	 3	 36.429983	 18.931876
3	 2	 7	 4	 44.609707	 0.155239
3	 2	 7	 5	 42.806107	 0.261522
3	 2	 7	 6	 44.350707	 0.243205
3	 3	 1	 1	 52.074235	 32.643719
3	 3	 1	 2	 40.555275	 12.653992
3	 3	 1	 3	 40.615960	 0.048930
3	 3	 1	 4	 41.617587	 7.467008
3	 3	 1	 5	 41.699097	 6.518722
3	 3	 1	 6	 44.101160	 0.030400
3	 3	 2	 1	 39.780801	 10.152727
3	 3	 2	 2	 42.309267	 8.641427
3	 3	 2	 3	 38.284472	 7.477326
3	 3	 2	 4	 42.463386	 8.842377
3	 3	 2	 5	 42.653077	 6.349815
3	 3	 2	 6	 44.920213	 8.177250
3	 3	 3	 1	 44.442992	 7.506388
3	 3	 3	 2	 43.796457	 7.875905
3	 3	 3	 3	 42.865471	 8.728802
3	 3	 3	 4	 45.522213	 7.680343
3	 3	 3	 5	 43.788638	 8.841631
3	 3	 3	 6	 41.399329	 6.895764
3	 3	 4	 1	 40.985819	 7.255453
3	 3	 4	 2	 43.599991	 6.805614
3	 3	 4	 3	 46.068002	 6.487900
3	 3	 4	 4	 35.164651	 9.086271
3	 3	 4	 5	 36.990369	 6.986103
3	 3	 4	 6	 36.774427	 7.073861
3	 3	 5	 1	 33.444707	 12.410154
3	 3	 5	 2	 37.289987	 8.641240
3	 3	 5	 3	 43.328660	 0.068461
3	 3	 5	 4	 39.803766	 9.236416
3	 3	 5	 5	 45.589760	 0.120991
3	 3	 5	 6	 44.306826	 17.930421
3	 3	 6	 1	 44.243560	 0.113426
3	 3	 6	 2	 42.831560	 0.134270
3	 3	 6	 3	 37.339632	 17.560585
3	 3	 6	 4	 35.519353	 23.356085
3	 3	 6	 5	 45.183410	 42.139431
3	 3	 6	 6	 29.276320	 34.839068
3	 3	 7	 1	 41.803660	 0.433051
3	 3	 7	 2	 42.345160	 0.512733
3	 3	 7	 3	 39.662660	 0.693647
3	 3	 7	 4	 40.547760	 1.415060
3	 3	 7	 5	 40.417360	 1.746690
3	 3	 7	 6	 43.640160	 18.623600
3	 4	 1	 1	 53.523668	 5.662000
3	 4	 1	 2	 41.595735	 9.100309
3	 4	 1	 3	 42.858668	 0.051981
3	 4	 1	 4	 42.959968	 0.038008
3	 4	 1	 5	 43.094368	 0.032020
3	 4	 1	 6	 39.704325	 8.776226
3	 4	 2	 1	 41.941968	 0.028098
3	 4	 2	 2	 33.545973	 10.630145
3	 4	 2	 3	 43.884568	 0.029684
3	 4	 2	 4	 40.815924	 6.293961
3	 4	 2	 5	 41.963599	 5.989783
3	 4	 2	 6	 42.946539	 7.574702
3	 4	 3	 1	 39.131374	 8.107743
3	 4	 3	 2	 36.702240	 12.301492
3	 4	 3	 3	 44.156119	 5.103518
3	 4	 3	 4	 42.811368	 0.039088
3	 4	 3	 5	 38.118906	 9.413004
3	 4	 3	 6	 41.159545	 8.194584
3	 4	 4	 1	 45.094383	 10.300544
3	 4	 4	 2	 41.247659	 11.714407
3	 4	 4	 3	 40.059874	 13.113235
3	 4	 4	 4	 37.639607	 6.393959
3	 4	 4	 5	 40.697561	 6.531628
3	 4	 4	 6	 43.067717	 13.838969
3	 4	 5	 1	 40.525312	 8.410884
3	 4	 5	 2	 44.467255	 7.555355
3	 4	 5	 3	 42.102078	 9.233425
3	 4	 5	 4	 32.708092	 24.044204
3	 4	 5	 5	 40.641723	 20.584969
3	 4	 5	 6	 36.722833	 14.592483
3	 4	 6	 1	 45.066823	 15.788426
3	 4	 6	 2	 54.164832	 14.300098
3	 4	 6	 3	 41.930731	 22.950677
3	 4	 6	 4	 37.757497	 14.711797
3	 4	 6	 5	 48.209140	 39.659956
3	 4	 6	 6	 53.903292	 39.176123
3	 4	 7	 1	 7.047411	 78.837396
3	 4	 7	 2	 47.331868	 0.670948
3	 4	 7	 3	 32.225846	 37.540466
3	 4	 7	 4	 35.062949	 21.113396
3	 4	 7	 5	 41.763068	 1.866040
3	 4	 7	 6	 46.530668	 2.295420
3	 5	 1	 1	 52.109891	 7.210680
3	 5	 1	 2	 65.825562	 14.231347
3	 5	 1	 3	 72.261791	 0.033158
3	 5	 1	 4	 71.162791	 0.031451
3	 5	 1	 5	 72.355991	 0.039983
3	 5	 1	 6	 67.374977	 8.712348
3	 5	 2	 1	 71.104391	 0.016100
3	 5	 2	 2	 66.728120	 12.754334
3	 5	 2	 3	 71.140595	 10.875693
3	 5	 2	 4	 68.171193	 8.785758
3	 5	 2	 5	 63.100476	 10.568088
3	 5	 2	 6	 45.474907	 25.776329
3	 5	 3	 1	 73.229291	 0.032694
3	 5	 3	 2	 71.848983	 10.116104
3	 5	 3	 3	 68.584011	 11.705448
3	 5	 3	 4	 73.695525	 8.965861
3	 5	 3	 5	 70.752067	 10.696031
3	 5	 3	 6	 68.521958	 11.970147
3	 5	 4	 1	 68.851932	 11.515287
3	 5	 4	 2	 66.225247	 13.204983
3	 5	 4	 3	 66.702238	 12.823751
3	 5	 4	 4	 66.451031	 13.131112
3	 5	 4	 5	 68.269535	 12.554227
3	 5	 4	 6	 68.173713	 13.639068
3	 5	 5	 1	 57.236578	 13.417425
3	 5	 5	 2	 63.252697	 12.235297
3	 5	 5	 3	 60.370513	 12.912934
3	 5	 5	 4	 56.000103	 10.601122
3	 5	 5	 5	 52.844997	 9.298774
3	 5	 5	 6	 55.479224	 13.054900
3	 5	 6	 1	 61.111244	 18.687980
3	 5	 6	 2	 62.024905	 19.751196
3	 5	 6	 3	 57.435291	 0.290654
3	 5	 6	 4	 54.750691	 0.266287
3	 5	 6	 5	 65.079136	 28.625537
3	 5	 6	 6	 56.892891	 0.958898
3	 5	 7	 1	 46.907231	 36.165142
3	 5	 7	 2	 57.064008	 37.290729
3	 5	 7	 3	 53.066682	 26.921789
3	 5	 7	 4	 49.694891	 2.537120
3	 5	 7	 5	 53.677238	 71.610870
3	 5	 7	 6	 61.686791	 12.885000
3	 6	 1	 1	 59.103042	 20.254456
3	 6	 1	 2	 67.582078	 10.425518
3	 6	 1	 3	 62.910698	 12.842640
3	 6	 1	 4	 60.684725	 13.590348
3	 6	 1	 5	 63.321309	 11.074678
3	 6	 1	 6	 55.736807	 13.744751
3	 6	 2	 1	 61.496781	 14.960693
3	 6	 2	 2	 68.009711	 0.034511
3	 6	 2	 3	 64.365722	 15.057968
3	 6	 2	 4	 68.929621	 13.043058
3	 6	 2	 5	 60.520257	 11.604223
3	 6	 2	 6	 66.690543	 13.562573
3	 6	 3	 1	 61.975338	 10.591661
3	 6	 3	 2	 68.420211	 0.039634
3	 6	 3	 3	 57.084948	 16.940796
3	 6	 3	 4	 57.349824	 16.317651
3	 6	 3	 5	 65.184810	 13.544085
3	 6	 3	 6	 58.304883	 16.240259
3	 6	 4	 1	 68.705011	 0.072258
3	 6	 4	 2	 68.266011	 0.075034
3	 6	 4	 3	 71.012111	 0.163580
3	 6	 4	 4	 63.154600	 14.763070
3	 6	 4	 5	 59.252322	 11.942389
3	 6	 4	 6	 62.360341	 17.270558
3	 6	 5	 1	 54.311317	 7.886924
3	 6	 5	 2	 49.616079	 12.956694
3	 6	 5	 3	 52.173746	 8.578114
3	 6	 5	 4	 53.938783	 8.463111
3	 6	 5	 5	 48.523621	 10.917690
3	 6	 5	 6	 55.007265	 17.345467
3	 6	 6	 1	 50.657295	 23.229144
3	 6	 6	 2	 54.380743	 12.657173
3	 6	 6	 3	 60.829615	 16.593791
3	 6	 6	 4	 47.349411	 0.695749
3	 6	 6	 5	 57.326560	 20.669647
3	 6	 6	 6	 50.029051	 17.755036
3	 6	 7	 1	 40.709372	 26.792276
3	 6	 7	 2	 42.521711	 1.321450
3	 6	 7	 3	 52.232444	 35.398527
3	 6	 7	 4	 52.232411	 1.638570
3	 6	 7	 5	 31.321045	 22.195919
3	 6	 7	 6	 42.934766	 29.690341
4	 1	 1	 1	 7.032769	 0.038349
4	 1	 1	 2	 7.822329	 0.019535
4	 1	 1	 3	 7.632249	 0.016713
4	 1	 1	 4	 5.723694	 1.101860
4	 1	 1	 5	 6.421444	 1.031575
4	 1	 1	 6	 5.692473	 1.201207
4	 1	 2	 1	 5.975658	 1.137723
4	 1	 2	 2	 6.402836	 1.200070
4	 1	 2	 3	 4.061506	 1.410820
4	 1	 2	 4	 5.731577	 1.213210
4	 1	 2	 5	 6.705069	 0.016562
4	 1	 2	 6	 8.221079	 0.017104
4	 1	 3	 1	 4.988229	 1.369817
4	 1	 3	 2	 6.192108	 1.265848
4	 1	 3	 3	 7.130119	 0.017657
4	 1	 3	 4	 5.223259	 1.069160
4	 1	 3	 5	 5.816305	 1.368091
4	 1	 3	 6	 4.882102	 1.530214
4	 1	 4	 1	 5.440888	 1.173474
4	 1	 4	 2	 5.619614	 2.474102
4	 1	 4	 3	 1.190162	 3.325055
4	 1	 4	 4	 5.215371	 1.301607
4	 1	 4	 5	 5.279610	 2.659217
4	 1	 4	 6	 6.507260	 2.669510
4	 1	 5	 1	 3.819075	 1.622232
4	 1	 5	 2	 6.163458	 2.984993
4	 1	 5	 3	 4.704300	 1.709104
4	 1	 5	 4	 8.244629	 0.035096
4	 1	 5	 5	 2.619447	 2.369150
4	 1	 5	 6	 8.458197	 3.280318
4	 1	 6	 1	 6.500727	 1.882554
4	 1	 6	 2	 8.049649	 0.048054
4	 1	 6	 3	 6.899059	 0.045877
4	 1	 6	 4	 6.028857	 2.530027
4	 1	 6	 5	 7.406289	 0.068145
4	 1	 6	 6	 7.784629	 0.095196
4	 1	 7	 1	 -14.833071	 9.887209
4	 1	 7	 2	 7.207452	 5.622440
4	 1	 7	 3	 6.383939	 4.639837
4	 1	 7	 4	 7.984179	 0.147717
4	 1	 7	 5	 7.558079	 0.135373
4	 1	 7	 6	 7.673569	 0.238131
4	 2	 1	 1	 33.885992	 0.055125
4	 2	 1	 2	 34.589377	 5.133894
4	 2	 1	 3	 33.711456	 4.843228
4	 2	 1	 4	 34.100192	 4.396780
4	 2	 1	 5	 34.501853	 4.089038
4	 2	 1	 6	 34.536492	 0.016833
4	 2	 2	 1	 33.357370	 4.451029
4	 2	 2	 2	 47.747906	 8.496847
4	 2	 2	 3	 32.079763	 5.253231
4	 2	 2	 4	 33.549515	 4.725558
4	 2	 2	 5	 33.581292	 0.017995
4	 2	 2	 6	 32.750343	 3.897984
4	 2	 3	 1	 33.162758	 4.960634
4	 2	 3	 2	 33.937392	 0.019605
4	 2	 3	 3	 29.891527	 3.460048
4	 2	 3	 4	 29.708984	 3.595537
4	 2	 3	 5	 32.811334	 5.713405
4	 2	 3	 6	 31.670223	 6.120408
4	 2	 4	 1	 31.744970	 6.208935
4	 2	 4	 2	 33.103534	 4.329370
4	 2	 4	 3	 33.760992	 0.023184
4	 2	 4	 4	 32.230698	 6.491050
4	 2	 4	 5	 30.691581	 7.593337
4	 2	 4	 6	 32.950092	 4.751001
4	 2	 5	 1	 31.716019	 9.698228
4	 2	 5	 2	 31.406645	 4.734838
4	 2	 5	 3	 33.514295	 5.360439
4	 2	 5	 4	 28.091724	 4.832024
4	 2	 5	 5	 32.665416	 8.339021
4	 2	 5	 6	 31.604192	 9.611795
4	 2	 6	 1	 31.509214	 10.560554
4	 2	 6	 2	 32.263078	 7.725803
4	 2	 6	 3	 23.681770	 8.994272
4	 2	 6	 4	 31.915992	 0.080263
4	 2	 6	 5	 30.520858	 15.915113
4	 2	 6	 6	 30.368340	 10.160934
4	 2	 7	 1	 30.278680	 13.220267
4	 2	 7	 2	 32.876492	 0.123501
4	 2	 7	 3	 31.170858	 24.787951
4	 2	 7	 4	 31.395557	 44.327269
4	 2	 7	 5	 31.971192	 0.155404
4	 2	 7	 6	 31.218092	 0.167025
4	 3	 1	 1	 6.940723	 25.907245
4	 3	 1	 2	 15.835007	 0.076953
4	 3	 1	 3	 15.703607	 0.038579
4	 3	 1	 4	 16.527807	 0.033759
4	 3	 1	 5	 16.076907	 0.039058
4	 3	 1	 6	 15.972607	 0.033707
4	 3	 2	 1	 12.743607	 0.029328
4	 3	 2	 2	 13.636910	 2.579506
4	 3	 2	 3	 8.794322	 3.634151
4	 3	 2	 4	 8.662356	 3.552700
4	 3	 2	 5	 13.136538	 2.969076
4	 3	 2	 6	 8.700327	 2.897237
4	 3	 3	 1	 9.671746	 3.233935
4	 3	 3	 2	 10.869171	 3.017561
4	 3	 3	 3	 10.333548	 3.111637
4	 3	 3	 4	 10.448153	 3.242742
4	 3	 3	 5	 13.939807	 0.037782
4	 3	 3	 6	 12.690288	 2.922738
4	 3	 4	 1	 11.333007	 2.386463
4	 3	 4	 2	 12.941827	 3.126214
4	 3	 4	 3	 9.471822	 2.929787
4	 3	 4	 4	 13.075659	 3.230835
4	 3	 4	 5	 12.040249	 2.720190
4	 3	 4	 6	 14.534607	 0.051119
4	 3	 5	 1	 8.464829	 3.843170
4	 3	 5	 2	 10.374189	 4.516913
4	 3	 5	 3	 11.690576	 3.560377
4	 3	 5	 4	 11.568963	 5.176723
4	 3	 5	 5	 10.925090	 6.083738
4	 3	 5	 6	 5.735790	 12.795889
4	 3	 6	 1	 11.119373	 5.326785
4	 3	 6	 2	 12.505976	 6.322227
4	 3	 6	 3	 9.539578	 15.263979
4	 3	 6	 4	 5.546310	 13.430501
4	 3	 6	 5	 11.558157	 16.570283
4	 3	 6	 6	 -20.510961	 21.844810
4	 3	 7	 1	 15.019607	 0.241189
4	 3	 7	 2	 -47.736916	 202.517239
4	 3	 7	 3	 5.091993	 10.888951
4	 3	 7	 4	 18.183107	 0.580228
4	 3	 7	 5	 8.523907	 1.837770
4	 3	 7	 6	 15.935907	 1.859180
4	 4	 1	 1	 14.083447	 5.969970
4	 4	 1	 2	 15.873329	 4.451100
4	 4	 1	 3	 14.509547	 0.054319
4	 4	 1	 4	 11.136744	 3.764942
4	 4	 1	 5	 13.461150	 3.079026
4	 4	 1	 6	 13.498458	 3.107451
4	 4	 2	 1	 13.294162	 2.877501
4	 4	 2	 2	 13.105945	 2.879993
4	 4	 2	 3	 12.985632	 2.887322
4	 4	 2	 4	 9.576868	 3.343584
4	 4	 2	 5	 13.331147	 0.030785
4	 4	 2	 6	 3.693339	 3.028326
4	 4	 3	 1	 9.243576	 2.538445
4	 4	 3	 2	 11.248919	 2.925599
4	 4	 3	 3	 2.693069	 3.155859
4	 4	 3	 4	 7.914374	 3.577686
4	 4	 3	 5	 10.982244	 3.142264
4	 4	 3	 6	 9.312039	 3.449529
4	 4	 4	 1	 13.380647	 0.051988
4	 4	 4	 2	 5.577289	 3.293675
4	 4	 4	 3	 11.637895	 3.308756
4	 4	 4	 4	 10.319244	 3.727909
4	 4	 4	 5	 11.424493	 3.708185
4	 4	 4	 6	 9.614711	 4.723250
4	 4	 5	 1	 0.228141	 9.318168
4	 4	 5	 2	 -2.315236	 7.586883
4	 4	 5	 3	 5.479200	 4.696175
4	 4	 5	 4	 3.393006	 10.036072
4	 4	 5	 5	 11.310416	 4.429447
4	 4	 5	 6	 6.681534	 8.774713
4	 4	 6	 1	 14.913073	 9.945291
4	 4	 6	 2	 16.511647	 0.166126
4	 4	 6	 3	 6.842903	 6.717929
4	 4	 6	 4	 14.496047	 0.214010
4	 4	 6	 5	 10.524468	 10.962101
4	 4	 6	 6	 18.145845	 14.512711
4	 4	 7	 1	 21.580641	 15.263249
4	 4	 7	 2	 8.803029	 11.044082
4	 4	 7	 3	 8.912287	 1.094060
4	 4	 7	 4	 13.602366	 30.465746
4	 4	 7	 5	 8.154727	 1.744610
4	 4	 7	 6	 6.911037	 4.105340
4	 5	 1	 1	 47.664974	 10.669816
4	 5	 1	 2	 51.694726	 0.181315
4	 5	 1	 3	 52.550726	 0.064645
4	 5	 1	 4	 51.517026	 0.049128
4	 5	 1	 5	 53.935326	 0.010727
4	 5	 1	 6	 52.666426	 0.085670
4	 5	 2	 1	 53.092226	 0.023119
4	 5	 2	 2	 53.864226	 0.020826
4	 5	 2	 3	 38.754599	 13.410151
4	 5	 2	 4	 54.129926	 0.013711
4	 5	 2	 5	 55.920826	 0.027097
4	 5	 2	 6	 45.619854	 11.212091
4	 5	 3	 1	 56.771726	 0.033428
4	 5	 3	 2	 55.338126	 0.035024
4	 5	 3	 3	 56.029126	 0.040137
4	 5	 3	 4	 51.951826	 8.641194
4	 5	 3	 5	 56.092126	 0.049304
4	 5	 3	 6	 51.897951	 8.879197
4	 5	 4	 1	 54.353296	 8.205453
4	 5	 4	 2	 56.859026	 0.061538
4	 5	 4	 3	 49.679525	 9.777371
4	 5	 4	 4	 48.524312	 10.273663
4	 5	 4	 5	 51.193530	 10.231153
4	 5	 4	 6	 51.598001	 10.307151
4	 5	 5	 1	 54.039326	 0.110143
4	 5	 5	 2	 47.501406	 6.722487
4	 5	 5	 3	 53.621350	 11.052892
4	 5	 5	 4	 41.927759	 17.009482
4	 5	 5	 5	 46.074923	 14.451282
4	 5	 5	 6	 55.666365	 12.626302
4	 5	 6	 1	 46.466500	 19.458095
4	 5	 6	 2	 55.597126	 0.509110
4	 5	 6	 3	 44.865960	 14.368480
4	 5	 6	 4	 53.881226	 1.141880
4	 5	 6	 5	 56.703446	 20.181498
4	 5	 6	 6	 53.212513	 29.924288
4	 5	 7	 1	 40.036026	 0.966351
4	 5	 7	 2	 56.307194	 29.884309
4	 5	 7	 3	 39.462326	 0.587365
4	 5	 7	 4	 44.636426	 1.792610
4	 5	 7	 5	 56.114226	 10.186000
4	 5	 7	 6	 53.390498	 33.864473
4	 6	 1	 1	 42.849423	 10.493210
4	 6	 1	 2	 43.146793	 9.341985
4	 6	 1	 3	 38.714063	 7.814403
4	 6	 1	 4	 38.887051	 7.746440
4	 6	 1	 5	 44.185223	 7.896207
4	 6	 1	 6	 41.930518	 8.559546
4	 6	 2	 1	 44.806689	 8.095515
4	 6	 2	 2	 43.618221	 9.052436
4	 6	 2	 3	 48.241450	 0.028416
4	 6	 2	 4	 53.035750	 0.011003
4	 6	 2	 5	 45.015424	 11.430761
4	 6	 2	 6	 36.377939	 14.080363
4	 6	 3	 1	 47.154955	 10.768696
4	 6	 3	 2	 49.236377	 9.832692
4	 6	 3	 3	 53.435850	 0.023995
4	 6	 3	 4	 44.246828	 7.517248
4	 6	 3	 5	 39.051425	 6.574448
4	 6	 3	 6	 43.807583	 7.576901
4	 6	 4	 1	 47.925289	 6.611557
4	 6	 4	 2	 48.870450	 0.069898
4	 6	 4	 3	 46.592651	 7.466665
4	 6	 4	 4	 49.859350	 1.414210
4	 6	 4	 5	 43.070125	 9.990570
4	 6	 4	 6	 55.902950	 0.465687
4	 6	 5	 1	 45.543755	 12.992622
4	 6	 5	 2	 26.580273	 21.665881
4	 6	 5	 3	 41.944553	 8.041721
4	 6	 5	 4	 46.797296	 9.766634
4	 6	 5	 5	 41.461082	 8.973428
4	 6	 5	 6	 48.910895	 14.590217
4	 6	 6	 1	 45.248429	 16.599778
4	 6	 6	 2	 46.319687	 9.326708
4	 6	 6	 3	 51.868424	 16.593751
4	 6	 6	 4	 41.295768	 24.580125
4	 6	 6	 5	 53.972762	 21.080934
4	 6	 6	 6	 54.278019	 34.027916
4	 6	 7	 1	 38.561002	 42.189740
4	 6	 7	 2	 42.349673	 39.269771
4	 6	 7	 3	 54.955192	 32.437824
4	 6	 7	 4	 52.622750	 7.357000
4	 6	 7	 5	 67.167659	 48.844694
4	 6	 7	 6	 58.800450	 0.724527
5	 1	 1	 1	 42.062751	 11.555022
5	 1	 1	 2	 30.743136	 0.022585
5	 1	 1	 3	 26.493846	 5.272504
5	 1	 1	 4	 23.988836	 0.018046
5	 1	 1	 5	 21.988770	 3.109826
5	 1	 1	 6	 24.180136	 0.018017
5	 1	 2	 1	 26.160631	 3.461349
5	 1	 2	 2	 24.211345	 3.829499
5	 1	 2	 3	 25.371365	 3.752926
5	 1	 2	 4	 27.627702	 3.067049
5	 1	 2	 5	 24.485970	 3.960890
5	 1	 2	 6	 23.752496	 4.335112
5	 1	 3	 1	 25.940774	 3.655285
5	 1	 3	 2	 26.039074	 3.883466
5	 1	 3	 3	 25.305935	 4.118771
5	 1	 3	 4	 25.260382	 4.186717
5	 1	 3	 5	 24.474417	 4.399244
5	 1	 3	 6	 25.107107	 4.426135
5	 1	 4	 1	 26.639036	 0.021336
5	 1	 4	 2	 23.764712	 3.838451
5	 1	 4	 3	 19.993699	 7.094639
5	 1	 4	 4	 26.706165	 4.385987
5	 1	 4	 5	 26.847468	 4.475909
5	 1	 4	 6	 25.847288	 4.981536
5	 1	 5	 1	 26.366616	 3.582891
5	 1	 5	 2	 25.466336	 8.547436
5	 1	 5	 3	 26.083003	 5.749746
5	 1	 5	 4	 26.557245	 5.312483
5	 1	 5	 5	 25.825122	 6.495588
5	 1	 5	 6	 29.047288	 8.399057
5	 1	 6	 1	 24.385150	 6.448308
5	 1	 6	 2	 26.580061	 8.189135
5	 1	 6	 3	 23.950546	 6.560957
5	 1	 6	 4	 27.455436	 0.077764
5	 1	 6	 5	 21.941074	 9.043747
5	 1	 6	 6	 28.023936	 0.095271
5	 1	 7	 1	 22.057230	 10.090266
5	 1	 7	 2	 27.536936	 0.120479
5	 1	 7	 3	 27.787636	 0.132971
5	 1	 7	 4	 29.774236	 0.135324
5	 1	 7	 5	 29.797136	 0.059412
5	 1	 7	 6	 30.982536	 0.230490
5	 2	 1	 1	 2.249851	 2.265185
5	 2	 1	 2	 3.765052	 1.710430
5	 2	 1	 3	 -0.273505	 1.958844
5	 2	 1	 4	 1.562128	 0.776646
5	 2	 1	 5	 4.254969	 0.019757
5	 2	 1	 6	 3.339259	 0.017845
5	 2	 2	 1	 1.707242	 0.860925
5	 2	 2	 2	 1.809639	 0.881185
5	 2	 2	 3	 1.266878	 0.952229
5	 2	 2	 4	 2.258402	 0.930791
5	 2	 2	 5	 1.657632	 0.958840
5	 2	 2	 6	 0.641166	 1.084946
5	 2	 3	 1	 0.488173	 1.067652
5	 2	 3	 2	 2.761131	 0.020273
5	 2	 3	 3	 -3.527927	 1.603718
5	 2	 3	 4	 2.283316	 0.935260
5	 2	 3	 5	 1.302018	 1.044008
5	 2	 3	 6	 1.074372	 1.090413
5	 2	 4	 1	 1.687367	 1.057593
5	 2	 4	 2	 1.916935	 0.882510
5	 2	 4	 3	 1.943163	 1.074982
5	 2	 4	 4	 2.170935	 1.082741
5	 2	 4	 5	 1.574694	 1.187733
5	 2	 4	 6	 1.930229	 1.194783
5	 2	 5	 1	 2.222173	 1.202708
5	 2	 5	 2	 0.166062	 1.599221
5	 2	 5	 3	 -2.089586	 0.921272
5	 2	 5	 4	 -1.272911	 1.909067
5	 2	 5	 5	 -0.560010	 1.498441
5	 2	 5	 6	 1.995882	 1.642143
5	 2	 6	 1	 0.033717	 2.084502
5	 2	 6	 2	 2.754268	 0.055153
5	 2	 6	 3	 1.353705	 2.239672
5	 2	 6	 4	 2.521746	 2.095508
5	 2	 6	 5	 1.162269	 2.807972
5	 2	 6	 6	 0.217451	 2.710833
5	 2	 7	 1	 -4.064284	 2.749264
5	 2	 7	 2	 2.428181	 0.235224
5	 2	 7	 3	 -2.592345	 4.860165
5	 2	 7	 4	 -4.048328	 3.966648
5	 2	 7	 5	 -7.102927	 5.429834
5	 2	 7	 6	 3.580049	 0.228274
5	 3	 1	 1	 14.676144	 13.222450
5	 3	 1	 2	 12.211948	 0.109522
5	 3	 1	 3	 10.600598	 0.035381
5	 3	 1	 4	 11.787348	 0.029319
5	 3	 1	 5	 11.816548	 0.027811
5	 3	 1	 6	 11.647458	 0.023795
5	 3	 2	 1	 11.163658	 0.024683
5	 3	 2	 2	 11.606558	 0.023415
5	 3	 2	 3	 11.632108	 0.024468
5	 3	 2	 4	 10.596288	 0.022674
5	 3	 2	 5	 11.210658	 0.026256
5	 3	 2	 6	 8.772792	 2.013186
5	 3	 3	 1	 7.903508	 1.546527
5	 3	 3	 2	 9.182997	 1.819664
5	 3	 3	 3	 10.194368	 0.029169
5	 3	 3	 4	 7.644562	 2.093489
5	 3	 3	 5	 8.105653	 2.065364
5	 3	 3	 6	 8.687661	 1.962817
5	 3	 4	 1	 9.434335	 3.339312
5	 3	 4	 2	 11.782303	 3.046851
5	 3	 4	 3	 2.565296	 4.699322
5	 3	 4	 4	 8.920198	 3.731099
5	 3	 4	 5	 2.657469	 5.016819
5	 3	 4	 6	 7.622250	 2.079343
5	 3	 5	 1	 5.572470	 3.306474
5	 3	 5	 2	 10.986038	 0.056985
5	 3	 5	 3	 7.091229	 5.354333
5	 3	 5	 4	 10.797278	 0.079667
5	 3	 5	 5	 7.043183	 6.195258
5	 3	 5	 6	 8.666906	 4.341383
5	 3	 6	 1	 13.463222	 6.153988
5	 3	 6	 2	 6.856492	 6.710220
5	 3	 6	 3	 -3.805635	 11.903224
5	 3	 6	 4	 11.302369	 9.665190
5	 3	 6	 5	 0.278161	 15.231724
5	 3	 6	 6	 11.339688	 0.144791
5	 3	 7	 1	 9.763948	 0.171780
5	 3	 7	 2	 -1.435364	 12.601729
5	 3	 7	 3	 -5.070884	 17.793988
5	 3	 7	 4	 12.460048	 0.288429
5	 3	 7	 5	 13.697448	 1.111480
5	 3	 7	 6	 9.200468	 3.777730
5	 4	 1	 1	 15.892342	 4.590380
5	 4	 1	 2	 14.840942	 0.428280
5	 4	 1	 3	 10.863172	 0.050407
5	 4	 1	 4	 10.463120	 1.762527
5	 4	 1	 5	 12.336242	 0.032662
5	 4	 1	 6	 11.288112	 0.026378
5	 4	 2	 1	 11.521242	 0.027654
5	 4	 2	 2	 11.114762	 0.025229
5	 4	 2	 3	 10.920322	 0.026043
5	 4	 2	 4	 10.490232	 0.025885
5	 4	 2	 5	 -1.576105	 3.622709
5	 4	 2	 6	 10.479683	 3.061104
5	 4	 3	 1	 11.530642	 0.031081
5	 4	 3	 2	 6.621180	 3.587964
5	 4	 3	 3	 6.566711	 2.128818
5	 4	 3	 4	 11.096532	 0.035075
5	 4	 3	 5	 2.066982	 4.207973
5	 4	 3	 6	 11.526442	 0.043358
5	 4	 4	 1	 12.825242	 0.049715
5	 4	 4	 2	 6.535089	 2.447172
5	 4	 4	 3	 6.564258	 1.819921
5	 4	 4	 4	 8.565788	 2.250545
5	 4	 4	 5	 12.849142	 0.051190
5	 4	 4	 6	 6.539868	 4.397836
5	 4	 5	 1	 11.938242	 0.057336
5	 4	 5	 2	 12.937342	 0.084945
5	 4	 5	 3	 7.766534	 3.388252
5	 4	 5	 4	 15.022068	 4.406070
5	 4	 5	 5	 14.412468	 4.540330
5	 4	 5	 6	 9.508768	 7.269827
5	 4	 6	 1	 1.423277	 7.725522
5	 4	 6	 2	 11.294422	 7.339661
5	 4	 6	 3	 2.370739	 8.038078
5	 4	 6	 4	 7.175145	 8.250602
5	 4	 6	 5	 9.138902	 9.476390
5	 4	 6	 6	 8.001202	 0.493827
5	 4	 7	 1	 17.891238	 17.038388
5	 4	 7	 2	 18.174242	 4.407000
5	 4	 7	 3	 -10.240982	 53.915603
5	 4	 7	 4	 5.807532	 1.356980
5	 4	 7	 5	 18.174242	 4.407000
5	 4	 7	 6	 18.174242	 4.407000
5	 5	 1	 1	 48.274093	 11.106127
5	 5	 1	 2	 47.141231	 23.172000
5	 5	 1	 3	 52.552431	 0.050625
5	 5	 1	 4	 52.581331	 0.045183
5	 5	 1	 5	 51.801331	 0.035349
5	 5	 1	 6	 45.594108	 8.207191
5	 5	 2	 1	 55.131231	 0.014233
5	 5	 2	 2	 55.160831	 0.011176
5	 5	 2	 3	 43.102196	 12.833944
5	 5	 2	 4	 52.637431	 0.027284
5	 5	 2	 5	 53.551731	 0.029603
5	 5	 2	 6	 54.522131	 0.032365
5	 5	 3	 1	 53.480131	 0.034933
5	 5	 3	 2	 53.242431	 0.035655
5	 5	 3	 3	 53.932031	 0.041428
5	 5	 3	 4	 51.403831	 0.040901
5	 5	 3	 5	 37.805905	 13.592171
5	 5	 3	 6	 53.330431	 0.058222
5	 5	 4	 1	 51.902131	 0.059242
5	 5	 4	 2	 50.166447	 6.926953
5	 5	 4	 3	 48.282997	 7.533007
5	 5	 4	 4	 50.164831	 0.068545
5	 5	 4	 5	 51.481219	 6.773730
5	 5	 4	 6	 49.340161	 7.697805
5	 5	 5	 1	 45.640724	 9.247711
5	 5	 5	 2	 45.001581	 10.172335
5	 5	 5	 3	 49.089131	 0.149840
5	 5	 5	 4	 47.334336	 9.502572
5	 5	 5	 5	 49.157466	 9.620680
5	 5	 5	 6	 48.602209	 10.428866
5	 5	 6	 1	 48.854518	 11.836542
5	 5	 6	 2	 48.918931	 0.346050
5	 5	 6	 3	 44.687330	 18.428163
5	 5	 6	 4	 49.713700	 24.702651
5	 5	 6	 5	 44.543567	 17.688706
5	 5	 6	 6	 52.831731	 15.424000
5	 5	 7	 1	 57.103776	 24.569587
5	 5	 7	 2	 52.831731	 15.424000
5	 5	 7	 3	 55.292959	 36.089263
5	 5	 7	 4	 53.361431	 12.138100
5	 5	 7	 5	 44.451231	 3.377560
5	 5	 7	 6	 58.677431	 11.686400
5	 6	 1	 1	 42.425397	 0.417408
5	 6	 1	 2	 43.203147	 9.889911
5	 6	 1	 3	 41.498510	 11.386163
5	 6	 1	 4	 40.534339	 12.989216
5	 6	 1	 5	 46.850397	 0.044206
5	 6	 1	 6	 31.088294	 12.276064
5	 6	 2	 1	 50.444597	 0.031030
5	 6	 2	 2	 49.277254	 7.793466
5	 6	 2	 3	 48.077697	 0.018562
5	 6	 2	 4	 49.927445	 7.348402
5	 6	 2	 5	 50.530997	 0.029467
5	 6	 2	 6	 46.599237	 6.184241
5	 6	 3	 1	 30.473043	 15.777777
5	 6	 3	 2	 50.182097	 0.036026
5	 6	 3	 3	 49.031397	 0.010124
5	 6	 3	 4	 48.154697	 0.075406
5	 6	 3	 5	 48.440697	 0.048646
5	 6	 3	 6	 40.292304	 7.088042
5	 6	 4	 1	 47.212097	 0.077243
5	 6	 4	 2	 48.013497	 0.066982
5	 6	 4	 3	 47.874997	 0.015199
5	 6	 4	 4	 56.814897	 3.394540
5	 6	 4	 5	 48.327186	 8.473209
5	 6	 4	 6	 50.494997	 0.112174
5	 6	 5	 1	 40.693946	 10.777509
5	 6	 5	 2	 45.637550	 9.713252
5	 6	 5	 3	 44.887294	 10.185011
5	 6	 5	 4	 50.906197	 0.186837
5	 6	 5	 5	 47.792045	 10.286354
5	 6	 5	 6	 45.124582	 8.321608
5	 6	 6	 1	 48.709335	 11.636814
5	 6	 6	 2	 49.440532	 11.562767
5	 6	 6	 3	 46.318725	 15.370614
5	 6	 6	 4	 48.796561	 17.154876
5	 6	 6	 5	 38.336433	 17.433824
5	 6	 6	 6	 33.401158	 18.839688
5	 6	 7	 1	 39.489632	 28.445245
5	 6	 7	 2	 34.360645	 35.101060
5	 6	 7	 3	 38.890197	 1.052270
5	 6	 7	 4	 38.380178	 49.807295
5	 6	 7	 5	 35.606434	 38.310719
5	 6	 7	 6	 80.692097	 176.966000
6	 1	 1	 1	 6.349521	 2.049468
6	 1	 1	 2	 6.525606	 1.279307
6	 1	 1	 3	 5.839591	 1.226243
6	 1	 1	 4	 9.764016	 1.388253
6	 1	 1	 5	 9.180895	 1.458544
6	 1	 1	 6	 8.507559	 1.628902
6	 1	 2	 1	 6.910791	 1.764081
6	 1	 2	 2	 7.625448	 1.760195
6	 1	 2	 3	 7.794556	 1.786149
6	 1	 2	 4	 7.881098	 1.824681
6	 1	 2	 5	 7.208628	 1.967148
6	 1	 2	 6	 6.271774	 2.186307
6	 1	 3	 1	 8.432908	 0.018037
6	 1	 3	 2	 6.554405	 2.266507
6	 1	 3	 3	 7.262874	 1.988427
6	 1	 3	 4	 6.007505	 1.318161
6	 1	 3	 5	 7.806483	 2.077877
6	 1	 3	 6	 5.962764	 1.398596
6	 1	 4	 1	 8.464814	 1.964143
6	 1	 4	 2	 6.923613	 1.786000
6	 1	 4	 3	 5.795451	 1.930421
6	 1	 4	 4	 6.720859	 3.048584
6	 1	 4	 5	 8.777458	 2.163042
6	 1	 4	 6	 11.150048	 0.030729
6	 1	 5	 1	 5.050628	 1.828902
6	 1	 5	 2	 5.692773	 1.900672
6	 1	 5	 3	 4.120289	 2.113798
6	 1	 5	 4	 8.248803	 2.902687
6	 1	 5	 5	 9.199464	 2.707477
6	 1	 5	 6	 11.427963	 3.820615
6	 1	 6	 1	 4.226920	 3.036976
6	 1	 6	 2	 4.660499	 3.067684
6	 1	 6	 3	 -0.442744	 6.921015
6	 1	 6	 4	 5.302358	 0.062354
6	 1	 6	 5	 5.116868	 0.081195
6	 1	 6	 6	 -1.124065	 5.551035
6	 1	 7	 1	 2.380116	 6.605297
6	 1	 7	 2	 5.592876	 6.285283
6	 1	 7	 3	 2.801700	 6.308919
6	 1	 7	 4	 0.146423	 9.023498
6	 1	 7	 5	 13.825057	 10.058398
6	 1	 7	 6	 8.717128	 0.047324
6	 2	 1	 1	 8.111187	 4.896030
6	 2	 1	 2	 12.120522	 2.554951
6	 2	 1	 3	 9.295560	 1.822728
6	 2	 1	 4	 10.586909	 0.019143
6	 2	 1	 5	 7.714038	 1.852477
6	 2	 1	 6	 7.844764	 1.832088
6	 2	 2	 1	 6.056254	 1.305525
6	 2	 2	 2	 5.835000	 2.062123
6	 2	 2	 3	 6.499045	 1.222035
6	 2	 2	 4	 8.780455	 1.718269
6	 2	 2	 5	 8.181063	 1.877590
6	 2	 2	 6	 7.477744	 2.001174
6	 2	 3	 1	 4.393046	 2.505371
6	 2	 3	 2	 6.252623	 2.321052
6	 2	 3	 3	 5.159827	 1.152955
6	 2	 3	 4	 5.697410	 2.340921
6	 2	 3	 5	 6.451997	 2.144032
6	 2	 3	 6	 6.624919	 0.023995
6	 2	 4	 1	 8.612047	 2.143335
6	 2	 4	 2	 7.600576	 1.769901
6	 2	 4	 3	 6.811569	 2.578168
6	 2	 4	 4	 4.233827	 1.938165
6	 2	 4	 5	 6.891859	 0.027850
6	 2	 4	 6	 5.865374	 1.370383
6	 2	 5	 1	 8.495571	 2.382104
6	 2	 5	 2	 9.146620	 2.107437
6	 2	 5	 3	 10.149259	 0.039949
6	 2	 5	 4	 5.376190	 1.799930
6	 2	 5	 5	 7.459123	 3.211418
6	 2	 5	 6	 3.568326	 2.170329
6	 2	 6	 1	 1.717495	 1.741191
6	 2	 6	 2	 6.730808	 2.458269
6	 2	 6	 3	 4.101667	 3.786005
6	 2	 6	 4	 7.309926	 4.213996
6	 2	 6	 5	 12.626516	 5.704559
6	 2	 6	 6	 2.320001	 4.406015
6	 2	 7	 1	 9.219056	 4.660910
6	 2	 7	 2	 5.082861	 5.882846
6	 2	 7	 3	 -7.179503	 13.748202
6	 2	 7	 4	 0.967124	 16.295797
6	 2	 7	 5	 6.140279	 0.179757
6	 2	 7	 6	 5.209799	 0.222671
6	 3	 1	 1	 -25.961823	 2.345780
6	 3	 1	 2	 -28.670994	 7.897617
6	 3	 1	 3	 -27.577323	 1.421300
6	 3	 1	 4	 -26.955323	 0.033538
6	 3	 1	 5	 -27.320823	 0.030564
6	 3	 1	 6	 -27.643123	 0.017684
6	 3	 2	 1	 -26.879849	 2.798645
6	 3	 2	 2	 -33.257661	 5.018255
6	 3	 2	 3	 -28.361223	 0.036365
6	 3	 2	 4	 -27.890823	 0.027271
6	 3	 2	 5	 -26.364023	 0.028299
6	 3	 2	 6	 -34.198601	 5.071671
6	 3	 3	 1	 -27.474923	 0.014068
6	 3	 3	 2	 -26.895823	 0.030488
6	 3	 3	 3	 -28.391923	 0.031119
6	 3	 3	 4	 -33.241022	 2.853513
6	 3	 3	 5	 -26.458223	 0.033271
6	 3	 3	 6	 -29.320361	 3.589966
6	 3	 4	 1	 -32.101805	 3.934356
6	 3	 4	 2	 -31.074379	 4.030207
6	 3	 4	 3	 -27.564823	 0.042669
6	 3	 4	 4	 -29.201520	 3.219057
6	 3	 4	 5	 -26.533623	 0.046865
6	 3	 4	 6	 -26.271923	 0.051965
6	 3	 5	 1	 -34.966483	 7.764313
6	 3	 5	 2	 -28.878946	 5.236257
6	 3	 5	 3	 -30.398928	 6.097743
6	 3	 5	 4	 -27.414637	 4.790147
6	 3	 5	 5	 -28.284365	 5.773968
6	 3	 5	 6	 -24.619223	 0.082762
6	 3	 6	 1	 -28.907642	 7.654497
6	 3	 6	 2	 -29.707601	 6.226182
6	 3	 6	 3	 -30.006265	 12.317988
6	 3	 6	 4	 -27.047923	 0.151601
6	 3	 6	 5	 -25.459557	 7.829991
6	 3	 6	 6	 -25.765575	 8.071218
6	 3	 7	 1	 -29.924765	 8.724474
6	 3	 7	 2	 -25.443023	 9.906900
6	 3	 7	 3	 -25.720042	 13.517836
6	 3	 7	 4	 -28.301623	 0.892460
6	 3	 7	 5	 -29.034623	 1.479960
6	 3	 7	 6	 -35.788123	 2.732220
6	 4	 1	 1	 -15.487268	 1.202000
6	 4	 1	 2	 -27.352568	 0.147039
6	 4	 1	 3	 -27.837068	 0.055938
6	 4	 1	 4	 -27.327268	 0.031462
6	 4	 1	 5	 -27.160038	 2.334729
6	 4	 1	 6	 -28.432933	 2.584568
6	 4	 2	 1	 -27.554640	 2.279655
6	 4	 2	 2	 -27.712968	 0.026488
6	 4	 2	 3	 -30.927293	 3.121480
6	 4	 2	 4	 -28.008968	 0.034846
6	 4	 2	 5	 -27.446224	 2.248931
6	 4	 2	 6	 -28.538282	 2.512707
6	 4	 3	 1	 -39.396481	 6.770060
6	 4	 3	 2	 -30.521983	 3.167704
6	 4	 3	 3	 -30.156758	 3.041932
6	 4	 3	 4	 -31.573983	 2.339319
6	 4	 3	 5	 -29.559515	 2.958189
6	 4	 3	 6	 -30.097741	 3.136926
6	 4	 4	 1	 -29.347617	 2.922241
6	 4	 4	 2	 -29.762179	 3.232841
6	 4	 4	 3	 -31.065498	 3.579601
6	 4	 4	 4	 -30.812848	 3.738149
6	 4	 4	 5	 -32.669688	 5.556873
6	 4	 4	 6	 -30.827328	 4.018254
6	 4	 5	 1	 -29.356794	 3.799919
6	 4	 5	 2	 -31.480854	 3.379014
6	 4	 5	 3	 -31.816493	 6.241721
6	 4	 5	 4	 -59.163298	 17.611425
6	 4	 5	 5	 -44.929910	 10.673689
6	 4	 5	 6	 -29.970246	 7.182214
6	 4	 6	 1	 -29.314973	 7.561579
6	 4	 6	 2	 -35.529961	 8.358820
6	 4	 6	 3	 -39.870453	 9.943868
6	 4	 6	 4	 -48.525146	 22.092256
6	 4	 6	 5	 -29.959854	 7.605522
6	 4	 6	 6	 -17.514894	 5.230771
6	 4	 7	 1	 -28.229068	 0.106700
6	 4	 7	 2	 -37.401420	 31.399718
6	 4	 7	 3	 -30.266108	 10.449319
6	 4	 7	 4	 -36.416296	 34.292174
6	 4	 7	 5	 -33.852668	 1.784530
6	 4	 7	 6	 -34.560068	 2.707830
6	 5	 1	 1	 11.015263	 2.964480
6	 5	 1	 2	 23.673263	 0.211970
6	 5	 1	 3	 18.729685	 6.529402
6	 5	 1	 4	 21.214216	 8.495766
6	 5	 1	 5	 -1.579190	 12.112428
6	 5	 1	 6	 26.367063	 0.036977
6	 5	 2	 1	 20.360949	 4.550249
6	 5	 2	 2	 25.997263	 0.060359
6	 5	 2	 3	 21.930063	 0.011507
6	 5	 2	 4	 5.521186	 10.420173
6	 5	 2	 5	 24.532953	 6.635599
6	 5	 2	 6	 10.582941	 9.100126
6	 5	 3	 1	 23.360751	 4.125980
6	 5	 3	 2	 18.218965	 3.586304
6	 5	 3	 3	 16.637044	 3.967053
6	 5	 3	 4	 21.549225	 4.592582
6	 5	 3	 5	 23.567103	 4.185457
6	 5	 3	 6	 19.970373	 6.898809
6	 5	 4	 1	 20.599670	 7.216020
6	 5	 4	 2	 30.217863	 0.061982
6	 5	 4	 3	 29.481963	 0.074099
6	 5	 4	 4	 24.365563	 0.082702
6	 5	 4	 5	 16.682054	 5.559045
6	 5	 4	 6	 26.560263	 0.117948
6	 5	 5	 1	 22.891681	 4.875606
6	 5	 5	 2	 18.016389	 8.761809
6	 5	 5	 3	 22.800806	 5.029471
6	 5	 5	 4	 20.272422	 6.072012
6	 5	 5	 5	 17.667835	 6.865496
6	 5	 5	 6	 23.812563	 0.320080
6	 5	 6	 1	 19.278463	 0.371811
6	 5	 6	 2	 23.049259	 8.979600
6	 5	 6	 3	 17.528268	 7.923641
6	 5	 6	 4	 15.936396	 12.245373
6	 5	 6	 5	 24.983961	 9.426321
6	 5	 6	 6	 20.250863	 0.217657
6	 5	 7	 1	 24.331506	 12.962814
6	 5	 7	 2	 16.981873	 15.810721
6	 5	 7	 3	 1.109118	 46.498079
6	 5	 7	 4	 15.049163	 1.783080
6	 5	 7	 5	 13.779763	 2.687400
6	 5	 7	 6	 30.807163	 5.761190
6	 6	 1	 1	 14.620260	 6.494999
6	 6	 1	 2	 18.595903	 7.990784
6	 6	 1	 3	 12.023750	 6.231992
6	 6	 1	 4	 22.135719	 0.068081
6	 6	 1	 5	 17.530907	 4.612190
6	 6	 1	 6	 19.462508	 5.310725
6	 6	 2	 1	 15.074924	 6.007491
6	 6	 2	 2	 10.789761	 7.010136
6	 6	 2	 3	 15.115358	 6.098634
6	 6	 2	 4	 -0.611176	 8.995061
6	 6	 2	 5	 14.868732	 5.919214
6	 6	 2	 6	 19.711119	 0.031292
6	 6	 3	 1	 18.736367	 5.196542
6	 6	 3	 2	 21.985219	 0.050385
6	 6	 3	 3	 16.212031	 5.578673
6	 6	 3	 4	 13.733491	 5.801816
6	 6	 3	 5	 19.441777	 5.041250
6	 6	 3	 6	 15.755550	 5.641304
6	 6	 4	 1	 21.712619	 0.078784
6	 6	 4	 2	 18.742151	 5.091934
6	 6	 4	 3	 22.309619	 0.085134
6	 6	 4	 4	 8.897055	 7.087678
6	 6	 4	 5	 20.734490	 5.167779
6	 6	 4	 6	 20.769165	 5.358291
6	 6	 5	 1	 18.533305	 6.418433
6	 6	 5	 2	 24.700919	 0.134130
6	 6	 5	 3	 18.254279	 5.264582
6	 6	 5	 4	 16.868766	 5.206669
6	 6	 5	 5	 22.636674	 6.426230
6	 6	 5	 6	 25.496052	 5.827199
6	 6	 6	 1	 11.524422	 10.195061
6	 6	 6	 2	 16.860172	 9.042279
6	 6	 6	 3	 13.949796	 6.350444
6	 6	 6	 4	 13.809933	 11.260861
6	 6	 6	 5	 15.212319	 0.105891
6	 6	 6	 6	 25.637024	 10.527521
6	 6	 7	 1	 26.075888	 12.675829
6	 6	 7	 2	 16.030348	 12.321588
6	 6	 7	 3	 10.321586	 15.499043
6	 6	 7	 4	 24.290019	 3.904000
6	 6	 7	 5	 33.936701	 29.509177
6	 6	 7	 6	 16.678129	 30.305767
