#& Sector Superlayer Slot Cable T0Correction T0Error
1	 1	 1	 1	 0.038271	 0.026925
1	 1	 1	 2	 1.461469	 0.017755
1	 1	 1	 3	 1.170557	 0.011387
1	 1	 1	 4	 -1.012217	 0.609480
1	 1	 1	 5	 1.501659	 0.016166
1	 1	 1	 6	 1.859177	 0.017966
1	 1	 2	 1	 -0.030603	 0.491165
1	 1	 2	 2	 0.093142	 0.513462
1	 1	 2	 3	 2.977144	 0.015370
1	 1	 2	 4	 1.800151	 0.015429
1	 1	 2	 5	 -0.840113	 1.325013
1	 1	 2	 6	 1.386929	 1.035147
1	 1	 3	 1	 1.844667	 0.016101
1	 1	 3	 2	 2.595937	 1.013493
1	 1	 3	 3	 -0.158241	 0.667278
1	 1	 3	 4	 1.272623	 0.019505
1	 1	 3	 5	 3.278114	 0.020104
1	 1	 3	 6	 1.796573	 1.146065
1	 1	 4	 1	 2.372504	 0.021526
1	 1	 4	 2	 1.522589	 1.181912
1	 1	 4	 3	 -0.906993	 0.746379
1	 1	 4	 4	 -0.679677	 0.739845
1	 1	 4	 5	 1.955474	 0.024544
1	 1	 4	 6	 1.362900	 1.466237
1	 1	 5	 1	 3.587084	 0.027855
1	 1	 5	 2	 1.447989	 0.031542
1	 1	 5	 3	 0.117976	 1.851686
1	 1	 5	 4	 0.787851	 1.817924
1	 1	 5	 5	 3.348244	 0.039272
1	 1	 5	 6	 3.016422	 1.609518
1	 1	 6	 1	 0.044994	 2.593234
1	 1	 6	 2	 1.847660	 2.163042
1	 1	 6	 3	 2.093478	 2.388506
1	 1	 6	 4	 -4.997431	 5.518333
1	 1	 6	 5	 3.271894	 0.082849
1	 1	 6	 6	 3.805174	 0.100727
1	 1	 7	 1	 -0.914351	 2.505206
1	 1	 7	 2	 -16.907068	 12.042973
1	 1	 7	 3	 2.125978	 4.701736
1	 1	 7	 4	 -3.621805	 5.749155
1	 1	 7	 5	 1.473909	 0.131229
1	 1	 7	 6	 2.612914	 0.220162
1	 2	 1	 1	 -21.141556	 5.420118
1	 2	 1	 2	 -19.268134	 0.019937
1	 2	 1	 3	 -19.905969	 1.871573
1	 2	 1	 4	 -20.509231	 2.016111
1	 2	 1	 5	 -19.953834	 0.020968
1	 2	 1	 6	 -19.497434	 0.017526
1	 2	 2	 1	 -19.758534	 0.017882
1	 2	 2	 2	 -19.223034	 0.016686
1	 2	 2	 3	 -23.010335	 3.029126
1	 2	 2	 4	 -21.555199	 2.503869
1	 2	 2	 5	 -20.332234	 0.017910
1	 2	 2	 6	 -21.138030	 2.376513
1	 2	 3	 1	 -20.817534	 0.017321
1	 2	 3	 2	 -21.967107	 2.828072
1	 2	 3	 3	 -20.863135	 2.254030
1	 2	 3	 4	 -20.936715	 2.359358
1	 2	 3	 5	 -21.806740	 2.770495
1	 2	 3	 6	 -19.688334	 0.026564
1	 2	 4	 1	 -20.283234	 0.022660
1	 2	 4	 2	 -22.373597	 3.085501
1	 2	 4	 3	 -24.061750	 4.030818
1	 2	 4	 4	 -22.273551	 3.129696
1	 2	 4	 5	 -24.539592	 5.026353
1	 2	 4	 6	 -22.005048	 3.420811
1	 2	 5	 1	 -20.460834	 0.031412
1	 2	 5	 2	 -23.280200	 3.262483
1	 2	 5	 3	 -20.250734	 0.035246
1	 2	 5	 4	 -21.119334	 3.762078
1	 2	 5	 5	 -21.673474	 2.972143
1	 2	 5	 6	 -20.289734	 0.045449
1	 2	 6	 1	 -21.615888	 5.635631
1	 2	 6	 2	 -19.903034	 0.058813
1	 2	 6	 3	 -25.205714	 6.631243
1	 2	 6	 4	 -19.728690	 4.075638
1	 2	 6	 5	 -26.462416	 15.076407
1	 2	 6	 6	 -20.110034	 0.105442
1	 2	 7	 1	 -21.243634	 0.102732
1	 2	 7	 2	 -27.471508	 12.516434
1	 2	 7	 3	 -24.788440	 9.857445
1	 2	 7	 4	 -22.009934	 0.135391
1	 2	 7	 5	 -20.552734	 0.176544
1	 2	 7	 6	 -22.851134	 0.152579
1	 3	 1	 1	 -20.643555	 7.576800
1	 3	 1	 2	 -14.859153	 0.073424
1	 3	 1	 3	 -17.421053	 0.032217
1	 3	 1	 4	 -17.403453	 0.029691
1	 3	 1	 5	 -17.078953	 0.027174
1	 3	 1	 6	 -16.412153	 0.027887
1	 3	 2	 1	 -17.644353	 0.028137
1	 3	 2	 2	 -16.652853	 0.026589
1	 3	 2	 3	 -17.851653	 0.028799
1	 3	 2	 4	 -16.828253	 0.024747
1	 3	 2	 5	 -16.075153	 0.027208
1	 3	 2	 6	 -16.301553	 0.028262
1	 3	 3	 1	 -17.539653	 0.027344
1	 3	 3	 2	 -16.752853	 0.043382
1	 3	 3	 3	 -16.748453	 0.033937
1	 3	 3	 4	 -17.094653	 0.034081
1	 3	 3	 5	 -16.627453	 0.032697
1	 3	 3	 6	 -15.555253	 0.035054
1	 3	 4	 1	 -16.266453	 0.038213
1	 3	 4	 2	 -16.293153	 0.040526
1	 3	 4	 3	 -16.548153	 0.048464
1	 3	 4	 4	 -17.003953	 0.045850
1	 3	 4	 5	 -15.180753	 0.052486
1	 3	 4	 6	 -15.966253	 0.052187
1	 3	 5	 1	 -15.098953	 0.062650
1	 3	 5	 2	 -15.930553	 0.068546
1	 3	 5	 3	 -15.658653	 0.070909
1	 3	 5	 4	 -15.651253	 0.077177
1	 3	 5	 5	 -17.077265	 2.983084
1	 3	 5	 6	 -15.264453	 0.123062
1	 3	 6	 1	 -17.118624	 4.350224
1	 3	 6	 2	 -20.138742	 8.927945
1	 3	 6	 3	 -15.575153	 0.170783
1	 3	 6	 4	 -16.628253	 0.131280
1	 3	 6	 5	 -16.028253	 0.558248
1	 3	 6	 6	 -17.030553	 0.941267
1	 3	 7	 1	 -16.098353	 0.053604
1	 3	 7	 2	 -15.838753	 0.317304
1	 3	 7	 3	 -20.316553	 0.710913
1	 3	 7	 4	 -21.522653	 0.994972
1	 3	 7	 5	 -20.111553	 1.749730
1	 3	 7	 6	 -23.090253	 3.606850
1	 4	 1	 1	 -25.862505	 14.528700
1	 4	 1	 2	 -18.975605	 0.162276
1	 4	 1	 3	 -17.519405	 0.051202
1	 4	 1	 4	 -18.363205	 0.036478
1	 4	 1	 5	 -17.612805	 0.026415
1	 4	 1	 6	 -17.424905	 0.028198
1	 4	 2	 1	 -18.713405	 0.025591
1	 4	 2	 2	 -17.884405	 0.026129
1	 4	 2	 3	 -18.186605	 0.026461
1	 4	 2	 4	 -18.762505	 0.026922
1	 4	 2	 5	 -18.251105	 0.028957
1	 4	 2	 6	 -18.588405	 0.031303
1	 4	 3	 1	 -17.769805	 0.031482
1	 4	 3	 2	 -19.379505	 0.033037
1	 4	 3	 3	 -19.052805	 0.031253
1	 4	 3	 4	 -18.319905	 0.036175
1	 4	 3	 5	 -17.833405	 0.036323
1	 4	 3	 6	 -17.505605	 0.040724
1	 4	 4	 1	 -18.213205	 0.039475
1	 4	 4	 2	 -18.018105	 0.040450
1	 4	 4	 3	 -18.502105	 0.046094
1	 4	 4	 4	 -19.436305	 0.044147
1	 4	 4	 5	 -20.934448	 2.409168
1	 4	 4	 6	 -17.724105	 0.055545
1	 4	 5	 1	 -18.944605	 0.059031
1	 4	 5	 2	 -19.450605	 0.067481
1	 4	 5	 3	 -24.412722	 4.714475
1	 4	 5	 4	 -18.653005	 0.087903
1	 4	 5	 5	 -18.214105	 0.108222
1	 4	 5	 6	 -17.681105	 0.124205
1	 4	 6	 1	 -20.333125	 5.859618
1	 4	 6	 2	 -19.856005	 0.116043
1	 4	 6	 3	 -18.542105	 0.166741
1	 4	 6	 4	 -20.609005	 0.328302
1	 4	 6	 5	 -29.989496	 21.952108
1	 4	 6	 6	 -20.274185	 8.203590
1	 4	 7	 1	 -17.578305	 0.180590
1	 4	 7	 2	 -22.715702	 15.078635
1	 4	 7	 3	 -21.331105	 0.902941
1	 4	 7	 4	 -24.842505	 1.971960
1	 4	 7	 5	 -10.453105	 99.887500
1	 4	 7	 6	 -22.610205	 2.748620
1	 5	 1	 1	 6.851796	 5.943560
1	 5	 1	 2	 28.598136	 0.037361
1	 5	 1	 3	 29.702536	 0.017739
1	 5	 1	 4	 28.562136	 0.012902
1	 5	 1	 5	 28.743336	 0.019533
1	 5	 1	 6	 29.857536	 0.018420
1	 5	 2	 1	 28.727336	 0.016346
1	 5	 2	 2	 31.314136	 0.023073
1	 5	 2	 3	 30.463336	 0.018948
1	 5	 2	 4	 28.669736	 0.010864
1	 5	 2	 5	 29.000636	 0.016378
1	 5	 2	 6	 30.662236	 0.030024
1	 5	 3	 1	 30.093736	 0.030526
1	 5	 3	 2	 32.029336	 0.034463
1	 5	 3	 3	 31.770736	 0.037219
1	 5	 3	 4	 30.768136	 0.040539
1	 5	 3	 5	 30.187636	 0.046823
1	 5	 3	 6	 32.078236	 0.054228
1	 5	 4	 1	 30.861936	 0.062739
1	 5	 4	 2	 29.346736	 0.062136
1	 5	 4	 3	 30.346536	 0.074309
1	 5	 4	 4	 29.975136	 0.086689
1	 5	 4	 5	 29.350536	 0.098194
1	 5	 4	 6	 31.290436	 0.113600
1	 5	 5	 1	 30.583736	 0.106213
1	 5	 5	 2	 29.814036	 0.119125
1	 5	 5	 3	 22.517496	 6.301164
1	 5	 5	 4	 28.450536	 0.185382
1	 5	 5	 5	 26.273035	 5.737697
1	 5	 5	 6	 28.999836	 0.212095
1	 5	 6	 1	 26.355236	 0.237034
1	 5	 6	 2	 27.947636	 0.624763
1	 5	 6	 3	 23.617036	 0.057410
1	 5	 6	 4	 19.269380	 14.918797
1	 5	 6	 5	 24.110535	 22.217490
1	 5	 6	 6	 22.059936	 2.615300
1	 5	 7	 1	 16.852668	 18.829943
1	 5	 7	 2	 22.225736	 1.433250
1	 5	 7	 3	 18.563036	 1.953950
1	 5	 7	 4	 34.700336	 7.634000
1	 5	 7	 5	 41.394436	 0.866746
1	 5	 7	 6	 44.928136	 13.204500
1	 6	 1	 1	 19.466455	 1.330310
1	 6	 1	 2	 21.867755	 0.102320
1	 6	 1	 3	 21.610755	 0.036913
1	 6	 1	 4	 23.175055	 0.036847
1	 6	 1	 5	 26.229655	 0.043838
1	 6	 1	 6	 21.617655	 0.023278
1	 6	 2	 1	 22.619955	 0.018491
1	 6	 2	 2	 22.551155	 0.012555
1	 6	 2	 3	 21.564655	 0.019343
1	 6	 2	 4	 21.450955	 0.012207
1	 6	 2	 5	 22.171855	 0.022217
1	 6	 2	 6	 21.514355	 0.014547
1	 6	 3	 1	 23.073855	 0.020414
1	 6	 3	 2	 23.407755	 0.036581
1	 6	 3	 3	 23.342955	 0.041609
1	 6	 3	 4	 23.275055	 0.045265
1	 6	 3	 5	 22.613855	 0.047699
1	 6	 3	 6	 21.695455	 0.056636
1	 6	 4	 1	 18.917371	 3.002810
1	 6	 4	 2	 23.240055	 0.073669
1	 6	 4	 3	 23.509555	 0.074448
1	 6	 4	 4	 18.476867	 3.149337
1	 6	 4	 5	 26.676055	 0.084651
1	 6	 4	 6	 15.466766	 4.089379
1	 6	 5	 1	 27.936555	 0.122820
1	 6	 5	 2	 28.177655	 0.166351
1	 6	 5	 3	 25.973255	 0.089847
1	 6	 5	 4	 27.224655	 0.130531
1	 6	 5	 5	 27.822955	 0.198071
1	 6	 5	 6	 18.132998	 4.849867
1	 6	 6	 1	 25.418655	 0.561410
1	 6	 6	 2	 15.396240	 5.439796
1	 6	 6	 3	 29.916955	 0.165570
1	 6	 6	 4	 18.895955	 0.566717
1	 6	 6	 5	 20.086455	 0.829000
1	 6	 6	 6	 25.323355	 2.250170
1	 6	 7	 1	 20.826955	 1.027210
1	 6	 7	 2	 28.406118	 15.377015
1	 6	 7	 3	 36.334555	 17.593800
1	 6	 7	 4	 22.871555	 1.876520
1	 6	 7	 5	 27.237555	 3.214290
1	 6	 7	 6	 27.816855	 5.225000
2	 1	 1	 1	 11.673799	 3.231252
2	 1	 1	 2	 12.604229	 2.553161
2	 1	 1	 3	 10.036595	 2.963983
2	 1	 1	 4	 10.378625	 0.023326
2	 1	 1	 5	 9.565508	 2.528096
2	 1	 1	 6	 8.614662	 3.724921
2	 1	 2	 1	 10.223195	 0.020709
2	 1	 2	 2	 7.966914	 3.038651
2	 1	 2	 3	 11.864373	 2.428075
2	 1	 2	 4	 13.487753	 2.147359
2	 1	 2	 5	 15.159535	 0.018377
2	 1	 2	 6	 15.582828	 3.075144
2	 1	 3	 1	 12.392161	 2.560346
2	 1	 3	 2	 11.697540	 2.706441
2	 1	 3	 3	 10.958711	 2.934717
2	 1	 3	 4	 12.457201	 2.652284
2	 1	 3	 5	 12.006292	 2.711094
2	 1	 3	 6	 7.283868	 3.778395
2	 1	 4	 1	 12.063235	 0.020630
2	 1	 4	 2	 11.426942	 2.847642
2	 1	 4	 3	 9.134927	 1.708015
2	 1	 4	 4	 8.781004	 3.852613
2	 1	 4	 5	 12.502565	 2.756189
2	 1	 4	 6	 11.586090	 3.241164
2	 1	 5	 1	 9.077313	 1.983186
2	 1	 5	 2	 11.865018	 3.467788
2	 1	 5	 3	 12.493835	 0.028862
2	 1	 5	 4	 12.061907	 3.733428
2	 1	 5	 5	 11.465361	 4.385248
2	 1	 5	 6	 12.330078	 4.301758
2	 1	 6	 1	 12.757435	 0.038805
2	 1	 6	 2	 16.721893	 5.579976
2	 1	 6	 3	 14.689582	 3.812791
2	 1	 6	 4	 10.966935	 0.069201
2	 1	 6	 5	 10.647201	 4.904807
2	 1	 6	 6	 15.904219	 13.079118
2	 1	 7	 1	 10.875142	 10.973689
2	 1	 7	 2	 13.604635	 0.138212
2	 1	 7	 3	 12.377335	 0.166562
2	 1	 7	 4	 10.030535	 9.162125
2	 1	 7	 5	 11.403835	 0.222250
2	 1	 7	 6	 -40.119463	 14.086023
2	 2	 1	 1	 16.033773	 0.059361
2	 2	 1	 2	 16.399473	 0.022215
2	 2	 1	 3	 15.413573	 0.020466
2	 2	 1	 4	 15.786173	 0.023015
2	 2	 1	 5	 15.766873	 0.022152
2	 2	 1	 6	 14.835873	 0.020084
2	 2	 2	 1	 18.812673	 0.020193
2	 2	 2	 2	 17.970473	 0.019491
2	 2	 2	 3	 14.797911	 3.151571
2	 2	 2	 4	 17.130968	 2.427753
2	 2	 2	 5	 13.860873	 0.017772
2	 2	 2	 6	 15.380473	 0.018452
2	 2	 3	 1	 10.197076	 2.856022
2	 2	 3	 2	 12.465065	 2.561178
2	 2	 3	 3	 11.875573	 0.020326
2	 2	 3	 4	 11.153973	 0.028657
2	 2	 3	 5	 9.794223	 2.072352
2	 2	 3	 6	 8.959680	 1.705813
2	 2	 4	 1	 10.854200	 4.473256
2	 2	 4	 2	 13.981473	 3.763162
2	 2	 4	 3	 14.585728	 3.462883
2	 2	 4	 4	 11.011776	 3.387079
2	 2	 4	 5	 13.201812	 4.310816
2	 2	 4	 6	 14.089299	 4.394079
2	 2	 5	 1	 8.982643	 2.711141
2	 2	 5	 2	 9.048140	 2.872019
2	 2	 5	 3	 6.183070	 2.347114
2	 2	 5	 4	 11.614663	 3.221717
2	 2	 5	 5	 7.791065	 2.848831
2	 2	 5	 6	 12.144185	 4.550018
2	 2	 6	 1	 13.870273	 0.054326
2	 2	 6	 2	 14.818806	 6.498523
2	 2	 6	 3	 10.992006	 4.544237
2	 2	 6	 4	 11.386144	 5.048600
2	 2	 6	 5	 12.331473	 6.751335
2	 2	 6	 6	 5.528140	 16.113524
2	 2	 7	 1	 6.337029	 12.461383
2	 2	 7	 2	 13.570773	 0.690234
2	 2	 7	 3	 16.274573	 0.313706
2	 2	 7	 4	 13.257773	 0.211912
2	 2	 7	 5	 13.833173	 0.257461
2	 2	 7	 6	 14.108373	 0.249777
2	 3	 1	 1	 20.541064	 17.540035
2	 3	 1	 2	 22.091064	 0.082556
2	 3	 1	 3	 21.238864	 0.045471
2	 3	 1	 4	 15.427164	 0.030521
2	 3	 1	 5	 15.232764	 0.029133
2	 3	 1	 6	 15.173864	 0.028629
2	 3	 2	 1	 16.656164	 0.024457
2	 3	 2	 2	 16.388264	 0.024969
2	 3	 2	 3	 15.827064	 0.026830
2	 3	 2	 4	 16.452364	 0.025870
2	 3	 2	 5	 17.097364	 0.027461
2	 3	 2	 6	 16.214764	 0.027239
2	 3	 3	 1	 15.405464	 0.028820
2	 3	 3	 2	 16.975464	 0.034596
2	 3	 3	 3	 16.585064	 0.029145
2	 3	 3	 4	 15.474064	 0.040635
2	 3	 3	 5	 15.207364	 0.041370
2	 3	 3	 6	 15.760664	 0.043994
2	 3	 4	 1	 17.673964	 0.036497
2	 3	 4	 2	 18.773564	 0.042341
2	 3	 4	 3	 16.494764	 0.048665
2	 3	 4	 4	 16.207051	 2.736543
2	 3	 4	 5	 18.069764	 0.047306
2	 3	 4	 6	 17.810664	 0.053359
2	 3	 5	 1	 16.631664	 0.056943
2	 3	 5	 2	 16.204464	 0.060848
2	 3	 5	 3	 17.188764	 0.074810
2	 3	 5	 4	 18.158964	 0.072571
2	 3	 5	 5	 17.104364	 0.105252
2	 3	 5	 6	 18.106364	 0.113773
2	 3	 6	 1	 17.141764	 0.109636
2	 3	 6	 2	 19.343364	 0.123075
2	 3	 6	 3	 16.090064	 0.073256
2	 3	 6	 4	 17.494264	 0.220489
2	 3	 6	 5	 18.253651	 15.941792
2	 3	 6	 6	 14.643264	 0.496099
2	 3	 7	 1	 14.022164	 0.522438
2	 3	 7	 2	 18.101764	 0.214053
2	 3	 7	 3	 13.299464	 0.798274
2	 3	 7	 4	 14.739864	 1.355320
2	 3	 7	 5	 18.742764	 9.533030
2	 3	 7	 6	 17.173564	 2.710580
2	 4	 1	 1	 32.298693	 6.497670
2	 4	 1	 2	 17.485293	 0.162418
2	 4	 1	 3	 16.918593	 0.062235
2	 4	 1	 4	 18.557893	 0.058303
2	 4	 1	 5	 16.432893	 0.035261
2	 4	 1	 6	 17.207793	 0.030044
2	 4	 2	 1	 15.582593	 0.029193
2	 4	 2	 2	 16.158893	 0.025379
2	 4	 2	 3	 16.635693	 0.029171
2	 4	 2	 4	 17.461493	 0.031265
2	 4	 2	 5	 16.868493	 0.030119
2	 4	 2	 6	 17.194093	 0.036485
2	 4	 3	 1	 16.204193	 0.034965
2	 4	 3	 2	 15.777093	 0.034855
2	 4	 3	 3	 16.960693	 0.036144
2	 4	 3	 4	 15.925493	 0.038900
2	 4	 3	 5	 16.268093	 0.045998
2	 4	 3	 6	 16.858693	 0.040019
2	 4	 4	 1	 15.203793	 0.043461
2	 4	 4	 2	 14.896993	 0.051908
2	 4	 4	 3	 15.955193	 0.057549
2	 4	 4	 4	 15.513293	 0.071496
2	 4	 4	 5	 16.459593	 0.058792
2	 4	 4	 6	 15.971193	 0.060749
2	 4	 5	 1	 15.540393	 0.067306
2	 4	 5	 2	 15.257693	 0.085841
2	 4	 5	 3	 12.868593	 1.042820
2	 4	 5	 4	 15.368393	 0.087666
2	 4	 5	 5	 11.979357	 6.188743
2	 4	 5	 6	 16.688293	 0.121574
2	 4	 6	 1	 17.192493	 0.207210
2	 4	 6	 2	 16.282493	 0.425495
2	 4	 6	 3	 11.209114	 8.882499
2	 4	 6	 4	 22.360193	 2.101000
2	 4	 6	 5	 7.611858	 10.559331
2	 4	 6	 6	 16.422193	 0.222373
2	 4	 7	 1	 22.409193	 2.804000
2	 4	 7	 2	 13.916893	 0.767783
2	 4	 7	 3	 12.952893	 0.981205
2	 4	 7	 4	 12.161593	 1.266970
2	 4	 7	 5	 13.504293	 1.997930
2	 4	 7	 6	 24.331193	 21.482100
2	 5	 1	 1	 14.846235	 1.543640
2	 5	 1	 2	 27.891935	 0.023863
2	 5	 1	 3	 27.166535	 0.051452
2	 5	 1	 4	 26.493335	 0.042090
2	 5	 1	 5	 29.018035	 0.010591
2	 5	 1	 6	 27.999335	 0.012624
2	 5	 2	 1	 27.943335	 0.008872
2	 5	 2	 2	 29.028235	 0.008067
2	 5	 2	 3	 29.065835	 0.009328
2	 5	 2	 4	 29.097235	 0.010527
2	 5	 2	 5	 31.132435	 0.031651
2	 5	 2	 6	 30.963135	 0.031355
2	 5	 3	 1	 31.892435	 0.033113
2	 5	 3	 2	 30.146735	 0.034956
2	 5	 3	 3	 31.880435	 0.041395
2	 5	 3	 4	 30.677135	 0.043544
2	 5	 3	 5	 31.362735	 0.052403
2	 5	 3	 6	 32.482235	 0.058558
2	 5	 4	 1	 31.746435	 0.064793
2	 5	 4	 2	 29.752735	 0.058858
2	 5	 4	 3	 29.139835	 0.070524
2	 5	 4	 4	 27.431035	 0.088530
2	 5	 4	 5	 26.376702	 4.629713
2	 5	 4	 6	 24.518637	 4.891828
2	 5	 5	 1	 21.961773	 6.009766
2	 5	 5	 2	 27.490548	 5.147259
2	 5	 5	 3	 23.126713	 5.954312
2	 5	 5	 4	 23.748940	 6.152491
2	 5	 5	 5	 27.347488	 5.924367
2	 5	 5	 6	 21.192781	 7.568876
2	 5	 6	 1	 18.898064	 4.926267
2	 5	 6	 2	 17.585584	 7.879397
2	 5	 6	 3	 17.348835	 0.734133
2	 5	 6	 4	 18.673145	 14.779966
2	 5	 6	 5	 18.352835	 0.965394
2	 5	 6	 6	 15.878835	 0.836154
2	 5	 7	 1	 30.630235	 4.388000
2	 5	 7	 2	 -1.087755	 29.941126
2	 5	 7	 3	 -8.698414	 21.216698
2	 5	 7	 4	 16.879435	 2.673060
2	 5	 7	 5	 24.716535	 283.133000
2	 5	 7	 6	 30.630235	 4.388000
2	 6	 1	 1	 21.958792	 0.059037
2	 6	 1	 2	 23.013492	 0.069831
2	 6	 1	 3	 20.956092	 0.022267
2	 6	 1	 4	 20.987892	 0.020534
2	 6	 1	 5	 23.459992	 0.035232
2	 6	 1	 6	 21.859992	 0.033370
2	 6	 2	 1	 22.219592	 0.026153
2	 6	 2	 2	 22.402092	 0.028717
2	 6	 2	 3	 23.623292	 0.030220
2	 6	 2	 4	 21.317292	 0.018887
2	 6	 2	 5	 23.448692	 0.028619
2	 6	 2	 6	 31.847492	 0.037107
2	 6	 3	 1	 24.989092	 0.037445
2	 6	 3	 2	 26.966492	 0.015590
2	 6	 3	 3	 26.851292	 0.010397
2	 6	 3	 4	 23.894592	 0.045196
2	 6	 3	 5	 24.156392	 0.048575
2	 6	 3	 6	 26.688092	 0.056641
2	 6	 4	 1	 24.933392	 0.064625
2	 6	 4	 2	 22.988192	 0.070255
2	 6	 4	 3	 22.928592	 0.077202
2	 6	 4	 4	 24.117992	 0.090032
2	 6	 4	 5	 17.400925	 3.489764
2	 6	 4	 6	 18.942470	 3.446578
2	 6	 5	 1	 23.421792	 0.110345
2	 6	 5	 2	 14.071683	 4.578114
2	 6	 5	 3	 21.148292	 0.176311
2	 6	 5	 4	 14.933289	 4.833335
2	 6	 5	 5	 12.485592	 0.327768
2	 6	 5	 6	 18.595347	 4.402551
2	 6	 6	 1	 10.137692	 0.668412
2	 6	 6	 2	 16.690907	 6.308430
2	 6	 6	 3	 14.705355	 7.372926
2	 6	 6	 4	 28.363692	 0.166102
2	 6	 6	 5	 14.704967	 7.340746
2	 6	 6	 6	 13.823842	 12.766539
2	 6	 7	 1	 3.756222	 29.794183
2	 6	 7	 2	 15.207972	 11.919822
2	 6	 7	 3	 17.124846	 19.386475
2	 6	 7	 4	 19.502692	 1.712620
2	 6	 7	 5	 24.845522	 26.579384
2	 6	 7	 6	 24.543692	 4.021000
3	 1	 1	 1	 39.132951	 0.035350
3	 1	 1	 2	 40.463751	 0.021457
3	 1	 1	 3	 38.444222	 4.326072
3	 1	 1	 4	 39.122351	 0.019155
3	 1	 1	 5	 38.193651	 0.017251
3	 1	 1	 6	 37.743767	 4.597364
3	 1	 2	 1	 40.234451	 0.017173
3	 1	 2	 2	 41.857151	 0.016635
3	 1	 2	 3	 39.971351	 0.016384
3	 1	 2	 4	 42.150081	 4.938404
3	 1	 2	 5	 40.470251	 0.015888
3	 1	 2	 6	 39.794395	 6.119837
3	 1	 3	 1	 37.518912	 5.370541
3	 1	 3	 2	 37.245411	 4.260767
3	 1	 3	 3	 36.628885	 6.510927
3	 1	 3	 4	 39.571751	 0.022613
3	 1	 3	 5	 40.328351	 0.022130
3	 1	 3	 6	 36.466241	 4.846384
3	 1	 4	 1	 40.506095	 6.663416
3	 1	 4	 2	 39.759212	 7.521207
3	 1	 4	 3	 34.594984	 7.758998
3	 1	 4	 4	 40.239651	 0.024004
3	 1	 4	 5	 37.165818	 7.792926
3	 1	 4	 6	 40.910136	 7.667477
3	 1	 5	 1	 35.370293	 8.793876
3	 1	 5	 2	 35.771385	 8.660979
3	 1	 5	 3	 34.162331	 10.030309
3	 1	 5	 4	 42.024151	 0.995119
3	 1	 5	 5	 37.628998	 8.934090
3	 1	 5	 6	 43.032951	 0.636391
3	 1	 6	 1	 38.318794	 13.943713
3	 1	 6	 2	 39.061651	 15.391239
3	 1	 6	 3	 39.803551	 0.051136
3	 1	 6	 4	 40.847551	 0.067271
3	 1	 6	 5	 34.442344	 16.582531
3	 1	 6	 6	 42.178751	 0.087696
3	 1	 7	 1	 42.060251	 0.122635
3	 1	 7	 2	 34.603016	 23.020478
3	 1	 7	 3	 43.609851	 0.111262
3	 1	 7	 4	 42.494251	 0.122981
3	 1	 7	 5	 42.280451	 0.161231
3	 1	 7	 6	 41.558951	 0.176222
3	 2	 1	 1	 41.718282	 0.068317
3	 2	 1	 2	 43.218008	 7.426494
3	 2	 1	 3	 40.945415	 5.864047
3	 2	 1	 4	 40.515270	 5.322303
3	 2	 1	 5	 39.958748	 5.587956
3	 2	 1	 6	 40.034565	 8.197073
3	 2	 2	 1	 42.728182	 0.018593
3	 2	 2	 2	 43.867320	 5.705260
3	 2	 2	 3	 41.581937	 4.878325
3	 2	 2	 4	 40.663108	 5.930951
3	 2	 2	 5	 42.007682	 0.018861
3	 2	 2	 6	 42.953782	 0.019611
3	 2	 3	 1	 36.841963	 8.946158
3	 2	 3	 2	 42.534682	 0.021943
3	 2	 3	 3	 39.953787	 6.416968
3	 2	 3	 4	 40.925557	 6.732645
3	 2	 3	 5	 42.000482	 0.022184
3	 2	 3	 6	 41.538527	 5.861569
3	 2	 4	 1	 39.343982	 0.023445
3	 2	 4	 2	 33.909366	 11.651400
3	 2	 4	 3	 34.775791	 7.885309
3	 2	 4	 4	 41.745782	 0.027870
3	 2	 4	 5	 35.768918	 8.212167
3	 2	 4	 6	 39.785982	 0.044750
3	 2	 5	 1	 35.360230	 12.103997
3	 2	 5	 2	 37.373242	 11.760802
3	 2	 5	 3	 36.774910	 7.468968
3	 2	 5	 4	 38.455718	 11.212821
3	 2	 5	 5	 33.203191	 16.884380
3	 2	 5	 6	 39.629981	 11.108191
3	 2	 6	 1	 34.746463	 9.892059
3	 2	 6	 2	 40.460082	 12.846620
3	 2	 6	 3	 35.479850	 12.671529
3	 2	 6	 4	 35.407614	 13.607606
3	 2	 6	 5	 40.539482	 0.019735
3	 2	 6	 6	 35.865568	 19.278544
3	 2	 7	 1	 10.771022	 69.065056
3	 2	 7	 2	 42.897982	 0.164161
3	 2	 7	 3	 42.216526	 27.787935
3	 2	 7	 4	 43.146982	 0.155239
3	 2	 7	 5	 41.343382	 0.261522
3	 2	 7	 6	 42.887982	 0.243205
3	 3	 1	 1	 44.321164	 2.420030
3	 3	 1	 2	 39.071164	 0.094106
3	 3	 1	 3	 37.902164	 0.048930
3	 3	 1	 4	 38.864464	 0.036665
3	 3	 1	 5	 39.579564	 0.015853
3	 3	 1	 6	 41.387364	 0.030400
3	 3	 2	 1	 42.947264	 0.028143
3	 3	 2	 2	 42.185564	 0.034534
3	 3	 2	 3	 42.310864	 0.029409
3	 3	 2	 4	 42.692564	 0.024944
3	 3	 2	 5	 44.376864	 0.030254
3	 3	 2	 6	 44.043164	 0.032913
3	 3	 3	 1	 43.315864	 0.038121
3	 3	 3	 2	 42.023764	 0.038312
3	 3	 3	 3	 41.886564	 0.036704
3	 3	 3	 4	 43.888464	 0.043054
3	 3	 3	 5	 42.619970	 5.296136
3	 3	 3	 6	 43.603064	 0.041728
3	 3	 4	 1	 42.867964	 0.038921
3	 3	 4	 2	 41.649377	 6.561123
3	 3	 4	 3	 41.609590	 6.829538
3	 3	 4	 4	 36.278004	 9.874268
3	 3	 4	 5	 36.122614	 6.600745
3	 3	 4	 6	 39.171864	 0.064235
3	 3	 5	 1	 38.760264	 0.063282
3	 3	 5	 2	 39.966464	 0.066939
3	 3	 5	 3	 40.614864	 0.068461
3	 3	 5	 4	 42.149364	 0.098605
3	 3	 5	 5	 42.859799	 10.113366
3	 3	 5	 6	 40.616711	 13.791798
3	 3	 6	 1	 36.393481	 25.467405
3	 3	 6	 2	 40.117764	 0.134270
3	 3	 6	 3	 37.109964	 0.359420
3	 3	 6	 4	 39.510464	 0.084506
3	 3	 6	 5	 40.338964	 0.120021
3	 3	 6	 6	 39.929764	 0.404038
3	 3	 7	 1	 39.089864	 0.433051
3	 3	 7	 2	 39.631364	 0.512733
3	 3	 7	 3	 36.948864	 0.693647
3	 3	 7	 4	 37.833964	 1.415060
3	 3	 7	 5	 37.703564	 1.746690
3	 3	 7	 6	 40.926364	 18.623600
3	 4	 1	 1	 51.768057	 5.662000
3	 4	 1	 2	 40.224257	 0.137028
3	 4	 1	 3	 41.103057	 0.051981
3	 4	 1	 4	 41.204357	 0.038008
3	 4	 1	 5	 41.338757	 0.032020
3	 4	 1	 6	 41.494057	 0.030056
3	 4	 2	 1	 40.186357	 0.028098
3	 4	 2	 2	 40.885957	 0.027021
3	 4	 2	 3	 42.128957	 0.029684
3	 4	 2	 4	 43.604557	 0.033033
3	 4	 2	 5	 43.548657	 0.033310
3	 4	 2	 6	 43.880557	 0.034354
3	 4	 3	 1	 41.159257	 0.033271
3	 4	 3	 2	 43.959157	 0.042952
3	 4	 3	 3	 41.422001	 4.820722
3	 4	 3	 4	 41.055757	 0.039088
3	 4	 3	 5	 41.488957	 0.045562
3	 4	 3	 6	 41.369957	 0.042488
3	 4	 4	 1	 47.688957	 0.050191
3	 4	 4	 2	 46.138457	 0.051752
3	 4	 4	 3	 45.929757	 0.053794
3	 4	 4	 4	 42.918457	 0.078959
3	 4	 4	 5	 46.668557	 0.055884
3	 4	 4	 6	 47.040757	 0.058509
3	 4	 5	 1	 43.290057	 0.077337
3	 4	 5	 2	 43.269757	 0.092681
3	 4	 5	 3	 40.346631	 8.261152
3	 4	 5	 4	 42.022457	 0.098387
3	 4	 5	 5	 46.598357	 0.165727
3	 4	 5	 6	 43.223357	 0.275834
3	 4	 6	 1	 47.357457	 0.113423
3	 4	 6	 2	 52.298097	 21.989350
3	 4	 6	 3	 43.032739	 27.199925
3	 4	 6	 4	 49.578057	 3.640000
3	 4	 6	 5	 34.911687	 57.993347
3	 4	 6	 6	 43.349205	 34.716047
3	 4	 7	 1	 44.392057	 0.544026
3	 4	 7	 2	 45.576257	 0.670948
3	 4	 7	 3	 38.345957	 0.987559
3	 4	 7	 4	 39.274357	 1.363280
3	 4	 7	 5	 40.007457	 1.866040
3	 4	 7	 6	 44.775057	 2.295420
3	 5	 1	 1	 50.609455	 7.210680
3	 5	 1	 2	 73.545155	 1.073440
3	 5	 1	 3	 70.761355	 0.033158
3	 5	 1	 4	 69.662355	 0.031451
3	 5	 1	 5	 70.855555	 0.039983
3	 5	 1	 6	 71.543955	 0.027802
3	 5	 2	 1	 69.603955	 0.016100
3	 5	 2	 2	 69.503355	 0.013210
3	 5	 2	 3	 73.319955	 0.397265
3	 5	 2	 4	 70.788755	 0.015577
3	 5	 2	 5	 70.709455	 0.024229
3	 5	 2	 6	 71.402155	 0.030409
3	 5	 3	 1	 71.728855	 0.032694
3	 5	 3	 2	 70.657755	 0.035953
3	 5	 3	 3	 70.429155	 0.039707
3	 5	 3	 4	 70.268155	 0.044188
3	 5	 3	 5	 72.129155	 0.051299
3	 5	 3	 6	 72.681655	 0.060803
3	 5	 4	 1	 70.852155	 0.060278
3	 5	 4	 2	 72.362855	 0.071752
3	 5	 4	 3	 68.292433	 8.474765
3	 5	 4	 4	 69.935455	 0.084847
3	 5	 4	 5	 72.104955	 0.097682
3	 5	 4	 6	 72.131955	 0.117641
3	 5	 5	 1	 59.289137	 8.882390
3	 5	 5	 2	 55.617955	 0.130261
3	 5	 5	 3	 61.767955	 0.153306
3	 5	 5	 4	 52.133006	 9.510963
3	 5	 5	 5	 48.219503	 17.614201
3	 5	 5	 6	 48.288384	 15.105377
3	 5	 6	 1	 56.312048	 16.779786
3	 5	 6	 2	 60.923424	 14.902170
3	 5	 6	 3	 56.664879	 21.204202
3	 5	 6	 4	 53.250255	 0.266287
3	 5	 6	 5	 52.469955	 0.375893
3	 5	 6	 6	 37.607133	 38.391405
3	 5	 7	 1	 45.271055	 1.783270
3	 5	 7	 2	 52.326239	 63.956271
3	 5	 7	 3	 49.229055	 1.733850
3	 5	 7	 4	 48.194455	 2.537120
3	 5	 7	 5	 60.186355	 12.885000
3	 5	 7	 6	 60.186355	 12.885000
3	 6	 1	 1	 62.979327	 1.489290
3	 6	 1	 2	 66.359727	 0.147504
3	 6	 1	 3	 55.578629	 14.939151
3	 6	 1	 4	 63.872327	 0.090348
3	 6	 1	 5	 67.035727	 0.057863
3	 6	 1	 6	 67.349827	 0.053363
3	 6	 2	 1	 66.455127	 0.037508
3	 6	 2	 2	 65.776227	 0.034511
3	 6	 2	 3	 65.526327	 0.031441
3	 6	 2	 4	 66.704627	 0.031158
3	 6	 2	 5	 67.565927	 0.035227
3	 6	 2	 6	 66.411627	 0.036060
3	 6	 3	 1	 58.474027	 0.132880
3	 6	 3	 2	 66.186727	 0.039634
3	 6	 3	 3	 65.291827	 0.043465
3	 6	 3	 4	 65.302927	 0.050577
3	 6	 3	 5	 65.602227	 0.053583
3	 6	 3	 6	 65.647427	 0.063186
3	 6	 4	 1	 66.471527	 0.072258
3	 6	 4	 2	 66.032527	 0.075034
3	 6	 4	 3	 68.778627	 0.163580
3	 6	 4	 4	 66.013827	 0.095695
3	 6	 4	 5	 69.840527	 0.025015
3	 6	 4	 6	 67.339027	 0.102357
3	 6	 5	 1	 49.579828	 8.868539
3	 6	 5	 2	 50.101527	 0.077574
3	 6	 5	 3	 50.847527	 0.074723
3	 6	 5	 4	 50.298992	 9.504404
3	 6	 5	 5	 56.254227	 0.218473
3	 6	 5	 6	 47.738794	 12.185159
3	 6	 6	 1	 56.597134	 13.457476
3	 6	 6	 2	 47.726657	 11.601739
3	 6	 6	 3	 49.003973	 16.942540
3	 6	 6	 4	 45.115927	 0.695749
3	 6	 6	 5	 46.099927	 0.968472
3	 6	 6	 6	 45.444827	 1.251850
3	 6	 7	 1	 43.197827	 1.271970
3	 6	 7	 2	 49.619559	 28.221732
3	 6	 7	 3	 35.836485	 38.995665
3	 6	 7	 4	 53.771586	 43.122906
3	 6	 7	 5	 37.935031	 89.378479
3	 6	 7	 6	 57.011127	 10.619000
4	 1	 1	 1	 5.745553	 0.038349
4	 1	 1	 2	 6.535113	 0.019535
4	 1	 1	 3	 6.345033	 0.016713
4	 1	 1	 4	 3.419613	 0.815449
4	 1	 1	 5	 5.966753	 0.017730
4	 1	 1	 6	 5.369083	 0.017821
4	 1	 2	 1	 5.262426	 1.270315
4	 1	 2	 2	 5.802373	 0.017036
4	 1	 2	 3	 5.995323	 0.015824
4	 1	 2	 4	 4.861923	 0.015303
4	 1	 2	 5	 5.417853	 0.016562
4	 1	 2	 6	 4.620379	 1.491206
4	 1	 3	 1	 4.878373	 0.016289
4	 1	 3	 2	 4.794438	 1.489279
4	 1	 3	 3	 0.025131	 2.126645
4	 1	 3	 4	 4.528757	 1.508689
4	 1	 3	 5	 6.758423	 0.019778
4	 1	 3	 6	 6.323423	 0.020231
4	 1	 4	 1	 3.677133	 1.800632
4	 1	 4	 2	 5.134598	 1.641090
4	 1	 4	 3	 4.576245	 1.761920
4	 1	 4	 4	 3.932734	 1.945739
4	 1	 4	 5	 4.309852	 1.944642
4	 1	 4	 6	 7.641783	 0.030718
4	 1	 5	 1	 6.512403	 0.028049
4	 1	 5	 2	 5.014181	 2.045540
4	 1	 5	 3	 4.673746	 2.379681
4	 1	 5	 4	 6.072249	 2.194639
4	 1	 5	 5	 6.012539	 2.194180
4	 1	 5	 6	 5.857646	 2.486108
4	 1	 6	 1	 5.164313	 2.670322
4	 1	 6	 2	 6.328492	 2.539644
4	 1	 6	 3	 5.611843	 0.045877
4	 1	 6	 4	 6.897646	 3.222969
4	 1	 6	 5	 6.204313	 3.527806
4	 1	 6	 6	 -5.098189	 7.191643
4	 1	 7	 1	 0.830979	 4.730235
4	 1	 7	 2	 5.985365	 4.868727
4	 1	 7	 3	 -2.115687	 9.514273
4	 1	 7	 4	 6.696963	 0.147717
4	 1	 7	 5	 6.270863	 0.135373
4	 1	 7	 6	 6.386353	 0.238131
4	 2	 1	 1	 32.424582	 0.055125
4	 2	 1	 2	 34.033982	 0.024537
4	 2	 1	 3	 31.035765	 4.197069
4	 2	 1	 4	 32.062482	 0.017508
4	 2	 1	 5	 33.393761	 4.437661
4	 2	 1	 6	 33.075082	 0.016833
4	 2	 2	 1	 32.539982	 0.026237
4	 2	 2	 2	 47.266903	 6.664816
4	 2	 2	 3	 31.002679	 4.104353
4	 2	 2	 4	 32.868982	 0.018383
4	 2	 2	 5	 32.119882	 0.017995
4	 2	 2	 6	 33.292182	 0.019672
4	 2	 3	 1	 32.762482	 0.019654
4	 2	 3	 2	 30.402128	 4.868036
4	 2	 3	 3	 29.861866	 5.014658
4	 2	 3	 4	 29.757880	 4.896401
4	 2	 3	 5	 32.331559	 5.901999
4	 2	 3	 6	 29.862833	 5.137991
4	 2	 4	 1	 33.270682	 0.025231
4	 2	 4	 2	 31.142135	 5.278366
4	 2	 4	 3	 31.790079	 4.356861
4	 2	 4	 4	 29.688196	 6.504178
4	 2	 4	 5	 30.533516	 5.938744
4	 2	 4	 6	 30.166926	 6.657092
4	 2	 5	 1	 33.406082	 0.032116
4	 2	 5	 2	 32.092852	 7.808922
4	 2	 5	 3	 29.201698	 10.622278
4	 2	 5	 4	 28.024921	 8.611941
4	 2	 5	 5	 29.406693	 8.743530
4	 2	 5	 6	 32.049582	 0.041575
4	 2	 6	 1	 29.290298	 9.860759
4	 2	 6	 2	 30.472168	 10.022446
4	 2	 6	 3	 29.938212	 8.133660
4	 2	 6	 4	 28.486118	 13.044116
4	 2	 6	 5	 22.379487	 16.960495
4	 2	 6	 6	 30.486982	 0.115461
4	 2	 7	 1	 30.374982	 0.095080
4	 2	 7	 2	 30.568859	 15.056296
4	 2	 7	 3	 28.566300	 12.250269
4	 2	 7	 4	 49.809982	 0.182859
4	 2	 7	 5	 6.036648	 42.082681
4	 2	 7	 6	 29.756682	 0.167025
4	 3	 1	 1	 15.707654	 2.016820
4	 3	 1	 2	 13.965854	 0.076953
4	 3	 1	 3	 13.834454	 0.038579
4	 3	 1	 4	 14.658654	 0.033759
4	 3	 1	 5	 14.207754	 0.039058
4	 3	 1	 6	 14.103454	 0.033707
4	 3	 2	 1	 10.874454	 0.029328
4	 3	 2	 2	 10.171944	 1.627057
4	 3	 2	 3	 11.918854	 0.035256
4	 3	 2	 4	 11.371554	 0.029512
4	 3	 2	 5	 13.429454	 0.030604
4	 3	 2	 6	 12.955454	 0.034116
4	 3	 3	 1	 11.038554	 0.031420
4	 3	 3	 2	 11.751554	 0.031023
4	 3	 3	 3	 11.127454	 0.007588
4	 3	 3	 4	 9.735513	 1.835940
4	 3	 3	 5	 10.417933	 1.806032
4	 3	 3	 6	 11.946954	 0.040649
4	 3	 4	 1	 12.405954	 0.039379
4	 3	 4	 2	 12.882854	 0.043261
4	 3	 4	 3	 8.506971	 2.374966
4	 3	 4	 4	 12.142954	 0.047953
4	 3	 4	 5	 10.037204	 2.361484
4	 3	 4	 6	 12.665454	 0.051119
4	 3	 5	 1	 11.985454	 0.051869
4	 3	 5	 2	 11.004754	 0.052877
4	 3	 5	 3	 10.536920	 2.978279
4	 3	 5	 4	 11.127754	 0.100590
4	 3	 5	 5	 9.868476	 4.031314
4	 3	 5	 6	 12.311854	 0.184808
4	 3	 6	 1	 10.435987	 5.532927
4	 3	 6	 2	 6.267361	 13.352290
4	 3	 6	 3	 12.040254	 0.169107
4	 3	 6	 4	 2.800680	 6.763116
4	 3	 6	 5	 -1.814465	 24.019176
4	 3	 6	 6	 11.132054	 0.039586
4	 3	 7	 1	 13.150454	 0.241189
4	 3	 7	 2	 11.104754	 0.351662
4	 3	 7	 3	 9.090084	 0.698024
4	 3	 7	 4	 16.313954	 0.580228
4	 3	 7	 5	 6.654754	 1.837770
4	 3	 7	 6	 14.066754	 1.859180
4	 4	 1	 1	 13.227331	 5.969970
4	 4	 1	 2	 13.231331	 0.181820
4	 4	 1	 3	 13.653431	 0.054319
4	 4	 1	 4	 10.141196	 1.929910
4	 4	 1	 5	 14.215231	 0.035712
4	 4	 1	 6	 13.662231	 0.032700
4	 4	 2	 1	 13.445831	 0.029515
4	 4	 2	 2	 12.963031	 0.029191
4	 4	 2	 3	 12.746931	 0.028561
4	 4	 2	 4	 12.397031	 0.032235
4	 4	 2	 5	 12.475031	 0.030785
4	 4	 2	 6	 12.947331	 0.032244
4	 4	 3	 1	 13.255131	 0.034155
4	 4	 3	 2	 10.911478	 1.582410
4	 4	 3	 3	 12.286531	 0.039044
4	 4	 3	 4	 12.372931	 0.038499
4	 4	 3	 5	 9.840574	 1.810130
4	 4	 3	 6	 12.449731	 0.042302
4	 4	 4	 1	 12.524531	 0.051988
4	 4	 4	 2	 12.213631	 0.054196
4	 4	 4	 3	 11.957931	 0.048084
4	 4	 4	 4	 11.513331	 0.051665
4	 4	 4	 5	 10.175020	 2.181527
4	 4	 4	 6	 8.798709	 2.472151
4	 4	 5	 1	 9.372005	 2.956926
4	 4	 5	 2	 14.242931	 0.355773
4	 4	 5	 3	 8.794593	 3.092675
4	 4	 5	 4	 9.287261	 3.588807
4	 4	 5	 5	 12.599731	 0.166685
4	 4	 5	 6	 11.322731	 0.210516
4	 4	 6	 1	 11.173527	 9.150372
4	 4	 6	 2	 13.360140	 7.624676
4	 4	 6	 3	 0.419780	 14.233284
4	 4	 6	 4	 13.639931	 0.214010
4	 4	 6	 5	 10.380531	 0.464972
4	 4	 6	 6	 10.748107	 10.800770
4	 4	 7	 1	 9.871131	 0.669568
4	 4	 7	 2	 10.130531	 0.831715
4	 4	 7	 3	 8.056171	 1.094060
4	 4	 7	 4	 16.456231	 3.539000
4	 4	 7	 5	 7.298611	 1.744610
4	 4	 7	 6	 6.054921	 4.105340
4	 5	 1	 1	 53.387646	 2.477000
4	 5	 1	 2	 49.364146	 0.181315
4	 5	 1	 3	 50.220146	 0.064645
4	 5	 1	 4	 49.186446	 0.049128
4	 5	 1	 5	 51.604746	 0.010727
4	 5	 1	 6	 50.335846	 0.085670
4	 5	 2	 1	 50.761646	 0.023119
4	 5	 2	 2	 51.533646	 0.020826
4	 5	 2	 3	 50.547746	 0.009891
4	 5	 2	 4	 51.799346	 0.013711
4	 5	 2	 5	 53.590246	 0.027097
4	 5	 2	 6	 53.237246	 0.027293
4	 5	 3	 1	 54.441146	 0.033428
4	 5	 3	 2	 53.007546	 0.035024
4	 5	 3	 3	 53.698546	 0.040137
4	 5	 3	 4	 53.256446	 0.044730
4	 5	 3	 5	 53.761546	 0.049304
4	 5	 3	 6	 54.629446	 0.059940
4	 5	 4	 1	 54.555146	 0.058358
4	 5	 4	 2	 54.528446	 0.061538
4	 5	 4	 3	 52.728146	 0.070849
4	 5	 4	 4	 53.812946	 0.241652
4	 5	 4	 5	 51.910246	 0.096717
4	 5	 4	 6	 52.896846	 0.098165
4	 5	 5	 1	 51.708746	 0.110143
4	 5	 5	 2	 50.100146	 0.117821
4	 5	 5	 3	 48.227046	 0.148894
4	 5	 5	 4	 48.255046	 0.117262
4	 5	 5	 5	 41.341546	 0.344351
4	 5	 5	 6	 47.029346	 0.169101
4	 5	 6	 1	 39.291093	 19.758539
4	 5	 6	 2	 29.152599	 27.768716
4	 5	 6	 3	 36.093868	 25.604990
4	 5	 6	 4	 51.550646	 1.141880
4	 5	 6	 5	 41.575675	 21.953812
4	 5	 6	 6	 48.867490	 26.082073
4	 5	 7	 1	 47.060624	 28.220860
4	 5	 7	 2	 50.495782	 25.984527
4	 5	 7	 3	 37.131746	 0.587365
4	 5	 7	 4	 42.305846	 1.792610
4	 5	 7	 5	 53.783646	 10.186000
4	 5	 7	 6	 53.783646	 10.186000
4	 6	 1	 1	 32.858628	 1.928830
4	 6	 1	 2	 46.213528	 0.129365
4	 6	 1	 3	 45.715328	 0.020590
4	 6	 1	 4	 46.826628	 0.013812
4	 6	 1	 5	 45.697528	 0.012093
4	 6	 1	 6	 46.909328	 0.015193
4	 6	 2	 1	 48.131328	 0.030218
4	 6	 2	 2	 47.673528	 0.027965
4	 6	 2	 3	 48.108028	 0.028416
4	 6	 2	 4	 52.902328	 0.011003
4	 6	 2	 5	 50.022928	 0.029210
4	 6	 2	 6	 49.812728	 0.033886
4	 6	 3	 1	 53.327528	 0.035698
4	 6	 3	 2	 53.005128	 0.036656
4	 6	 3	 3	 53.302428	 0.023995
4	 6	 3	 4	 47.972428	 0.042656
4	 6	 3	 5	 48.106428	 0.048968
4	 6	 3	 6	 44.499524	 5.456017
4	 6	 4	 1	 49.419428	 0.064618
4	 6	 4	 2	 48.737028	 0.069898
4	 6	 4	 3	 48.917928	 0.084016
4	 6	 4	 4	 49.725928	 1.414210
4	 6	 4	 5	 51.688228	 0.016821
4	 6	 4	 6	 55.769528	 0.465687
4	 6	 5	 1	 49.935228	 0.135259
4	 6	 5	 2	 48.525828	 0.136484
4	 6	 5	 3	 51.513328	 0.257945
4	 6	 5	 4	 41.150632	 9.441671
4	 6	 5	 5	 50.752928	 0.232266
4	 6	 5	 6	 52.558528	 0.230227
4	 6	 6	 1	 33.814402	 15.991511
4	 6	 6	 2	 46.886467	 14.894073
4	 6	 6	 3	 39.235628	 0.616966
4	 6	 6	 4	 48.899065	 21.251265
4	 6	 6	 5	 28.747791	 19.401263
4	 6	 6	 6	 49.677969	 25.692048
4	 6	 7	 1	 36.011116	 18.052189
4	 6	 7	 2	 40.713128	 1.347730
4	 6	 7	 3	 39.560172	 33.263037
4	 6	 7	 4	 34.454477	 52.950107
4	 6	 7	 5	 60.798128	 2.141150
4	 6	 7	 6	 58.667028	 0.724527
5	 1	 1	 1	 40.665968	 0.047207
5	 1	 1	 2	 30.353068	 0.022585
5	 1	 1	 3	 28.485987	 3.211785
5	 1	 1	 4	 23.598768	 0.018046
5	 1	 1	 5	 22.930868	 0.016969
5	 1	 1	 6	 23.790068	 0.018017
5	 1	 2	 1	 27.428968	 0.016078
5	 1	 2	 2	 25.302668	 0.004159
5	 1	 2	 3	 25.928868	 0.014477
5	 1	 2	 4	 26.672368	 0.016665
5	 1	 2	 5	 25.965268	 0.024389
5	 1	 2	 6	 23.635637	 3.699299
5	 1	 3	 1	 26.652968	 0.017536
5	 1	 3	 2	 26.377868	 0.018562
5	 1	 3	 3	 26.877068	 0.018626
5	 1	 3	 4	 23.451282	 4.045588
5	 1	 3	 5	 26.042568	 0.018406
5	 1	 3	 6	 26.246868	 0.022631
5	 1	 4	 1	 26.248968	 0.021336
5	 1	 4	 2	 27.368768	 0.023241
5	 1	 4	 3	 22.971612	 4.946077
5	 1	 4	 4	 25.340349	 3.750953
5	 1	 4	 5	 27.959568	 0.025598
5	 1	 4	 6	 26.997168	 0.026956
5	 1	 5	 1	 27.885068	 0.027146
5	 1	 5	 2	 28.170468	 0.031971
5	 1	 5	 3	 23.974952	 5.531064
5	 1	 5	 4	 26.127168	 0.039245
5	 1	 5	 5	 28.505487	 5.991188
5	 1	 5	 6	 31.133668	 0.045171
5	 1	 6	 1	 27.190168	 0.048181
5	 1	 6	 2	 24.355391	 7.716039
5	 1	 6	 3	 27.735768	 0.051399
5	 1	 6	 4	 23.064657	 13.994799
5	 1	 6	 5	 13.126879	 26.343735
5	 1	 6	 6	 23.526879	 19.440727
5	 1	 7	 1	 17.872710	 15.069787
5	 1	 7	 2	 22.206244	 21.164441
5	 1	 7	 3	 27.397568	 0.132971
5	 1	 7	 4	 28.314577	 23.223328
5	 1	 7	 5	 29.407068	 0.059412
5	 1	 7	 6	 30.592468	 0.230490
5	 2	 1	 1	 -3.711017	 4.452249
5	 2	 1	 2	 2.291610	 1.080032
5	 2	 1	 3	 0.954301	 1.118602
5	 2	 1	 4	 0.203269	 1.214223
5	 2	 1	 5	 3.228699	 0.019757
5	 2	 1	 6	 2.312989	 0.017845
5	 2	 2	 1	 1.183551	 0.016756
5	 2	 2	 2	 0.854292	 1.011120
5	 2	 2	 3	 2.043839	 0.016708
5	 2	 2	 4	 -0.708636	 1.249638
5	 2	 2	 5	 -0.324290	 0.588138
5	 2	 2	 6	 1.320104	 0.017799
5	 2	 3	 1	 -0.023398	 0.570400
5	 2	 3	 2	 1.734861	 0.020273
5	 2	 3	 3	 -0.510311	 0.650178
5	 2	 3	 4	 -0.194826	 0.663567
5	 2	 3	 5	 1.953619	 0.020076
5	 2	 3	 6	 1.230874	 0.020894
5	 2	 4	 1	 0.038286	 0.649762
5	 2	 4	 2	 -0.261699	 1.458064
5	 2	 4	 3	 -1.730064	 0.858806
5	 2	 4	 4	 2.224229	 0.024778
5	 2	 4	 5	 -0.748246	 0.791902
5	 2	 4	 6	 2.809599	 0.028471
5	 2	 5	 1	 0.055794	 1.556198
5	 2	 5	 2	 -2.069583	 2.090222
5	 2	 5	 3	 -1.172383	 1.015990
5	 2	 5	 4	 1.153105	 0.033988
5	 2	 5	 5	 -0.208976	 0.960753
5	 2	 5	 6	 1.558469	 0.041164
5	 2	 6	 1	 2.047729	 0.050038
5	 2	 6	 2	 -8.842708	 6.245576
5	 2	 6	 3	 -3.883600	 2.322573
5	 2	 6	 4	 2.675299	 0.068701
5	 2	 6	 5	 2.114529	 0.068450
5	 2	 6	 6	 1.869358	 0.106078
5	 2	 7	 1	 0.922982	 0.158942
5	 2	 7	 2	 1.401911	 0.235224
5	 2	 7	 3	 1.040984	 0.129498
5	 2	 7	 4	 1.673463	 0.171391
5	 2	 7	 5	 -1.396948	 5.837776
5	 2	 7	 6	 2.553779	 0.228274
5	 3	 1	 1	 8.097491	 4.254900
5	 3	 1	 2	 8.485480	 3.353841
5	 3	 1	 3	 8.681771	 0.035381
5	 3	 1	 4	 9.868521	 0.029319
5	 3	 1	 5	 9.897721	 0.027811
5	 3	 1	 6	 9.728631	 0.023795
5	 3	 2	 1	 9.244831	 0.024683
5	 3	 2	 2	 9.687731	 0.023415
5	 3	 2	 3	 9.713281	 0.024468
5	 3	 2	 4	 8.677461	 0.022674
5	 3	 2	 5	 9.291831	 0.026256
5	 3	 2	 6	 8.900141	 0.028655
5	 3	 3	 1	 9.930121	 0.026657
5	 3	 3	 2	 8.917321	 0.029069
5	 3	 3	 3	 8.275541	 0.029169
5	 3	 3	 4	 9.310681	 0.031100
5	 3	 3	 5	 9.511291	 0.031500
5	 3	 3	 6	 9.838731	 0.035145
5	 3	 4	 1	 12.402321	 0.037779
5	 3	 4	 2	 11.864021	 0.041515
5	 3	 4	 3	 11.678421	 0.039774
5	 3	 4	 4	 11.563121	 0.042684
5	 3	 4	 5	 8.289531	 0.038660
5	 3	 4	 6	 9.048571	 0.051052
5	 3	 5	 1	 8.861601	 0.055740
5	 3	 5	 2	 9.067211	 0.056985
5	 3	 5	 3	 9.247371	 0.065482
5	 3	 5	 4	 8.878451	 0.079667
5	 3	 5	 5	 9.016431	 0.076596
5	 3	 5	 6	 9.275231	 0.092572
5	 3	 6	 1	 -1.824377	 9.496662
5	 3	 6	 2	 10.470421	 0.125652
5	 3	 6	 3	 -3.941233	 15.056165
5	 3	 6	 4	 9.947021	 0.220428
5	 3	 6	 5	 8.846231	 0.127837
5	 3	 6	 6	 7.686932	 13.497922
5	 3	 7	 1	 7.845121	 0.171780
5	 3	 7	 2	 10.289821	 0.455167
5	 3	 7	 3	 7.873571	 0.688711
5	 3	 7	 4	 10.541221	 0.288429
5	 3	 7	 5	 11.778621	 1.111480
5	 3	 7	 6	 7.281641	 3.777730
5	 4	 1	 1	 14.152094	 4.590380
5	 4	 1	 2	 13.100694	 0.428280
5	 4	 1	 3	 9.122924	 0.050407
5	 4	 1	 4	 9.968194	 0.034539
5	 4	 1	 5	 10.595994	 0.032662
5	 4	 1	 6	 9.547864	 0.026378
5	 4	 2	 1	 9.780994	 0.027654
5	 4	 2	 2	 9.374514	 0.025229
5	 4	 2	 3	 9.180074	 0.026043
5	 4	 2	 4	 8.749984	 0.025885
5	 4	 2	 5	 10.022494	 0.028191
5	 4	 2	 6	 10.969794	 2.125850
5	 4	 3	 1	 9.790394	 0.031081
5	 4	 3	 2	 10.360394	 0.032930
5	 4	 3	 3	 9.466614	 0.035962
5	 4	 3	 4	 9.356284	 0.035075
5	 4	 3	 5	 9.372894	 0.038374
5	 4	 3	 6	 9.786194	 0.043358
5	 4	 4	 1	 11.084994	 0.049715
5	 4	 4	 2	 10.165794	 0.048307
5	 4	 4	 3	 9.365664	 0.050522
5	 4	 4	 4	 9.725174	 0.044946
5	 4	 4	 5	 11.108894	 0.051190
5	 4	 4	 6	 10.049194	 0.058800
5	 4	 5	 1	 10.197994	 0.057336
5	 4	 5	 2	 11.197094	 0.084945
5	 4	 5	 3	 8.884434	 0.082710
5	 4	 5	 4	 10.610194	 0.091093
5	 4	 5	 5	 13.121694	 0.328400
5	 4	 5	 6	 11.707094	 0.130779
5	 4	 6	 1	 12.071894	 0.367969
5	 4	 6	 2	 11.637394	 0.150596
5	 4	 6	 3	 8.959424	 0.202584
5	 4	 6	 4	 2.671476	 5.212965
5	 4	 6	 5	 8.588994	 0.128540
5	 4	 6	 6	 -2.724815	 13.237867
5	 4	 7	 1	 9.073964	 2.146940
5	 4	 7	 2	 16.433994	 4.407000
5	 4	 7	 3	 9.385484	 0.910163
5	 4	 7	 4	 4.067284	 1.356980
5	 4	 7	 5	 16.433994	 4.407000
5	 4	 7	 6	 16.433994	 4.407000
5	 5	 1	 1	 33.988204	 3.359150
5	 5	 1	 2	 44.691404	 23.172000
5	 5	 1	 3	 50.102604	 0.050625
5	 5	 1	 4	 50.131504	 0.045183
5	 5	 1	 5	 49.351504	 0.035349
5	 5	 1	 6	 49.088004	 0.032934
5	 5	 2	 1	 52.681404	 0.014233
5	 5	 2	 2	 52.711004	 0.011176
5	 5	 2	 3	 53.824504	 0.009650
5	 5	 2	 4	 50.187604	 0.027284
5	 5	 2	 5	 51.101904	 0.029603
5	 5	 2	 6	 52.072304	 0.032365
5	 5	 3	 1	 51.030304	 0.034933
5	 5	 3	 2	 50.792604	 0.035655
5	 5	 3	 3	 51.482204	 0.041428
5	 5	 3	 4	 48.954004	 0.040901
5	 5	 3	 5	 52.939104	 0.048712
5	 5	 3	 6	 50.880604	 0.058222
5	 5	 4	 1	 49.452304	 0.059242
5	 5	 4	 2	 49.919404	 0.062409
5	 5	 4	 3	 49.903904	 0.070578
5	 5	 4	 4	 44.651640	 5.736406
5	 5	 4	 5	 44.167186	 6.145571
5	 5	 4	 6	 48.085904	 0.088589
5	 5	 5	 1	 47.669604	 0.112701
5	 5	 5	 2	 38.096067	 9.299034
5	 5	 5	 3	 46.639304	 0.149840
5	 5	 5	 4	 48.177004	 0.170121
5	 5	 5	 5	 41.801177	 9.048251
5	 5	 5	 6	 49.447904	 0.482212
5	 5	 6	 1	 37.393704	 0.465497
5	 5	 6	 2	 46.469104	 0.346050
5	 5	 6	 3	 48.474904	 5.697000
5	 5	 6	 4	 39.555868	 20.014126
5	 5	 6	 5	 50.381904	 15.424000
5	 5	 6	 6	 30.481980	 25.973505
5	 5	 7	 1	 43.426068	 22.828473
5	 5	 7	 2	 36.524879	 18.371243
5	 5	 7	 3	 46.104504	 0.881924
5	 5	 7	 4	 20.172883	 63.380382
5	 5	 7	 5	 42.001404	 3.377560
5	 5	 7	 6	 56.227604	 11.686400
5	 6	 1	 1	 39.155233	 0.417408
5	 6	 1	 2	 42.135533	 0.094424
5	 6	 1	 3	 42.830433	 0.062554
5	 6	 1	 4	 42.225933	 0.054656
5	 6	 1	 5	 43.580233	 0.044206
5	 6	 1	 6	 41.744533	 0.037146
5	 6	 2	 1	 47.174433	 0.031030
5	 6	 2	 2	 44.910133	 0.025148
5	 6	 2	 3	 44.807533	 0.018562
5	 6	 2	 4	 46.856933	 0.024725
5	 6	 2	 5	 47.260833	 0.029467
5	 6	 2	 6	 47.485633	 0.029231
5	 6	 3	 1	 46.323433	 0.030198
5	 6	 3	 2	 46.911933	 0.036026
5	 6	 3	 3	 45.761233	 0.010124
5	 6	 3	 4	 44.884533	 0.075406
5	 6	 3	 5	 45.170533	 0.048646
5	 6	 3	 6	 44.932933	 0.051851
5	 6	 4	 1	 43.941933	 0.077243
5	 6	 4	 2	 44.743333	 0.066982
5	 6	 4	 3	 44.604833	 0.015199
5	 6	 4	 4	 53.544733	 3.394540
5	 6	 4	 5	 48.881133	 0.080715
5	 6	 4	 6	 43.965738	 6.272973
5	 6	 5	 1	 44.793933	 0.149887
5	 6	 5	 2	 44.440933	 0.128262
5	 6	 5	 3	 46.085433	 0.143778
5	 6	 5	 4	 38.286830	 9.867709
5	 6	 5	 5	 39.197490	 10.158096
5	 6	 5	 6	 47.674033	 0.283286
5	 6	 6	 1	 36.579808	 12.039885
5	 6	 6	 2	 38.227337	 12.974002
5	 6	 6	 3	 47.411133	 0.123673
5	 6	 6	 4	 25.286735	 15.062017
5	 6	 6	 5	 46.259833	 6.187000
5	 6	 6	 6	 40.121026	 18.124083
5	 6	 7	 1	 32.513617	 17.858920
5	 6	 7	 2	 0.495897	 39.789478
5	 6	 7	 3	 35.620033	 1.052270
5	 6	 7	 4	 39.577133	 1.688950
5	 6	 7	 5	 48.523033	 1.536170
5	 6	 7	 6	 77.421933	 176.966000
6	 1	 1	 1	 1.089881	 3.454561
6	 1	 1	 2	 5.586435	 0.019298
6	 1	 1	 3	 4.260181	 0.782604
6	 1	 1	 4	 7.701929	 1.119880
6	 1	 1	 5	 9.822375	 0.019790
6	 1	 1	 6	 10.483585	 0.019815
6	 1	 2	 1	 7.524352	 1.117870
6	 1	 2	 2	 7.644961	 1.118410
6	 1	 2	 3	 7.690441	 1.131313
6	 1	 2	 4	 8.200065	 0.017927
6	 1	 2	 5	 8.757115	 0.015437
6	 1	 2	 6	 7.138441	 1.344111
6	 1	 3	 1	 6.891051	 1.341108
6	 1	 3	 2	 7.912675	 0.018996
6	 1	 3	 3	 6.918860	 1.442511
6	 1	 3	 4	 6.354325	 0.021581
6	 1	 3	 5	 6.038877	 1.256126
6	 1	 3	 6	 4.273589	 1.886571
6	 1	 4	 1	 5.742319	 1.761954
6	 1	 4	 2	 8.958905	 0.025423
6	 1	 4	 3	 6.124101	 1.831696
6	 1	 4	 4	 7.471723	 2.841485
6	 1	 4	 5	 7.497799	 1.623476
6	 1	 4	 6	 5.955378	 3.169915
6	 1	 5	 1	 4.795215	 0.028715
6	 1	 5	 2	 1.037172	 2.942829
6	 1	 5	 3	 0.736027	 1.821151
6	 1	 5	 4	 8.004209	 3.300813
6	 1	 5	 5	 7.672983	 3.462028
6	 1	 5	 6	 9.705535	 0.043048
6	 1	 6	 1	 6.466145	 0.053854
6	 1	 6	 2	 3.736817	 3.672246
6	 1	 6	 3	 5.945895	 0.059449
6	 1	 6	 4	 3.793848	 2.316563
6	 1	 6	 5	 2.154209	 5.205965
6	 1	 6	 6	 4.007082	 2.608209
6	 1	 7	 1	 6.591305	 0.108113
6	 1	 7	 2	 8.925755	 0.141363
6	 1	 7	 3	 -16.041423	 16.487309
6	 1	 7	 4	 -2.059125	 8.881936
6	 1	 7	 5	 7.308695	 0.095615
6	 1	 7	 6	 7.947745	 0.047324
6	 2	 1	 1	 6.142493	 4.853762
6	 2	 1	 2	 10.104255	 0.026848
6	 2	 1	 3	 7.592015	 0.019732
6	 2	 1	 4	 9.103361	 1.804647
6	 2	 1	 5	 6.731949	 1.274886
6	 2	 1	 6	 6.513912	 1.246131
6	 2	 2	 1	 6.431925	 0.018587
6	 2	 2	 2	 5.216872	 1.405850
6	 2	 2	 3	 5.334375	 0.018581
6	 2	 2	 4	 6.988892	 1.221042
6	 2	 2	 5	 6.174706	 1.413736
6	 2	 2	 6	 8.100365	 0.020081
6	 2	 3	 1	 6.664245	 0.019018
6	 2	 3	 2	 7.649675	 0.021618
6	 2	 3	 3	 6.175505	 0.020809
6	 2	 3	 4	 5.283854	 1.610203
6	 2	 3	 5	 5.238098	 1.606729
6	 2	 3	 6	 2.846359	 1.890771
6	 2	 4	 1	 6.341395	 1.725229
6	 2	 4	 2	 7.917035	 0.033436
6	 2	 4	 3	 5.402540	 1.769993
6	 2	 4	 4	 5.723195	 0.025464
6	 2	 4	 5	 5.495945	 0.027850
6	 2	 4	 6	 1.173839	 2.693329
6	 2	 5	 1	 5.330791	 1.947079
6	 2	 5	 2	 7.603946	 3.064710
6	 2	 5	 3	 8.753345	 0.039949
6	 2	 5	 4	 4.467438	 2.533131
6	 2	 5	 5	 2.045887	 1.955460
6	 2	 5	 6	 6.597775	 0.051302
6	 2	 6	 1	 3.030688	 1.927650
6	 2	 6	 2	 4.626168	 3.141345
6	 2	 6	 3	 0.615480	 2.284120
6	 2	 6	 4	 9.740785	 0.090012
6	 2	 6	 5	 9.298075	 0.102377
6	 2	 6	 6	 8.487680	 5.160524
6	 2	 7	 1	 3.826168	 9.759883
6	 2	 7	 2	 7.015256	 5.811239
6	 2	 7	 3	 6.054962	 7.760051
6	 2	 7	 4	 2.121595	 0.147430
6	 2	 7	 5	 4.744365	 0.179757
6	 2	 7	 6	 3.813885	 0.222671
6	 3	 1	 1	 -27.956946	 2.345780
6	 3	 1	 2	 -28.133972	 4.138109
6	 3	 1	 3	 -29.572446	 1.421300
6	 3	 1	 4	 -28.950446	 0.033538
6	 3	 1	 5	 -29.315946	 0.030564
6	 3	 1	 6	 -29.638246	 0.017684
6	 3	 2	 1	 -28.326246	 0.024512
6	 3	 2	 2	 -28.118646	 0.025581
6	 3	 2	 3	 -30.356346	 0.036365
6	 3	 2	 4	 -29.885946	 0.027271
6	 3	 2	 5	 -28.359146	 0.028299
6	 3	 2	 6	 -29.723446	 0.027810
6	 3	 3	 1	 -29.470046	 0.014068
6	 3	 3	 2	 -28.890946	 0.030488
6	 3	 3	 3	 -30.387046	 0.031119
6	 3	 3	 4	 -30.116146	 0.031369
6	 3	 3	 5	 -28.453346	 0.033271
6	 3	 3	 6	 -27.984446	 0.037764
6	 3	 4	 1	 -29.617546	 0.034042
6	 3	 4	 2	 -28.847846	 0.037851
6	 3	 4	 3	 -29.559946	 0.042669
6	 3	 4	 4	 -29.511546	 0.042085
6	 3	 4	 5	 -28.528746	 0.046865
6	 3	 4	 6	 -28.267046	 0.051965
6	 3	 5	 1	 -28.483046	 0.053014
6	 3	 5	 2	 -26.961146	 0.060807
6	 3	 5	 3	 -26.507746	 0.080628
6	 3	 5	 4	 -29.358646	 0.078875
6	 3	 5	 5	 -27.631946	 0.091227
6	 3	 5	 6	 -26.614346	 0.082762
6	 3	 6	 1	 -27.058646	 0.105007
6	 3	 6	 2	 -27.193585	 8.774608
6	 3	 6	 3	 -35.053236	 21.913671
6	 3	 6	 4	 -37.945611	 20.308731
6	 3	 6	 5	 -27.593746	 0.233418
6	 3	 6	 6	 -27.005188	 11.370305
6	 3	 7	 1	 -50.459892	 56.965355
6	 3	 7	 2	 -27.438146	 9.906900
6	 3	 7	 3	 -30.785046	 0.749895
6	 3	 7	 4	 -30.296746	 0.892460
6	 3	 7	 5	 -31.029746	 1.479960
6	 3	 7	 6	 -37.783246	 2.732220
6	 4	 1	 1	 -16.551230	 1.202000
6	 4	 1	 2	 -28.416530	 0.147039
6	 4	 1	 3	 -28.901030	 0.055938
6	 4	 1	 4	 -28.391230	 0.031462
6	 4	 1	 5	 -28.164230	 0.030099
6	 4	 1	 6	 -27.701930	 0.022260
6	 4	 2	 1	 -28.478130	 0.026540
6	 4	 2	 2	 -28.776930	 0.026488
6	 4	 2	 3	 -28.970630	 0.025467
6	 4	 2	 4	 -29.072930	 0.034846
6	 4	 2	 5	 -29.391530	 0.027870
6	 4	 2	 6	 -29.301830	 0.029965
6	 4	 3	 1	 -27.505430	 0.029933
6	 4	 3	 2	 -29.425030	 0.031263
6	 4	 3	 3	 -29.557330	 0.033697
6	 4	 3	 4	 -28.863230	 0.036599
6	 4	 3	 5	 -28.229130	 0.039379
6	 4	 3	 6	 -27.828030	 0.036805
6	 4	 4	 1	 -28.807930	 0.043317
6	 4	 4	 2	 -28.724830	 0.047085
6	 4	 4	 3	 -31.825627	 3.230410
6	 4	 4	 4	 -32.510608	 3.723067
6	 4	 4	 5	 -27.853030	 0.063203
6	 4	 4	 6	 -28.529730	 0.066026
6	 4	 5	 1	 -27.742730	 0.065763
6	 4	 5	 2	 -28.046430	 0.063933
6	 4	 5	 3	 -28.447930	 0.077140
6	 4	 5	 4	 -28.117630	 0.092803
6	 4	 5	 5	 -28.728930	 0.100714
6	 4	 5	 6	 -28.880330	 0.090337
6	 4	 6	 1	 -28.241530	 0.129292
6	 4	 6	 2	 -29.610830	 0.062829
6	 4	 6	 3	 -119.165594	 91.272329
6	 4	 6	 4	 -34.209832	 19.496937
6	 4	 6	 5	 -30.988530	 0.391772
6	 4	 6	 6	 -30.221357	 17.163719
6	 4	 7	 1	 -29.293030	 0.106700
6	 4	 7	 2	 -32.367630	 0.653589
6	 4	 7	 3	 -34.593330	 0.810159
6	 4	 7	 4	 -33.539430	 1.583650
6	 4	 7	 5	 -34.916630	 1.784530
6	 4	 7	 6	 -35.624030	 2.707830
6	 5	 1	 1	 10.246343	 2.964480
6	 5	 1	 2	 22.904343	 0.211970
6	 5	 1	 3	 20.998343	 0.099897
6	 5	 1	 4	 24.573143	 0.058529
6	 5	 1	 5	 26.410043	 0.046662
6	 5	 1	 6	 25.598143	 0.036977
6	 5	 2	 1	 22.240343	 0.013248
6	 5	 2	 2	 25.228343	 0.060359
6	 5	 2	 3	 21.161143	 0.011507
6	 5	 2	 4	 27.336943	 0.035060
6	 5	 2	 5	 27.150343	 0.013088
6	 5	 2	 6	 24.851343	 0.032647
6	 5	 3	 1	 24.045543	 0.033142
6	 5	 3	 2	 22.996243	 0.037002
6	 5	 3	 3	 22.628043	 0.042181
6	 5	 3	 4	 22.817843	 0.045811
6	 5	 3	 5	 24.502243	 0.054399
6	 5	 3	 6	 25.421343	 0.062693
6	 5	 4	 1	 27.017943	 0.067746
6	 5	 4	 2	 29.448943	 0.061982
6	 5	 4	 3	 28.713043	 0.074099
6	 5	 4	 4	 23.596643	 0.082702
6	 5	 4	 5	 22.582143	 0.093083
6	 5	 4	 6	 25.791343	 0.117948
6	 5	 5	 1	 16.285943	 4.214807
6	 5	 5	 2	 24.983343	 0.107201
6	 5	 5	 3	 18.968037	 3.935654
6	 5	 5	 4	 20.079043	 0.427252
6	 5	 5	 5	 22.872343	 0.502583
6	 5	 5	 6	 23.043643	 0.320080
6	 5	 6	 1	 18.509543	 0.371811
6	 5	 6	 2	 18.487384	 6.274345
6	 5	 6	 3	 10.323843	 0.575848
6	 5	 6	 4	 11.976019	 11.114917
6	 5	 6	 5	 19.156743	 1.250090
6	 5	 6	 6	 16.650571	 11.995916
6	 5	 7	 1	 -11.460411	 35.512751
6	 5	 7	 2	 16.435343	 0.802511
6	 5	 7	 3	 22.077843	 6.854000
6	 5	 7	 4	 14.280243	 1.783080
6	 5	 7	 5	 13.010843	 2.687400
6	 5	 7	 6	 30.038243	 5.761190
6	 6	 1	 1	 13.772860	 1.264610
6	 6	 1	 2	 24.244960	 1.191000
6	 6	 1	 3	 17.710060	 0.127236
6	 6	 1	 4	 19.516660	 0.068081
6	 6	 1	 5	 19.201360	 0.052622
6	 6	 1	 6	 19.513660	 0.042894
6	 6	 2	 1	 18.707460	 0.033758
6	 6	 2	 2	 18.093660	 0.034200
6	 6	 2	 3	 17.421860	 0.029898
6	 6	 2	 4	 18.474060	 2.602030
6	 6	 2	 5	 16.540560	 0.027898
6	 6	 2	 6	 17.092060	 0.031292
6	 6	 3	 1	 20.660360	 0.048344
6	 6	 3	 2	 19.366160	 0.050385
6	 6	 3	 3	 19.407060	 0.049772
6	 6	 3	 4	 13.440160	 0.070487
6	 6	 3	 5	 17.893560	 0.056437
6	 6	 3	 6	 17.902760	 0.061063
6	 6	 4	 1	 19.093560	 0.078784
6	 6	 4	 2	 18.186760	 0.079782
6	 6	 4	 3	 19.690560	 0.085134
6	 6	 4	 4	 19.127860	 2.171060
6	 6	 4	 5	 20.341860	 0.110031
6	 6	 4	 6	 19.039060	 0.128821
6	 6	 5	 1	 22.088560	 0.128411
6	 6	 5	 2	 16.253582	 4.277739
6	 6	 5	 3	 13.043765	 4.980653
6	 6	 5	 4	 20.785860	 0.211571
6	 6	 5	 5	 16.975279	 4.535654
6	 6	 5	 6	 9.991360	 0.477421
6	 6	 6	 1	 20.722560	 0.145203
6	 6	 6	 2	 17.892797	 6.405812
6	 6	 6	 3	 6.717690	 0.517495
6	 6	 6	 4	 8.495352	 11.153160
6	 6	 6	 5	 4.400996	 9.004241
6	 6	 6	 6	 22.402560	 0.600396
6	 6	 7	 1	 -303.680463	 390.412298
6	 6	 7	 2	 12.381582	 13.831572
6	 6	 7	 3	 29.312960	 22.491300
6	 6	 7	 4	 21.442507	 20.141568
6	 6	 7	 5	 27.364060	 2.298580
6	 6	 7	 6	 41.350060	 16.587400
