#& Sector Superlayer Slot Cable T0Correction T0Error
1	 1	 1	 1	 1.512757	 1.858230
1	 1	 1	 2	 1.808913	 1.186452
1	 1	 1	 3	 2.321871	 0.949981
1	 1	 1	 4	 -1.021333	 1.316257
1	 1	 1	 5	 2.040059	 0.946971
1	 1	 1	 6	 2.199491	 0.954763
1	 1	 2	 1	 1.327700	 1.030740
1	 1	 2	 2	 1.425984	 1.066127
1	 1	 2	 3	 2.865830	 0.971850
1	 1	 2	 4	 2.174470	 1.116193
1	 1	 2	 5	 3.108837	 1.000620
1	 1	 2	 6	 4.084590	 0.016242
1	 1	 3	 1	 2.094815	 1.066577
1	 1	 3	 2	 4.594667	 1.611157
1	 1	 3	 3	 1.131403	 0.990383
1	 1	 3	 4	 2.351089	 1.119994
1	 1	 3	 5	 2.297181	 1.155604
1	 1	 3	 6	 2.325926	 2.034953
1	 1	 4	 1	 1.415070	 1.035222
1	 1	 4	 2	 2.754717	 1.263523
1	 1	 4	 3	 -1.763593	 1.730029
1	 1	 4	 4	 0.305669	 1.505159
1	 1	 4	 5	 3.447134	 1.132645
1	 1	 4	 6	 3.251613	 1.415271
1	 1	 5	 1	 -0.525174	 1.516544
1	 1	 5	 2	 1.514286	 1.589573
1	 1	 5	 3	 2.901718	 1.568271
1	 1	 5	 4	 2.389021	 1.342077
1	 1	 5	 5	 3.681778	 2.765386
1	 1	 5	 6	 -1.353269	 3.517894
1	 1	 6	 1	 3.609877	 3.437913
1	 1	 6	 2	 -2.395699	 5.667803
1	 1	 6	 3	 1.906100	 2.043770
1	 1	 6	 4	 2.876190	 4.478926
1	 1	 6	 5	 2.247928	 2.559832
1	 1	 6	 6	 1.060317	 4.060295
1	 1	 7	 1	 6.579710	 4.713004
1	 1	 7	 2	 -3.226895	 6.199517
1	 1	 7	 3	 3.496710	 0.126261
1	 1	 7	 4	 -13.315942	 20.037076
1	 1	 7	 5	 2.700015	 0.131229
1	 1	 7	 6	 3.839020	 0.220162
1	 2	 1	 1	 -19.650450	 6.208347
1	 2	 1	 2	 -17.354987	 1.941266
1	 2	 1	 3	 -19.001170	 2.321050
1	 2	 1	 4	 -18.427100	 2.076894
1	 2	 1	 5	 -18.064303	 1.828412
1	 2	 1	 6	 -19.636697	 2.454320
1	 2	 2	 1	 -19.551501	 2.343637
1	 2	 2	 2	 -17.653333	 1.881292
1	 2	 2	 3	 -23.414747	 3.897437
1	 2	 2	 4	 -20.084414	 2.880466
1	 2	 2	 5	 -19.648604	 2.595640
1	 2	 2	 6	 -19.697500	 0.018158
1	 2	 3	 1	 -18.920502	 2.261512
1	 2	 3	 2	 -22.113940	 2.519870
1	 2	 3	 3	 -21.386922	 3.248921
1	 2	 3	 4	 -19.330496	 2.585614
1	 2	 3	 5	 -21.175439	 3.490744
1	 2	 3	 6	 -22.019465	 3.909707
1	 2	 4	 1	 -21.692308	 3.071144
1	 2	 4	 2	 -19.326984	 2.690965
1	 2	 4	 3	 -22.518021	 2.566306
1	 2	 4	 4	 -19.950047	 2.262633
1	 2	 4	 5	 -19.130100	 0.027085
1	 2	 4	 6	 -21.008187	 3.979507
1	 2	 5	 1	 -21.046328	 3.808022
1	 2	 5	 2	 -22.653333	 5.300647
1	 2	 5	 3	 -23.096296	 5.492148
1	 2	 5	 4	 -23.388506	 6.501364
1	 2	 5	 5	 -23.937415	 7.688698
1	 2	 5	 6	 -19.365300	 0.045449
1	 2	 6	 1	 -22.094815	 6.768791
1	 2	 6	 2	 -18.128736	 4.388779
1	 2	 6	 3	 -20.565079	 6.155942
1	 2	 6	 4	 -22.153846	 6.084163
1	 2	 6	 5	 -20.152300	 0.075428
1	 2	 6	 6	 -19.185600	 0.105442
1	 2	 7	 1	 -23.838444	 7.721002
1	 2	 7	 2	 -23.600353	 6.320109
1	 2	 7	 3	 -19.898100	 0.142191
1	 2	 7	 4	 -24.278548	 10.529604
1	 2	 7	 5	 -19.628300	 0.176544
1	 2	 7	 6	 -21.926700	 0.152579
1	 3	 1	 1	 -15.007700	 3.818290
1	 3	 1	 2	 -13.796200	 0.073424
1	 3	 1	 3	 -16.358100	 0.032217
1	 3	 1	 4	 -16.340500	 0.029691
1	 3	 1	 5	 -16.246892	 1.323915
1	 3	 1	 6	 -15.349200	 0.027887
1	 3	 2	 1	 -16.581400	 0.028137
1	 3	 2	 2	 -16.924938	 1.495235
1	 3	 2	 3	 -16.788700	 0.028799
1	 3	 2	 4	 -17.650688	 1.644542
1	 3	 2	 5	 -16.641556	 1.537958
1	 3	 2	 6	 -15.238600	 0.028262
1	 3	 3	 1	 -16.476700	 0.027344
1	 3	 3	 2	 -16.450895	 1.414659
1	 3	 3	 3	 -17.145126	 1.638077
1	 3	 3	 4	 -16.031700	 0.034081
1	 3	 3	 5	 -16.736459	 1.592300
1	 3	 3	 6	 -16.119734	 1.485184
1	 3	 4	 1	 -15.203500	 0.038213
1	 3	 4	 2	 -17.000379	 1.668790
1	 3	 4	 3	 -15.485200	 0.048464
1	 3	 4	 4	 -19.299776	 2.585514
1	 3	 4	 5	 -16.883698	 2.018120
1	 3	 4	 6	 -17.715011	 2.260342
1	 3	 5	 1	 -14.036000	 0.062650
1	 3	 5	 2	 -14.867600	 0.068546
1	 3	 5	 3	 -19.006567	 3.741207
1	 3	 5	 4	 -14.588300	 0.077177
1	 3	 5	 5	 -13.681700	 0.124744
1	 3	 5	 6	 -14.201500	 0.123062
1	 3	 6	 1	 -15.301600	 0.154873
1	 3	 6	 2	 -11.688559	 2.893888
1	 3	 6	 3	 -14.512200	 0.170783
1	 3	 6	 4	 -22.039288	 9.479562
1	 3	 6	 5	 -14.965300	 0.558248
1	 3	 6	 6	 -21.333760	 8.348417
1	 3	 7	 1	 -15.035400	 0.053604
1	 3	 7	 2	 -10.250258	 6.261047
1	 3	 7	 3	 -19.253600	 0.710913
1	 3	 7	 4	 -20.459700	 0.994972
1	 3	 7	 5	 -19.048600	 1.749730
1	 3	 7	 6	 -22.027300	 3.606850
1	 4	 1	 1	 -24.979700	 14.528700
1	 4	 1	 2	 -18.092800	 0.162276
1	 4	 1	 3	 -16.636600	 0.051202
1	 4	 1	 4	 -17.480400	 0.036478
1	 4	 1	 5	 -16.730000	 0.026415
1	 4	 1	 6	 -16.542100	 0.028198
1	 4	 2	 1	 -17.830600	 0.025591
1	 4	 2	 2	 -17.001600	 0.026129
1	 4	 2	 3	 -17.303800	 0.026461
1	 4	 2	 4	 -17.879700	 0.026922
1	 4	 2	 5	 -17.368300	 0.028957
1	 4	 2	 6	 -17.705600	 0.031303
1	 4	 3	 1	 -16.887000	 0.031482
1	 4	 3	 2	 -18.496700	 0.033037
1	 4	 3	 3	 -19.998357	 1.907470
1	 4	 3	 4	 -17.437100	 0.036175
1	 4	 3	 5	 -16.950600	 0.036323
1	 4	 3	 6	 -16.622800	 0.040724
1	 4	 4	 1	 -17.330400	 0.039475
1	 4	 4	 2	 -17.135300	 0.040450
1	 4	 4	 3	 -20.199444	 2.068937
1	 4	 4	 4	 -21.870045	 2.822460
1	 4	 4	 5	 -16.878200	 0.049521
1	 4	 4	 6	 -22.266796	 3.360403
1	 4	 5	 1	 -18.061800	 0.059031
1	 4	 5	 2	 -18.567800	 0.067481
1	 4	 5	 3	 -20.938814	 3.465781
1	 4	 5	 4	 -17.770200	 0.087903
1	 4	 5	 5	 -17.331300	 0.108222
1	 4	 5	 6	 -16.798300	 0.124205
1	 4	 6	 1	 -19.995009	 5.280425
1	 4	 6	 2	 -18.973200	 0.116043
1	 4	 6	 3	 -15.281312	 3.924069
1	 4	 6	 4	 -23.049616	 6.510607
1	 4	 6	 5	 -15.773758	 5.271693
1	 4	 6	 6	 -19.166200	 0.125591
1	 4	 7	 1	 -16.695500	 0.180590
1	 4	 7	 2	 -18.849100	 0.683434
1	 4	 7	 3	 -20.448300	 0.902941
1	 4	 7	 4	 -23.959700	 1.971960
1	 4	 7	 5	 -9.570300	 99.887500
1	 4	 7	 6	 -21.727400	 2.748620
1	 5	 1	 1	 7.037560	 5.943560
1	 5	 1	 2	 28.783900	 0.037361
1	 5	 1	 3	 29.888300	 0.017739
1	 5	 1	 4	 28.756812	 3.612290
1	 5	 1	 5	 28.929100	 0.019533
1	 5	 1	 6	 30.043300	 0.018420
1	 5	 2	 1	 28.913100	 0.016346
1	 5	 2	 2	 31.499900	 0.023073
1	 5	 2	 3	 30.649100	 0.018948
1	 5	 2	 4	 28.855500	 0.010864
1	 5	 2	 5	 29.186400	 0.016378
1	 5	 2	 6	 30.848000	 0.030024
1	 5	 3	 1	 30.279500	 0.030526
1	 5	 3	 2	 32.215100	 0.034463
1	 5	 3	 3	 31.956500	 0.037219
1	 5	 3	 4	 30.953900	 0.040539
1	 5	 3	 5	 30.373400	 0.046823
1	 5	 3	 6	 32.264000	 0.054228
1	 5	 4	 1	 31.047700	 0.062739
1	 5	 4	 2	 25.918530	 4.624527
1	 5	 4	 3	 26.972370	 4.135767
1	 5	 4	 4	 27.500979	 4.067094
1	 5	 4	 5	 27.357053	 4.119152
1	 5	 4	 6	 31.476200	 0.113600
1	 5	 5	 1	 27.478995	 4.585363
1	 5	 5	 2	 23.993455	 5.846122
1	 5	 5	 3	 29.776100	 0.238216
1	 5	 5	 4	 24.342399	 6.018064
1	 5	 5	 5	 32.629700	 0.297304
1	 5	 5	 6	 28.204508	 5.926602
1	 5	 6	 1	 26.590552	 7.312753
1	 5	 6	 2	 21.233322	 10.606018
1	 5	 6	 3	 23.802800	 0.057410
1	 5	 6	 4	 32.847271	 14.973140
1	 5	 6	 5	 22.159600	 0.743962
1	 5	 6	 6	 -38.856926	 65.678750
1	 5	 7	 1	 42.957300	 52.194600
1	 5	 7	 2	 32.954785	 24.081809
1	 5	 7	 3	 18.748800	 1.953950
1	 5	 7	 4	 34.886100	 7.634000
1	 5	 7	 5	 41.580200	 0.866746
1	 5	 7	 6	 45.113900	 13.204500
1	 6	 1	 1	 21.213500	 1.330310
1	 6	 1	 2	 23.614800	 0.102320
1	 6	 1	 3	 23.357800	 0.036913
1	 6	 1	 4	 21.482417	 5.930555
1	 6	 1	 5	 25.177067	 4.303473
1	 6	 1	 6	 23.364700	 0.023278
1	 6	 2	 1	 24.367000	 0.018491
1	 6	 2	 2	 24.298200	 0.012555
1	 6	 2	 3	 23.311700	 0.019343
1	 6	 2	 4	 23.198000	 0.012207
1	 6	 2	 5	 23.918900	 0.022217
1	 6	 2	 6	 23.261400	 0.014547
1	 6	 3	 1	 24.820900	 0.020414
1	 6	 3	 2	 25.154800	 0.036581
1	 6	 3	 3	 25.090000	 0.041609
1	 6	 3	 4	 25.022100	 0.045265
1	 6	 3	 5	 24.360900	 0.047699
1	 6	 3	 6	 23.442500	 0.056636
1	 6	 4	 1	 24.987500	 0.063720
1	 6	 4	 2	 24.987100	 0.073669
1	 6	 4	 3	 25.256600	 0.074448
1	 6	 4	 4	 25.606100	 0.084452
1	 6	 4	 5	 28.423100	 0.084651
1	 6	 4	 6	 24.852800	 0.109905
1	 6	 5	 1	 29.683600	 0.122820
1	 6	 5	 2	 23.524225	 5.925709
1	 6	 5	 3	 27.720300	 0.089847
1	 6	 5	 4	 23.526258	 5.855688
1	 6	 5	 5	 29.570000	 0.198071
1	 6	 5	 6	 24.985425	 6.241275
1	 6	 6	 1	 26.418192	 6.727761
1	 6	 6	 2	 25.305115	 8.110930
1	 6	 6	 3	 12.441605	 13.924168
1	 6	 6	 4	 26.428932	 10.001376
1	 6	 6	 5	 5.730438	 22.330579
1	 6	 6	 6	 27.070400	 2.250170
1	 6	 7	 1	 22.574000	 1.027210
1	 6	 7	 2	 33.960145	 18.795171
1	 6	 7	 3	 26.595168	 16.528184
1	 6	 7	 4	 24.618600	 1.876520
1	 6	 7	 5	 28.984600	 3.214290
1	 6	 7	 6	 29.563900	 5.225000
2	 1	 1	 1	 13.335164	 4.763578
2	 1	 1	 2	 12.196329	 2.404283
2	 1	 1	 3	 13.657143	 3.540912
2	 1	 1	 4	 6.442943	 3.210722
2	 1	 1	 5	 11.146565	 2.643706
2	 1	 1	 6	 10.026048	 5.586006
2	 1	 2	 1	 11.562667	 2.770223
2	 1	 2	 2	 11.652868	 1.978272
2	 1	 2	 3	 11.099337	 2.157799
2	 1	 2	 4	 14.787800	 0.020313
2	 1	 2	 5	 14.679644	 3.611885
2	 1	 2	 6	 15.566387	 2.615968
2	 1	 3	 1	 13.104928	 2.753852
2	 1	 3	 2	 15.086089	 3.285647
2	 1	 3	 3	 9.764661	 2.612766
2	 1	 3	 4	 14.816500	 0.025132
2	 1	 3	 5	 12.910145	 4.059671
2	 1	 3	 6	 11.821124	 2.273261
2	 1	 4	 1	 12.191236	 2.217087
2	 1	 4	 2	 10.203761	 2.694064
2	 1	 4	 3	 9.561905	 3.833321
2	 1	 4	 4	 12.932999	 3.131047
2	 1	 4	 5	 12.483350	 2.499385
2	 1	 4	 6	 13.202178	 3.247556
2	 1	 5	 1	 10.661333	 4.082112
2	 1	 5	 2	 9.726984	 4.542546
2	 1	 5	 3	 13.173574	 3.358113
2	 1	 5	 4	 13.187878	 2.781770
2	 1	 5	 5	 14.903600	 0.038114
2	 1	 5	 6	 13.398184	 4.593633
2	 1	 6	 1	 12.854321	 4.802332
2	 1	 6	 2	 16.184397	 6.791522
2	 1	 6	 3	 15.839900	 1.500780
2	 1	 6	 4	 4.194460	 6.507986
2	 1	 6	 5	 8.685909	 5.216164
2	 1	 6	 6	 19.548500	 0.197277
2	 1	 7	 1	 8.051178	 5.202417
2	 1	 7	 2	 7.960642	 9.472217
2	 1	 7	 3	 13.652600	 0.166562
2	 1	 7	 4	 12.887000	 0.063647
2	 1	 7	 5	 12.679100	 0.222250
2	 1	 7	 6	 16.439200	 0.193318
2	 2	 1	 1	 16.472727	 7.059936
2	 2	 1	 2	 16.350271	 2.507645
2	 2	 1	 3	 15.119430	 3.425731
2	 2	 1	 4	 16.513580	 2.850685
2	 2	 1	 5	 14.266212	 2.669320
2	 2	 1	 6	 14.999215	 2.440432
2	 2	 2	 1	 16.967254	 3.227582
2	 2	 2	 2	 20.444041	 3.282190
2	 2	 2	 3	 17.082454	 2.955816
2	 2	 2	 4	 17.656296	 4.144564
2	 2	 2	 5	 14.821333	 3.285160
2	 2	 2	 6	 13.942869	 2.707533
2	 2	 3	 1	 11.719249	 4.059629
2	 2	 3	 2	 8.684746	 5.249543
2	 2	 3	 3	 11.947847	 2.057736
2	 2	 3	 4	 11.722259	 2.202376
2	 2	 3	 5	 10.470434	 2.447641
2	 2	 3	 6	 13.636364	 2.595411
2	 2	 4	 1	 12.931777	 3.197599
2	 2	 4	 2	 15.681600	 0.034955
2	 2	 4	 3	 13.468606	 3.231213
2	 2	 4	 4	 14.939303	 4.080047
2	 2	 4	 5	 14.192453	 3.323423
2	 2	 4	 6	 14.430667	 3.374059
2	 2	 5	 1	 11.061635	 3.726906
2	 2	 5	 2	 8.683569	 2.694924
2	 2	 5	 3	 6.450909	 7.722533
2	 2	 5	 4	 7.296214	 6.305796
2	 2	 5	 5	 11.844678	 3.493593
2	 2	 5	 6	 7.333333	 10.561748
2	 2	 6	 1	 9.347128	 4.889042
2	 2	 6	 2	 15.674707	 4.910775
2	 2	 6	 3	 7.768726	 6.403248
2	 2	 6	 4	 5.166667	 8.498179
2	 2	 6	 5	 13.416389	 7.435100
2	 2	 6	 6	 8.704943	 10.610515
2	 2	 7	 1	 12.431373	 10.533900
2	 2	 7	 2	 15.017000	 0.690234
2	 2	 7	 3	 17.720800	 0.313706
2	 2	 7	 4	 11.088454	 8.732826
2	 2	 7	 5	 -199.648364	 994.722513
2	 2	 7	 6	 -2870.635720	 232582.590757
2	 3	 1	 1	 29.224300	 2.363320
2	 3	 1	 2	 23.126900	 0.082556
2	 3	 1	 3	 21.061256	 3.521264
2	 3	 1	 4	 16.463000	 0.030521
2	 3	 1	 5	 15.942030	 2.336203
2	 3	 1	 6	 16.209700	 0.028629
2	 3	 2	 1	 17.692000	 0.024457
2	 3	 2	 2	 17.424100	 0.024969
2	 3	 2	 3	 16.862900	 0.026830
2	 3	 2	 4	 17.488200	 0.025870
2	 3	 2	 5	 18.133200	 0.027461
2	 3	 2	 6	 16.191126	 2.434241
2	 3	 3	 1	 16.441300	 0.028820
2	 3	 3	 2	 18.011300	 0.034596
2	 3	 3	 3	 17.620900	 0.029145
2	 3	 3	 4	 14.874493	 3.222042
2	 3	 3	 5	 16.243200	 0.041370
2	 3	 3	 6	 14.157732	 3.893126
2	 3	 4	 1	 15.675153	 2.645136
2	 3	 4	 2	 15.913889	 2.898858
2	 3	 4	 3	 13.261573	 3.421568
2	 3	 4	 4	 19.176400	 0.058847
2	 3	 4	 5	 15.822787	 3.216716
2	 3	 4	 6	 16.028851	 3.106899
2	 3	 5	 1	 15.439586	 3.743938
2	 3	 5	 2	 15.712313	 3.843992
2	 3	 5	 3	 16.103270	 4.306401
2	 3	 5	 4	 19.194800	 0.072571
2	 3	 5	 5	 14.456181	 6.260026
2	 3	 5	 6	 19.142200	 0.113773
2	 3	 6	 1	 15.692517	 10.685997
2	 3	 6	 2	 20.379200	 0.123075
2	 3	 6	 3	 14.002208	 11.779565
2	 3	 6	 4	 18.530100	 0.220489
2	 3	 6	 5	 18.563000	 0.230312
2	 3	 6	 6	 15.679100	 0.496099
2	 3	 7	 1	 8.776303	 18.729234
2	 3	 7	 2	 19.137600	 0.214053
2	 3	 7	 3	 14.335300	 0.798274
2	 3	 7	 4	 15.775700	 1.355320
2	 3	 7	 5	 19.778600	 9.533030
2	 3	 7	 6	 18.209400	 2.710580
2	 4	 1	 1	 33.677900	 6.497670
2	 4	 1	 2	 18.864500	 0.162418
2	 4	 1	 3	 18.297800	 0.062235
2	 4	 1	 4	 19.937100	 0.058303
2	 4	 1	 5	 17.941252	 2.347992
2	 4	 1	 6	 18.587000	 0.030044
2	 4	 2	 1	 16.961800	 0.029193
2	 4	 2	 2	 17.945347	 2.345361
2	 4	 2	 3	 17.203310	 2.485416
2	 4	 2	 4	 18.840700	 0.031265
2	 4	 2	 5	 18.247700	 0.030119
2	 4	 2	 6	 18.573300	 0.036485
2	 4	 3	 1	 17.583400	 0.034965
2	 4	 3	 2	 14.699080	 2.770160
2	 4	 3	 3	 17.166480	 2.342370
2	 4	 3	 4	 17.304700	 0.038900
2	 4	 3	 5	 17.647300	 0.045998
2	 4	 3	 6	 15.282643	 2.968036
2	 4	 4	 1	 16.091988	 2.800047
2	 4	 4	 2	 14.260198	 3.173265
2	 4	 4	 3	 14.242063	 3.323685
2	 4	 4	 4	 16.740351	 2.826887
2	 4	 4	 5	 15.400155	 3.545564
2	 4	 4	 6	 15.725356	 3.624299
2	 4	 5	 1	 16.919600	 0.067306
2	 4	 5	 2	 14.988664	 4.329072
2	 4	 5	 3	 14.502350	 4.966032
2	 4	 5	 4	 13.567925	 5.299409
2	 4	 5	 5	 16.802000	 0.147676
2	 4	 5	 6	 17.509196	 5.308214
2	 4	 6	 1	 18.571700	 0.207210
2	 4	 6	 2	 14.419244	 8.887455
2	 4	 6	 3	 16.855900	 0.433299
2	 4	 6	 4	 15.273134	 8.014396
2	 4	 6	 5	 15.987563	 10.638133
2	 4	 6	 6	 17.801400	 0.222373
2	 4	 7	 1	 23.788400	 2.804000
2	 4	 7	 2	 15.296100	 0.767783
2	 4	 7	 3	 14.332100	 0.981205
2	 4	 7	 4	 13.540800	 1.266970
2	 4	 7	 5	 14.883500	 1.997930
2	 4	 7	 6	 25.710400	 21.482100
2	 5	 1	 1	 15.881200	 1.543640
2	 5	 1	 2	 28.926900	 0.023863
2	 5	 1	 3	 28.201500	 0.051452
2	 5	 1	 4	 27.528300	 0.042090
2	 5	 1	 5	 30.053000	 0.010591
2	 5	 1	 6	 29.034300	 0.012624
2	 5	 2	 1	 28.978300	 0.008872
2	 5	 2	 2	 30.063200	 0.008067
2	 5	 2	 3	 30.100800	 0.009328
2	 5	 2	 4	 30.132200	 0.010527
2	 5	 2	 5	 32.167400	 0.031651
2	 5	 2	 6	 31.998100	 0.031355
2	 5	 3	 1	 32.927400	 0.033113
2	 5	 3	 2	 31.181700	 0.034956
2	 5	 3	 3	 32.915400	 0.041395
2	 5	 3	 4	 31.712100	 0.043544
2	 5	 3	 5	 32.397700	 0.052403
2	 5	 3	 6	 33.517200	 0.058558
2	 5	 4	 1	 32.781400	 0.064793
2	 5	 4	 2	 30.787700	 0.058858
2	 5	 4	 3	 30.174800	 0.070524
2	 5	 4	 4	 28.466000	 0.088530
2	 5	 4	 5	 31.127400	 0.085882
2	 5	 4	 6	 30.609500	 0.099895
2	 5	 5	 1	 29.464000	 0.117673
2	 5	 5	 2	 27.405300	 0.064352
2	 5	 5	 3	 26.192714	 5.426411
2	 5	 5	 4	 22.412191	 7.382325
2	 5	 5	 5	 33.003300	 0.444922
2	 5	 5	 6	 24.104627	 7.535936
2	 5	 6	 1	 17.265000	 0.599622
2	 5	 6	 2	 13.759446	 6.451657
2	 5	 6	 3	 22.283683	 9.322638
2	 5	 6	 4	 16.412863	 23.336718
2	 5	 6	 5	 19.387800	 0.965394
2	 5	 6	 6	 16.913800	 0.836154
2	 5	 7	 1	 31.665200	 4.388000
2	 5	 7	 2	 30.348148	 20.705655
2	 5	 7	 3	 8.791187	 13.346502
2	 5	 7	 4	 16.811779	 47.728095
2	 5	 7	 5	 25.751500	 283.133000
2	 5	 7	 6	 31.665200	 4.388000
2	 6	 1	 1	 24.348700	 0.059037
2	 6	 1	 2	 25.403400	 0.069831
2	 6	 1	 3	 23.346000	 0.022267
2	 6	 1	 4	 23.377800	 0.020534
2	 6	 1	 5	 25.849900	 0.035232
2	 6	 1	 6	 23.177062	 5.520482
2	 6	 2	 1	 24.609500	 0.026153
2	 6	 2	 2	 24.792000	 0.028717
2	 6	 2	 3	 26.013200	 0.030220
2	 6	 2	 4	 23.707200	 0.018887
2	 6	 2	 5	 25.838600	 0.028619
2	 6	 2	 6	 34.237400	 0.037107
2	 6	 3	 1	 27.379000	 0.037445
2	 6	 3	 2	 29.356400	 0.015590
2	 6	 3	 3	 29.241200	 0.010397
2	 6	 3	 4	 26.284500	 0.045196
2	 6	 3	 5	 26.546300	 0.048575
2	 6	 3	 6	 28.072602	 4.026972
2	 6	 4	 1	 27.323300	 0.064625
2	 6	 4	 2	 25.378100	 0.070255
2	 6	 4	 3	 25.318500	 0.077202
2	 6	 4	 4	 26.507900	 0.090032
2	 6	 4	 5	 23.676310	 4.924608
2	 6	 4	 6	 25.982036	 4.786057
2	 6	 5	 1	 25.811700	 0.110345
2	 6	 5	 2	 25.686200	 0.140253
2	 6	 5	 3	 16.269101	 5.250982
2	 6	 5	 4	 25.027900	 0.217793
2	 6	 5	 5	 14.875500	 0.327768
2	 6	 5	 6	 18.154747	 4.801701
2	 6	 6	 1	 12.527600	 0.668412
2	 6	 6	 2	 17.288308	 10.895483
2	 6	 6	 3	 25.787937	 8.622506
2	 6	 6	 4	 9.895938	 8.661125
2	 6	 6	 5	 14.620800	 0.601690
2	 6	 6	 6	 -5.134979	 19.203886
2	 6	 7	 1	 19.086953	 21.625257
2	 6	 7	 2	 18.930643	 19.236010
2	 6	 7	 3	 12.361327	 15.695255
2	 6	 7	 4	 9.331949	 29.683816
2	 6	 7	 5	 24.614243	 34.161180
2	 6	 7	 6	 26.933600	 4.021000
3	 1	 1	 1	 39.498734	 11.487596
3	 1	 1	 2	 41.164444	 6.457234
3	 1	 1	 3	 40.154437	 5.808614
3	 1	 1	 4	 39.524705	 6.681572
3	 1	 1	 5	 37.754589	 5.081768
3	 1	 1	 6	 40.370761	 5.644444
3	 1	 2	 1	 40.449985	 5.832568
3	 1	 2	 2	 41.440000	 5.785043
3	 1	 2	 3	 39.657658	 6.821371
3	 1	 2	 4	 43.080520	 7.274220
3	 1	 2	 5	 40.683951	 6.513238
3	 1	 2	 6	 39.031466	 5.165968
3	 1	 3	 1	 38.071111	 7.729085
3	 1	 3	 2	 38.912204	 7.748863
3	 1	 3	 3	 41.306667	 5.849200
3	 1	 3	 4	 40.743100	 0.022613
3	 1	 3	 5	 40.317152	 6.813293
3	 1	 3	 6	 40.136202	 7.121158
3	 1	 4	 1	 43.377800	 0.021331
3	 1	 4	 2	 40.635433	 10.084806
3	 1	 4	 3	 36.905773	 5.036806
3	 1	 4	 4	 38.270827	 7.423665
3	 1	 4	 5	 39.442623	 9.026898
3	 1	 4	 6	 42.996000	 0.026000
3	 1	 5	 1	 36.110843	 12.828609
3	 1	 5	 2	 40.134300	 0.032096
3	 1	 5	 3	 37.929052	 7.823006
3	 1	 5	 4	 40.193934	 7.197576
3	 1	 5	 5	 38.725925	 12.336452
3	 1	 5	 6	 39.521258	 9.138705
3	 1	 6	 1	 40.327015	 8.840769
3	 1	 6	 2	 37.172932	 13.360128
3	 1	 6	 3	 41.669841	 13.187290
3	 1	 6	 4	 38.450498	 15.428854
3	 1	 6	 5	 37.930435	 21.622856
3	 1	 6	 6	 43.350100	 0.087696
3	 1	 7	 1	 42.000000	 27.366673
3	 1	 7	 2	 42.107000	 0.085349
3	 1	 7	 3	 36.912945	 20.823144
3	 1	 7	 4	 43.665600	 0.122981
3	 1	 7	 5	 37.184304	 19.922493
3	 1	 7	 6	 15.859321	 66.172275
3	 2	 1	 1	 40.563158	 15.981689
3	 2	 1	 2	 46.091100	 0.023882
3	 2	 1	 3	 43.973816	 6.914495
3	 2	 1	 4	 42.120369	 7.566824
3	 2	 1	 5	 41.411905	 7.785611
3	 2	 1	 6	 45.207400	 0.020603
3	 2	 2	 1	 43.809906	 6.343540
3	 2	 2	 2	 44.371818	 9.044925
3	 2	 2	 3	 42.437087	 8.119892
3	 2	 2	 4	 42.344752	 8.048762
3	 2	 2	 5	 44.559085	 6.490325
3	 2	 2	 6	 43.124149	 8.115208
3	 2	 3	 1	 40.929440	 9.850607
3	 2	 3	 2	 44.209433	 9.848108
3	 2	 3	 3	 41.209300	 8.981522
3	 2	 3	 4	 41.724503	 9.224774
3	 2	 3	 5	 43.601900	 0.022184
3	 2	 3	 6	 42.898766	 8.910221
3	 2	 4	 1	 39.068757	 6.027687
3	 2	 4	 2	 34.170647	 10.253798
3	 2	 4	 3	 35.878000	 6.196456
3	 2	 4	 4	 37.330619	 8.206833
3	 2	 4	 5	 37.173855	 10.854102
3	 2	 4	 6	 38.533333	 11.336158
3	 2	 5	 1	 42.323900	 0.033330
3	 2	 5	 2	 43.430433	 7.541211
3	 2	 5	 3	 34.231162	 6.562437
3	 2	 5	 4	 37.134503	 18.068495
3	 2	 5	 5	 39.154229	 12.761977
3	 2	 5	 6	 42.878873	 13.146881
3	 2	 6	 1	 39.549759	 10.261214
3	 2	 6	 2	 38.172704	 15.370086
3	 2	 6	 3	 39.470270	 17.042008
3	 2	 6	 4	 14.174902	 37.011356
3	 2	 6	 5	 36.852095	 17.716270
3	 2	 6	 6	 44.723810	 17.827455
3	 2	 7	 1	 38.764444	 32.987792
3	 2	 7	 2	 37.413072	 24.185671
3	 2	 7	 3	 42.661200	 0.199742
3	 2	 7	 4	 44.748400	 0.155239
3	 2	 7	 5	 4.838781	 64.624787
3	 2	 7	 6	 44.489400	 0.243205
3	 3	 1	 1	 45.864100	 2.420030
3	 3	 1	 2	 40.614100	 0.094106
3	 3	 1	 3	 37.925284	 6.381968
3	 3	 1	 4	 40.407400	 0.036665
3	 3	 1	 5	 41.122500	 0.015853
3	 3	 1	 6	 42.930300	 0.030400
3	 3	 2	 1	 43.807195	 5.156484
3	 3	 2	 2	 42.876721	 5.777523
3	 3	 2	 3	 43.853800	 0.029409
3	 3	 2	 4	 44.235500	 0.024944
3	 3	 2	 5	 45.919800	 0.030254
3	 3	 2	 6	 45.586100	 0.032913
3	 3	 3	 1	 41.898912	 6.242827
3	 3	 3	 2	 40.990015	 6.524116
3	 3	 3	 3	 40.979798	 7.043824
3	 3	 3	 4	 41.793464	 6.638942
3	 3	 3	 5	 45.512200	 0.042401
3	 3	 3	 6	 45.146000	 0.041728
3	 3	 4	 1	 42.422667	 6.757271
3	 3	 4	 2	 45.888800	 0.046401
3	 3	 4	 3	 46.521100	 0.044331
3	 3	 4	 4	 37.098249	 8.356977
3	 3	 4	 5	 41.410700	 0.055354
3	 3	 4	 6	 40.714800	 0.064235
3	 3	 5	 1	 40.303200	 0.063282
3	 3	 5	 2	 41.509400	 0.066939
3	 3	 5	 3	 42.157800	 0.068461
3	 3	 5	 4	 40.904494	 8.831845
3	 3	 5	 5	 44.418900	 0.120991
3	 3	 5	 6	 45.601900	 0.113597
3	 3	 6	 1	 38.976639	 14.511506
3	 3	 6	 2	 41.660700	 0.134270
3	 3	 6	 3	 23.121561	 49.433555
3	 3	 6	 4	 35.198766	 22.355284
3	 3	 6	 5	 21.028926	 64.282233
3	 3	 6	 6	 41.472700	 0.404038
3	 3	 7	 1	 40.632800	 0.433051
3	 3	 7	 2	 27.128931	 37.314014
3	 3	 7	 3	 38.491800	 0.693647
3	 3	 7	 4	 39.376900	 1.415060
3	 3	 7	 5	 39.246500	 1.746690
3	 3	 7	 6	 42.469300	 18.623600
3	 4	 1	 1	 52.804300	 5.662000
3	 4	 1	 2	 41.260500	 0.137028
3	 4	 1	 3	 42.139300	 0.051981
3	 4	 1	 4	 42.240600	 0.038008
3	 4	 1	 5	 41.578302	 5.293611
3	 4	 1	 6	 42.530300	 0.030056
3	 4	 2	 1	 41.222600	 0.028098
3	 4	 2	 2	 41.922200	 0.027021
3	 4	 2	 3	 43.165200	 0.029684
3	 4	 2	 4	 44.640800	 0.033033
3	 4	 2	 5	 44.584900	 0.033310
3	 4	 2	 6	 44.916800	 0.034354
3	 4	 3	 1	 38.462070	 6.138758
3	 4	 3	 2	 44.995400	 0.042952
3	 4	 3	 3	 44.949900	 0.040541
3	 4	 3	 4	 40.717254	 5.549272
3	 4	 3	 5	 39.641034	 6.194328
3	 4	 3	 6	 41.229125	 5.573190
3	 4	 4	 1	 48.725200	 0.050191
3	 4	 4	 2	 47.174700	 0.051752
3	 4	 4	 3	 44.109897	 8.723242
3	 4	 4	 4	 43.954700	 0.078959
3	 4	 4	 5	 47.704800	 0.055884
3	 4	 4	 6	 44.656718	 10.484223
3	 4	 5	 1	 28.559003	 18.318746
3	 4	 5	 2	 23.866369	 21.637586
3	 4	 5	 3	 32.685647	 12.958443
3	 4	 5	 4	 43.058700	 0.098387
3	 4	 5	 5	 42.031924	 15.979620
3	 4	 5	 6	 43.497464	 14.918551
3	 4	 6	 1	 48.393700	 0.113423
3	 4	 6	 2	 55.350900	 0.234493
3	 4	 6	 3	 44.641310	 29.295053
3	 4	 6	 4	 40.293564	 30.922696
3	 4	 6	 5	 46.035500	 0.470036
3	 4	 6	 6	 43.370588	 53.924084
3	 4	 7	 1	 45.428300	 0.544026
3	 4	 7	 2	 49.766795	 33.258928
3	 4	 7	 3	 39.382200	 0.987559
3	 4	 7	 4	 40.310600	 1.363280
3	 4	 7	 5	 41.043700	 1.866040
3	 4	 7	 6	 45.811300	 2.295420
3	 5	 1	 1	 51.933100	 7.210680
3	 5	 1	 2	 74.868800	 1.073440
3	 5	 1	 3	 72.085000	 0.033158
3	 5	 1	 4	 70.986000	 0.031451
3	 5	 1	 5	 72.179200	 0.039983
3	 5	 1	 6	 72.867600	 0.027802
3	 5	 2	 1	 70.927600	 0.016100
3	 5	 2	 2	 70.827000	 0.013210
3	 5	 2	 3	 74.643600	 0.397265
3	 5	 2	 4	 72.112400	 0.015577
3	 5	 2	 5	 72.033100	 0.024229
3	 5	 2	 6	 72.725800	 0.030409
3	 5	 3	 1	 73.052500	 0.032694
3	 5	 3	 2	 71.981400	 0.035953
3	 5	 3	 3	 71.752800	 0.039707
3	 5	 3	 4	 71.591800	 0.044188
3	 5	 3	 5	 73.452800	 0.051299
3	 5	 3	 6	 74.005300	 0.060803
3	 5	 4	 1	 72.175800	 0.060278
3	 5	 4	 2	 73.686500	 0.071752
3	 5	 4	 3	 67.604709	 9.891467
3	 5	 4	 4	 71.259100	 0.084847
3	 5	 4	 5	 73.428600	 0.097682
3	 5	 4	 6	 73.455600	 0.117641
3	 5	 5	 1	 59.805252	 9.124380
3	 5	 5	 2	 56.941600	 0.130261
3	 5	 5	 3	 63.091600	 0.153306
3	 5	 5	 4	 51.287578	 13.741801
3	 5	 5	 5	 49.828282	 16.012225
3	 5	 5	 6	 55.285876	 14.576461
3	 5	 6	 1	 57.706005	 16.615991
3	 5	 6	 2	 64.092800	 0.519751
3	 5	 6	 3	 57.258500	 0.290654
3	 5	 6	 4	 53.119242	 20.281815
3	 5	 6	 5	 52.414253	 41.623900
3	 5	 6	 6	 50.659020	 24.187287
3	 5	 7	 1	 54.128802	 42.432292
3	 5	 7	 2	 44.587626	 31.580945
3	 5	 7	 3	 41.260620	 42.284387
3	 5	 7	 4	 49.518100	 2.537120
3	 5	 7	 5	 61.510000	 12.885000
3	 5	 7	 6	 61.510000	 12.885000
3	 6	 1	 1	 64.952900	 1.489290
3	 6	 1	 2	 64.914968	 12.724635
3	 6	 1	 3	 59.829423	 11.239612
3	 6	 1	 4	 65.845900	 0.090348
3	 6	 1	 5	 69.009300	 0.057863
3	 6	 1	 6	 67.095055	 10.382844
3	 6	 2	 1	 67.441928	 9.192956
3	 6	 2	 2	 67.749800	 0.034511
3	 6	 2	 3	 67.499900	 0.031441
3	 6	 2	 4	 68.678200	 0.031158
3	 6	 2	 5	 69.539500	 0.035227
3	 6	 2	 6	 68.385200	 0.036060
3	 6	 3	 1	 66.690721	 9.487127
3	 6	 3	 2	 68.160300	 0.039634
3	 6	 3	 3	 67.265400	 0.043465
3	 6	 3	 4	 67.276500	 0.050577
3	 6	 3	 5	 67.575800	 0.053583
3	 6	 3	 6	 67.169116	 9.166911
3	 6	 4	 1	 64.659336	 10.913247
3	 6	 4	 2	 60.967952	 12.821050
3	 6	 4	 3	 65.820998	 10.061816
3	 6	 4	 4	 67.987400	 0.095695
3	 6	 4	 5	 62.744626	 9.245020
3	 6	 4	 6	 62.961987	 12.581436
3	 6	 5	 1	 53.410573	 12.814139
3	 6	 5	 2	 52.075100	 0.077574
3	 6	 5	 3	 51.444608	 13.621446
3	 6	 5	 4	 55.096530	 12.289834
3	 6	 5	 5	 52.630845	 15.348411
3	 6	 5	 6	 54.272672	 14.345883
3	 6	 6	 1	 52.252106	 12.988469
3	 6	 6	 2	 47.151600	 0.538859
3	 6	 6	 3	 58.832683	 18.143734
3	 6	 6	 4	 59.058461	 19.681824
3	 6	 6	 5	 49.196997	 15.545405
3	 6	 6	 6	 39.336221	 19.591753
3	 6	 7	 1	 49.438537	 42.384638
3	 6	 7	 2	 42.036642	 24.419171
3	 6	 7	 3	 45.853054	 30.105853
3	 6	 7	 4	 51.972500	 1.638570
3	 6	 7	 5	 60.518000	 2.188620
3	 6	 7	 6	 58.984700	 10.619000
4	 1	 1	 1	 6.205622	 2.394875
4	 1	 1	 2	 7.818900	 0.019535
4	 1	 1	 3	 6.721569	 1.305693
4	 1	 1	 4	 5.345340	 1.429264
4	 1	 1	 5	 6.835191	 1.183331
4	 1	 1	 6	 6.454106	 1.293447
4	 1	 2	 1	 7.404874	 1.182739
4	 1	 2	 2	 6.918738	 1.343578
4	 1	 2	 3	 5.492625	 1.462608
4	 1	 2	 4	 5.446387	 1.541352
4	 1	 2	 5	 5.860767	 1.478585
4	 1	 2	 6	 5.225222	 2.555046
4	 1	 3	 1	 6.313725	 1.394058
4	 1	 3	 2	 5.046048	 1.707818
4	 1	 3	 3	 2.270175	 2.020778
4	 1	 3	 4	 5.832091	 1.562144
4	 1	 3	 5	 5.980937	 1.555173
4	 1	 3	 6	 6.591557	 1.385101
4	 1	 4	 1	 4.692799	 1.480376
4	 1	 4	 2	 8.693671	 2.338517
4	 1	 4	 3	 4.754672	 1.576081
4	 1	 4	 4	 4.765437	 1.600364
4	 1	 4	 5	 4.663472	 1.681290
4	 1	 4	 6	 5.373283	 1.444788
4	 1	 5	 1	 4.803379	 1.706041
4	 1	 5	 2	 6.611111	 3.255611
4	 1	 5	 3	 5.415069	 2.015326
4	 1	 5	 4	 6.905350	 3.649988
4	 1	 5	 5	 6.127536	 2.019438
4	 1	 5	 6	 7.935620	 0.043280
4	 1	 6	 1	 5.172267	 2.446182
4	 1	 6	 2	 5.548691	 2.700280
4	 1	 6	 3	 4.811906	 2.915657
4	 1	 6	 4	 6.785965	 3.716200
4	 1	 6	 5	 5.705757	 3.125322
4	 1	 6	 6	 3.866667	 8.552034
4	 1	 7	 1	 7.612893	 5.280023
4	 1	 7	 2	 6.891460	 0.103486
4	 1	 7	 3	 1.379059	 4.486559
4	 1	 7	 4	 7.980750	 0.147717
4	 1	 7	 5	 7.554650	 0.135373
4	 1	 7	 6	 -34.155811	 28.872648
4	 2	 1	 1	 31.903755	 11.529939
4	 2	 1	 2	 35.375100	 0.024537
4	 2	 1	 3	 33.316505	 5.530406
4	 2	 1	 4	 32.891503	 6.043237
4	 2	 1	 5	 33.964858	 4.899613
4	 2	 1	 6	 34.118750	 4.939286
4	 2	 2	 1	 33.635979	 5.059739
4	 2	 2	 2	 48.498400	 0.021775
4	 2	 2	 3	 33.556989	 5.247099
4	 2	 2	 4	 32.912621	 5.900917
4	 2	 2	 5	 34.593364	 5.041469
4	 2	 2	 6	 32.357040	 4.622565
4	 2	 3	 1	 33.000328	 5.940360
4	 2	 3	 2	 32.636885	 6.255088
4	 2	 3	 3	 29.618523	 4.266671
4	 2	 3	 4	 29.745533	 4.020996
4	 2	 3	 5	 32.709182	 4.634048
4	 2	 3	 6	 28.186667	 8.636438
4	 2	 4	 1	 33.874427	 5.691855
4	 2	 4	 2	 31.967677	 7.373223
4	 2	 4	 3	 30.836226	 5.516905
4	 2	 4	 4	 31.954011	 5.598820
4	 2	 4	 5	 32.389606	 5.644162
4	 2	 4	 6	 31.013733	 6.539673
4	 2	 5	 1	 33.220803	 5.495142
4	 2	 5	 2	 36.211003	 9.300034
4	 2	 5	 3	 33.006309	 6.489748
4	 2	 5	 4	 30.024022	 5.636099
4	 2	 5	 5	 30.000000	 11.310017
4	 2	 5	 6	 31.228465	 8.143680
4	 2	 6	 1	 31.207547	 12.510331
4	 2	 6	 2	 23.915294	 13.750772
4	 2	 6	 3	 28.581971	 10.045827
4	 2	 6	 4	 28.826667	 20.298823
4	 2	 6	 5	 32.941935	 15.111419
4	 2	 6	 6	 34.553811	 10.684503
4	 2	 7	 1	 30.577889	 14.116152
4	 2	 7	 2	 33.140741	 19.671769
4	 2	 7	 3	 29.667100	 0.103276
4	 2	 7	 4	 10.862124	 150.314395
4	 2	 7	 5	 31.850900	 0.155404
4	 2	 7	 6	 31.097800	 0.167025
4	 3	 1	 1	 16.959400	 2.016820
4	 3	 1	 2	 15.217600	 0.076953
4	 3	 1	 3	 15.086200	 0.038579
4	 3	 1	 4	 15.910400	 0.033759
4	 3	 1	 5	 15.459500	 0.039058
4	 3	 1	 6	 15.355200	 0.033707
4	 3	 2	 1	 12.126200	 0.029328
4	 3	 2	 2	 11.519400	 0.025850
4	 3	 2	 3	 13.170600	 0.035256
4	 3	 2	 4	 12.623300	 0.029512
4	 3	 2	 5	 14.681200	 0.030604
4	 3	 2	 6	 14.207200	 0.034116
4	 3	 3	 1	 12.290300	 0.031420
4	 3	 3	 2	 13.003300	 0.031023
4	 3	 3	 3	 12.379200	 0.007588
4	 3	 3	 4	 12.780600	 0.035532
4	 3	 3	 5	 13.322400	 0.037782
4	 3	 3	 6	 13.198700	 0.040649
4	 3	 4	 1	 9.460993	 2.299082
4	 3	 4	 2	 14.134600	 0.043261
4	 3	 4	 3	 14.288600	 0.047128
4	 3	 4	 4	 13.394700	 0.047953
4	 3	 4	 5	 14.492900	 0.054995
4	 3	 4	 6	 2.142464	 6.170027
4	 3	 5	 1	 9.606340	 2.978451
4	 3	 5	 2	 9.752319	 3.279851
4	 3	 5	 3	 12.904700	 0.071267
4	 3	 5	 4	 8.926698	 4.026032
4	 3	 5	 5	 4.115984	 8.965805
4	 3	 5	 6	 -0.320052	 11.876264
4	 3	 6	 1	 16.500800	 0.046742
4	 3	 6	 2	 13.953500	 0.184177
4	 3	 6	 3	 13.292000	 0.169107
4	 3	 6	 4	 -5.218138	 18.482656
4	 3	 6	 5	 14.962932	 12.314509
4	 3	 6	 6	 12.383800	 0.039586
4	 3	 7	 1	 0.880556	 12.127477
4	 3	 7	 2	 12.356500	 0.351662
4	 3	 7	 3	 10.341830	 0.698024
4	 3	 7	 4	 17.565700	 0.580228
4	 3	 7	 5	 7.906500	 1.837770
4	 3	 7	 6	 15.318500	 1.859180
4	 4	 1	 1	 14.460100	 5.969970
4	 4	 1	 2	 14.464100	 0.181820
4	 4	 1	 3	 14.886200	 0.054319
4	 4	 1	 4	 13.715000	 0.043296
4	 4	 1	 5	 15.448000	 0.035712
4	 4	 1	 6	 14.895000	 0.032700
4	 4	 2	 1	 14.678600	 0.029515
4	 4	 2	 2	 14.195800	 0.029191
4	 4	 2	 3	 13.979700	 0.028561
4	 4	 2	 4	 13.629800	 0.032235
4	 4	 2	 5	 13.707800	 0.030785
4	 4	 2	 6	 14.180100	 0.032244
4	 4	 3	 1	 14.487900	 0.034155
4	 4	 3	 2	 13.539500	 0.037416
4	 4	 3	 3	 13.519300	 0.039044
4	 4	 3	 4	 13.605700	 0.038499
4	 4	 3	 5	 13.439400	 0.041124
4	 4	 3	 6	 13.682500	 0.042302
4	 4	 4	 1	 13.757300	 0.051988
4	 4	 4	 2	 13.446400	 0.054196
4	 4	 4	 3	 10.147016	 2.391411
4	 4	 4	 4	 8.752021	 4.211611
4	 4	 4	 5	 14.051300	 0.057991
4	 4	 4	 6	 13.001600	 0.048183
4	 4	 5	 1	 9.527033	 5.026126
4	 4	 5	 2	 3.608720	 6.816605
4	 4	 5	 3	 13.063600	 0.080506
4	 4	 5	 4	 14.078900	 0.079632
4	 4	 5	 5	 13.832500	 0.166685
4	 4	 5	 6	 12.555500	 0.210516
4	 4	 6	 1	 13.687328	 11.409273
4	 4	 6	 2	 16.888300	 0.166126
4	 4	 6	 3	 10.796283	 10.114661
4	 4	 6	 4	 9.855181	 12.220463
4	 4	 6	 5	 4.863149	 13.554624
4	 4	 6	 6	 11.508500	 0.485188
4	 4	 7	 1	 6.305270	 16.006256
4	 4	 7	 2	 11.363300	 0.831715
4	 4	 7	 3	 9.288940	 1.094060
4	 4	 7	 4	 17.689000	 3.539000
4	 4	 7	 5	 8.531380	 1.744610
4	 4	 7	 6	 7.287690	 4.105340
4	 5	 1	 1	 55.628400	 2.477000
4	 5	 1	 2	 51.604900	 0.181315
4	 5	 1	 3	 52.460900	 0.064645
4	 5	 1	 4	 51.427200	 0.049128
4	 5	 1	 5	 53.845500	 0.010727
4	 5	 1	 6	 52.576600	 0.085670
4	 5	 2	 1	 53.002400	 0.023119
4	 5	 2	 2	 53.774400	 0.020826
4	 5	 2	 3	 52.788500	 0.009891
4	 5	 2	 4	 54.040100	 0.013711
4	 5	 2	 5	 55.831000	 0.027097
4	 5	 2	 6	 55.478000	 0.027293
4	 5	 3	 1	 56.681900	 0.033428
4	 5	 3	 2	 55.248300	 0.035024
4	 5	 3	 3	 55.939300	 0.040137
4	 5	 3	 4	 55.497200	 0.044730
4	 5	 3	 5	 56.002300	 0.049304
4	 5	 3	 6	 56.870200	 0.059940
4	 5	 4	 1	 56.795900	 0.058358
4	 5	 4	 2	 56.769200	 0.061538
4	 5	 4	 3	 51.243089	 7.082685
4	 5	 4	 4	 51.837420	 7.219624
4	 5	 4	 5	 54.151000	 0.096717
4	 5	 4	 6	 55.137600	 0.098165
4	 5	 5	 1	 48.417722	 10.136581
4	 5	 5	 2	 49.014560	 9.059047
4	 5	 5	 3	 48.453910	 10.515797
4	 5	 5	 4	 41.850474	 13.711836
4	 5	 5	 5	 51.414734	 10.487984
4	 5	 5	 6	 49.297341	 12.383454
4	 5	 6	 1	 47.730782	 13.796536
4	 5	 6	 2	 55.507300	 0.509110
4	 5	 6	 3	 50.120563	 17.225457
4	 5	 6	 4	 47.072389	 24.199573
4	 5	 6	 5	 56.695400	 8.957000
4	 5	 6	 6	 50.579182	 24.214703
4	 5	 7	 1	 39.946200	 0.966351
4	 5	 7	 2	 42.755420	 31.598558
4	 5	 7	 3	 34.029885	 27.591589
4	 5	 7	 4	 44.546600	 1.792610
4	 5	 7	 5	 56.024400	 10.186000
4	 5	 7	 6	 56.024400	 10.186000
4	 6	 1	 1	 33.969800	 1.928830
4	 6	 1	 2	 47.324700	 0.129365
4	 6	 1	 3	 46.826500	 0.020590
4	 6	 1	 4	 47.937800	 0.013812
4	 6	 1	 5	 46.808700	 0.012093
4	 6	 1	 6	 48.020500	 0.015193
4	 6	 2	 1	 49.242500	 0.030218
4	 6	 2	 2	 48.784700	 0.027965
4	 6	 2	 3	 49.219200	 0.028416
4	 6	 2	 4	 54.013500	 0.011003
4	 6	 2	 5	 51.134100	 0.029210
4	 6	 2	 6	 50.923900	 0.033886
4	 6	 3	 1	 54.438700	 0.035698
4	 6	 3	 2	 54.116300	 0.036656
4	 6	 3	 3	 54.413600	 0.023995
4	 6	 3	 4	 49.083600	 0.042656
4	 6	 3	 5	 49.217600	 0.048968
4	 6	 3	 6	 48.265000	 0.054739
4	 6	 4	 1	 50.530600	 0.064618
4	 6	 4	 2	 49.848200	 0.069898
4	 6	 4	 3	 50.029100	 0.084016
4	 6	 4	 4	 47.542746	 8.349477
4	 6	 4	 5	 52.799400	 0.016821
4	 6	 4	 6	 56.880700	 0.465687
4	 6	 5	 1	 51.046400	 0.135259
4	 6	 5	 2	 44.015887	 12.002201
4	 6	 5	 3	 52.624500	 0.257945
4	 6	 5	 4	 47.006372	 10.697049
4	 6	 5	 5	 46.976710	 11.036383
4	 6	 5	 6	 53.669700	 0.230227
4	 6	 6	 1	 48.734954	 11.903552
4	 6	 6	 2	 40.224400	 0.795254
4	 6	 6	 3	 44.175666	 15.671282
4	 6	 6	 4	 47.580490	 16.233702
4	 6	 6	 5	 27.306840	 48.416787
4	 6	 6	 6	 40.295482	 48.129975
4	 6	 7	 1	 47.974652	 25.019327
4	 6	 7	 2	 12.572314	 76.487713
4	 6	 7	 3	 28.462699	 28.953468
4	 6	 7	 4	 49.542972	 52.309947
4	 6	 7	 5	 62.496326	 51.264638
4	 6	 7	 6	 59.778200	 0.724527
5	 1	 1	 1	 41.333333	 15.894146
5	 1	 1	 2	 27.362963	 9.581844
5	 1	 1	 3	 26.930612	 5.923631
5	 1	 1	 4	 24.436200	 0.018046
5	 1	 1	 5	 23.511111	 3.229523
5	 1	 1	 6	 24.627500	 0.018017
5	 1	 2	 1	 28.266400	 0.016078
5	 1	 2	 2	 24.528000	 4.553933
5	 1	 2	 3	 27.828092	 3.423154
5	 1	 2	 4	 27.545126	 3.736850
5	 1	 2	 5	 23.482927	 5.252073
5	 1	 2	 6	 24.122164	 5.452356
5	 1	 3	 1	 27.190400	 4.086102
5	 1	 3	 2	 26.696087	 4.762684
5	 1	 3	 3	 25.102093	 4.934721
5	 1	 3	 4	 25.103832	 5.257906
5	 1	 3	 5	 26.246414	 4.514215
5	 1	 3	 6	 26.608000	 4.654013
5	 1	 4	 1	 25.437037	 5.447269
5	 1	 4	 2	 25.992129	 5.916467
5	 1	 4	 3	 26.794356	 4.874448
5	 1	 4	 4	 26.096974	 5.797705
5	 1	 4	 5	 24.940455	 6.972685
5	 1	 4	 6	 26.210864	 6.497552
5	 1	 5	 1	 23.942857	 9.345155
5	 1	 5	 2	 28.055431	 8.755250
5	 1	 5	 3	 26.081633	 7.232610
5	 1	 5	 4	 26.232932	 5.041837
5	 1	 5	 5	 29.173333	 8.560135
5	 1	 5	 6	 29.055253	 7.333601
5	 1	 6	 1	 28.928962	 9.788191
5	 1	 6	 2	 27.566061	 8.224713
5	 1	 6	 3	 26.833333	 14.240042
5	 1	 6	 4	 31.536970	 8.769363
5	 1	 6	 5	 23.561876	 11.163383
5	 1	 6	 6	 30.369893	 13.637180
5	 1	 7	 1	 28.193600	 0.106169
5	 1	 7	 2	 27.984300	 0.120479
5	 1	 7	 3	 29.674074	 17.604717
5	 1	 7	 4	 24.545029	 25.647818
5	 1	 7	 5	 30.244500	 0.059412
5	 1	 7	 6	 31.429900	 0.230490
5	 2	 1	 1	 3.228082	 2.138652
5	 2	 1	 2	 3.504478	 2.064274
5	 2	 1	 3	 2.444733	 0.018931
5	 2	 1	 4	 3.638560	 0.021719
5	 2	 1	 5	 4.444530	 0.019757
5	 2	 1	 6	 2.858433	 0.992071
5	 2	 2	 1	 1.305706	 1.086830
5	 2	 2	 2	 3.199294	 0.986019
5	 2	 2	 3	 0.635599	 1.224686
5	 2	 2	 4	 2.888889	 1.004083
5	 2	 2	 5	 1.957062	 1.024993
5	 2	 2	 6	 0.918883	 0.997857
5	 2	 3	 1	 2.587022	 1.093966
5	 2	 3	 2	 2.018895	 0.924132
5	 2	 3	 3	 1.613465	 0.017915
5	 2	 3	 4	 2.097222	 1.148297
5	 2	 3	 5	 2.608850	 1.053668
5	 2	 3	 6	 1.450505	 1.282226
5	 2	 4	 1	 1.694779	 1.271151
5	 2	 4	 2	 1.459514	 1.096511
5	 2	 4	 3	 -0.244961	 1.635174
5	 2	 4	 4	 0.625474	 1.570111
5	 2	 4	 5	 -2.830303	 2.228396
5	 2	 4	 6	 2.692913	 1.372678
5	 2	 5	 1	 2.117994	 1.598902
5	 2	 5	 2	 2.582716	 1.435962
5	 2	 5	 3	 2.336336	 1.441254
5	 2	 5	 4	 1.530435	 1.689143
5	 2	 5	 5	 2.073563	 1.737663
5	 2	 5	 6	 1.158333	 2.115270
5	 2	 6	 1	 1.156364	 2.198098
5	 2	 6	 2	 1.692655	 2.193218
5	 2	 6	 3	 0.014815	 2.939616
5	 2	 6	 4	 -3.020959	 2.255699
5	 2	 6	 5	 1.438651	 2.646741
5	 2	 6	 6	 -4.836309	 5.802041
5	 2	 7	 1	 -2.285639	 2.665393
5	 2	 7	 2	 2.459298	 3.914371
5	 2	 7	 3	 -0.137377	 4.679063
5	 2	 7	 4	 2.889294	 0.171391
5	 2	 7	 5	 2.127478	 0.127713
5	 2	 7	 6	 3.769610	 0.228274
5	 3	 1	 1	 10.047537	 8.535773
5	 3	 1	 2	 11.346900	 0.109522
5	 3	 1	 3	 9.130848	 2.351732
5	 3	 1	 4	 9.767572	 1.938946
5	 3	 1	 5	 10.951500	 0.027811
5	 3	 1	 6	 10.782410	 0.023795
5	 3	 2	 1	 11.548169	 1.551140
5	 3	 2	 2	 10.741510	 0.023415
5	 3	 2	 3	 10.767060	 0.024468
5	 3	 2	 4	 9.731240	 0.022674
5	 3	 2	 5	 10.345610	 0.026256
5	 3	 2	 6	 9.953920	 0.028655
5	 3	 3	 1	 10.983900	 0.026657
5	 3	 3	 2	 9.971100	 0.029069
5	 3	 3	 3	 9.329320	 0.029169
5	 3	 3	 4	 10.364460	 0.031100
5	 3	 3	 5	 10.565070	 0.031500
5	 3	 3	 6	 10.892510	 0.035145
5	 3	 4	 1	 10.263187	 2.104163
5	 3	 4	 2	 9.250825	 2.300240
5	 3	 4	 3	 9.778518	 2.268139
5	 3	 4	 4	 7.479546	 2.618040
5	 3	 4	 5	 3.333331	 3.533504
5	 3	 4	 6	 6.341799	 2.919009
5	 3	 5	 1	 9.915380	 0.055740
5	 3	 5	 2	 10.120990	 0.056985
5	 3	 5	 3	 8.095116	 3.380618
5	 3	 5	 4	 6.209399	 4.240920
5	 3	 5	 5	 7.051299	 4.634826
5	 3	 5	 6	 10.329010	 0.092572
5	 3	 6	 1	 12.128500	 0.109916
5	 3	 6	 2	 11.524200	 0.125652
5	 3	 6	 3	 6.316039	 6.594100
5	 3	 6	 4	 11.000800	 0.220428
5	 3	 6	 5	 5.791510	 7.536765
5	 3	 6	 6	 12.977825	 11.074384
5	 3	 7	 1	 8.898900	 0.171780
5	 3	 7	 2	 6.378359	 16.704777
5	 3	 7	 3	 8.927350	 0.688711
5	 3	 7	 4	 11.595000	 0.288429
5	 3	 7	 5	 12.832400	 1.111480
5	 3	 7	 6	 8.335420	 3.777730
5	 4	 1	 1	 15.386800	 4.590380
5	 4	 1	 2	 14.335400	 0.428280
5	 4	 1	 3	 10.357630	 0.050407
5	 4	 1	 4	 11.202900	 0.034539
5	 4	 1	 5	 11.830700	 0.032662
5	 4	 1	 6	 10.782570	 0.026378
5	 4	 2	 1	 11.015700	 0.027654
5	 4	 2	 2	 7.849221	 2.055441
5	 4	 2	 3	 10.414780	 0.026043
5	 4	 2	 4	 9.984690	 0.025885
5	 4	 2	 5	 10.377467	 1.748122
5	 4	 2	 6	 12.204500	 2.125850
5	 4	 3	 1	 11.025100	 0.031081
5	 4	 3	 2	 11.595100	 0.032930
5	 4	 3	 3	 10.701320	 0.035962
5	 4	 3	 4	 10.590990	 0.035075
5	 4	 3	 5	 8.546582	 1.969462
5	 4	 3	 6	 8.609313	 2.050424
5	 4	 4	 1	 10.215338	 1.922383
5	 4	 4	 2	 11.400500	 0.048307
5	 4	 4	 3	 10.600370	 0.050522
5	 4	 4	 4	 10.959880	 0.044946
5	 4	 4	 5	 9.467736	 2.585582
5	 4	 4	 6	 11.283900	 0.058800
5	 4	 5	 1	 11.029853	 2.505964
5	 4	 5	 2	 11.918803	 2.570831
5	 4	 5	 3	 10.119140	 0.082710
5	 4	 5	 4	 11.844900	 0.091093
5	 4	 5	 5	 9.132915	 4.055607
5	 4	 5	 6	 12.941800	 0.130779
5	 4	 6	 1	 11.616706	 4.069206
5	 4	 6	 2	 -14.428774	 21.964274
5	 4	 6	 3	 9.352505	 6.351335
5	 4	 6	 4	 10.279060	 0.281460
5	 4	 6	 5	 9.823700	 0.128540
5	 4	 6	 6	 7.495660	 0.493827
5	 4	 7	 1	 3.761554	 18.315643
5	 4	 7	 2	 -17.803377	 36.971726
5	 4	 7	 3	 10.620190	 0.910163
5	 4	 7	 4	 5.301990	 1.356980
5	 4	 7	 5	 17.668700	 4.407000
5	 4	 7	 6	 17.668700	 4.407000
5	 5	 1	 1	 34.323800	 3.359150
5	 5	 1	 2	 45.027000	 23.172000
5	 5	 1	 3	 50.438200	 0.050625
5	 5	 1	 4	 50.467100	 0.045183
5	 5	 1	 5	 49.687100	 0.035349
5	 5	 1	 6	 49.423600	 0.032934
5	 5	 2	 1	 53.017000	 0.014233
5	 5	 2	 2	 52.101986	 6.749325
5	 5	 2	 3	 54.160100	 0.009650
5	 5	 2	 4	 50.523200	 0.027284
5	 5	 2	 5	 51.437500	 0.029603
5	 5	 2	 6	 52.407900	 0.032365
5	 5	 3	 1	 51.365900	 0.034933
5	 5	 3	 2	 51.128200	 0.035655
5	 5	 3	 3	 51.817800	 0.041428
5	 5	 3	 4	 49.289600	 0.040901
5	 5	 3	 5	 52.284848	 6.431001
5	 5	 3	 6	 51.216200	 0.058222
5	 5	 4	 1	 49.787900	 0.059242
5	 5	 4	 2	 50.255000	 0.062409
5	 5	 4	 3	 50.239500	 0.070578
5	 5	 4	 4	 48.050600	 0.068545
5	 5	 4	 5	 49.878800	 0.088016
5	 5	 4	 6	 48.421500	 0.088589
5	 5	 5	 1	 48.005200	 0.112701
5	 5	 5	 2	 51.173800	 0.202752
5	 5	 5	 3	 46.974900	 0.149840
5	 5	 5	 4	 40.759713	 6.842278
5	 5	 5	 5	 43.083324	 8.591383
5	 5	 5	 6	 39.183111	 8.218729
5	 5	 6	 1	 37.729300	 0.465497
5	 5	 6	 2	 46.804700	 0.346050
5	 5	 6	 3	 41.412217	 16.250847
5	 5	 6	 4	 36.462710	 20.492962
5	 5	 6	 5	 43.667937	 24.736871
5	 5	 6	 6	 46.803757	 24.686509
5	 5	 7	 1	 38.817700	 0.892900
5	 5	 7	 2	 50.717500	 15.424000
5	 5	 7	 3	 43.349218	 21.736118
5	 5	 7	 4	 51.247200	 12.138100
5	 5	 7	 5	 42.337000	 3.377560
5	 5	 7	 6	 56.563200	 11.686400
5	 6	 1	 1	 41.317200	 0.417408
5	 6	 1	 2	 44.297500	 0.094424
5	 6	 1	 3	 44.992400	 0.062554
5	 6	 1	 4	 44.387900	 0.054656
5	 6	 1	 5	 45.742200	 0.044206
5	 6	 1	 6	 43.043818	 6.179847
5	 6	 2	 1	 49.336400	 0.031030
5	 6	 2	 2	 47.072100	 0.025148
5	 6	 2	 3	 46.969500	 0.018562
5	 6	 2	 4	 49.018900	 0.024725
5	 6	 2	 5	 49.422800	 0.029467
5	 6	 2	 6	 49.647600	 0.029231
5	 6	 3	 1	 48.485400	 0.030198
5	 6	 3	 2	 49.073900	 0.036026
5	 6	 3	 3	 47.923200	 0.010124
5	 6	 3	 4	 47.046500	 0.075406
5	 6	 3	 5	 47.332500	 0.048646
5	 6	 3	 6	 47.094900	 0.051851
5	 6	 4	 1	 46.103900	 0.077243
5	 6	 4	 2	 46.905300	 0.066982
5	 6	 4	 3	 39.261976	 7.560186
5	 6	 4	 4	 55.706700	 3.394540
5	 6	 4	 5	 51.043100	 0.080715
5	 6	 4	 6	 49.386800	 0.112174
5	 6	 5	 1	 41.806551	 7.668399
5	 6	 5	 2	 42.498322	 7.912379
5	 6	 5	 3	 40.431116	 9.167112
5	 6	 5	 4	 49.798000	 0.186837
5	 6	 5	 5	 36.716957	 15.470546
5	 6	 5	 6	 49.223507	 11.263800
5	 6	 6	 1	 44.068434	 8.840442
5	 6	 6	 2	 47.384400	 0.144855
5	 6	 6	 3	 35.675229	 18.434526
5	 6	 6	 4	 40.379003	 18.973633
5	 6	 6	 5	 40.552522	 13.725336
5	 6	 6	 6	 35.838100	 0.910148
5	 6	 7	 1	 37.876044	 31.439292
5	 6	 7	 2	 35.770370	 28.706576
5	 6	 7	 3	 16.995811	 8.767510
5	 6	 7	 4	 -1.187957	 33.486278
5	 6	 7	 5	 36.191360	 34.218706
5	 6	 7	 6	 79.583900	 176.966000
6	 1	 1	 1	 3.749153	 3.345514
6	 1	 1	 2	 5.792136	 1.233706
6	 1	 1	 3	 5.089800	 0.015945
6	 1	 1	 4	 9.606786	 1.708486
6	 1	 1	 5	 9.415844	 1.710305
6	 1	 1	 6	 9.775758	 1.773766
6	 1	 2	 1	 8.704478	 1.796386
6	 1	 2	 2	 8.815054	 1.882709
6	 1	 2	 3	 6.194339	 2.408027
6	 1	 2	 4	 7.637724	 2.220181
6	 1	 2	 5	 9.017186	 2.032700
6	 1	 2	 6	 9.087160	 0.020391
6	 1	 3	 1	 8.656970	 2.046787
6	 1	 3	 2	 8.617605	 2.348933
6	 1	 3	 3	 8.416308	 2.185189
6	 1	 3	 4	 5.253333	 1.673801
6	 1	 3	 5	 6.146119	 2.743711
6	 1	 3	 6	 7.223550	 0.021217
6	 1	 4	 1	 9.708287	 2.125395
6	 1	 4	 2	 7.643903	 1.953901
6	 1	 4	 3	 7.660892	 2.706647
6	 1	 4	 4	 5.870189	 2.150120
6	 1	 4	 5	 8.265546	 2.805674
6	 1	 4	 6	 9.285154	 3.888955
6	 1	 5	 1	 4.644237	 2.283282
6	 1	 5	 2	 4.091373	 1.899699
6	 1	 5	 3	 0.925253	 3.260841
6	 1	 5	 4	 8.634089	 2.538644
6	 1	 5	 5	 8.755556	 3.421799
6	 1	 5	 6	 6.933333	 6.367647
6	 1	 6	 1	 5.210884	 4.970844
6	 1	 6	 2	 3.650000	 6.009874
6	 1	 6	 3	 5.100614	 3.154112
6	 1	 6	 4	 8.755556	 4.705898
6	 1	 6	 5	 4.133333	 4.948099
6	 1	 6	 6	 7.452874	 4.071209
6	 1	 7	 1	 10.671605	 5.547426
6	 1	 7	 2	 9.644444	 7.882670
6	 1	 7	 3	 3.173333	 13.243292
6	 1	 7	 4	 8.645670	 0.130825
6	 1	 7	 5	 8.234820	 0.095615
6	 1	 7	 6	 8.873870	 0.047324
6	 2	 1	 1	 9.972911	 5.544629
6	 2	 1	 2	 11.976566	 3.017931
6	 2	 1	 3	 6.746765	 1.870402
6	 2	 1	 4	 10.271160	 0.019143
6	 2	 1	 5	 7.694787	 2.236900
6	 2	 1	 6	 8.306865	 2.103916
6	 2	 2	 1	 5.998812	 1.093326
6	 2	 2	 2	 6.237807	 1.455734
6	 2	 2	 3	 6.414540	 0.018581
6	 2	 2	 4	 6.840721	 2.460255
6	 2	 2	 5	 7.819300	 2.273923
6	 2	 2	 6	 8.177072	 2.221157
6	 2	 3	 1	 5.586262	 1.270626
6	 2	 3	 2	 8.137753	 2.266900
6	 2	 3	 3	 4.851282	 1.869255
6	 2	 3	 4	 6.739361	 2.590824
6	 2	 3	 5	 7.171150	 2.391094
6	 2	 3	 6	 6.309170	 0.023995
6	 2	 4	 1	 8.846284	 2.464211
6	 2	 4	 2	 8.997200	 0.033436
6	 2	 4	 3	 7.333333	 2.875479
6	 2	 4	 4	 5.232323	 2.070534
6	 2	 4	 5	 6.576110	 0.027850
6	 2	 4	 6	 5.689003	 1.644602
6	 2	 5	 1	 2.561039	 4.133576
6	 2	 5	 2	 9.923372	 4.171121
6	 2	 5	 3	 5.810067	 2.392769
6	 2	 5	 4	 5.450450	 1.994824
6	 2	 5	 5	 6.444444	 2.642423
6	 2	 5	 6	 4.865574	 2.298764
6	 2	 6	 1	 2.788148	 3.743521
6	 2	 6	 2	 1.167634	 2.966938
6	 2	 6	 3	 2.903704	 4.551129
6	 2	 6	 4	 8.160860	 4.371551
6	 2	 6	 5	 2.985365	 9.763639
6	 2	 6	 6	 10.666290	 0.115892
6	 2	 7	 1	 7.564444	 11.025703
6	 2	 7	 2	 5.709152	 6.277836
6	 2	 7	 3	 11.229924	 7.274193
6	 2	 7	 4	 3.201760	 0.147430
6	 2	 7	 5	 5.183573	 6.365035
6	 2	 7	 6	 4.894050	 0.222671
6	 3	 1	 1	 -26.368800	 2.345780
6	 3	 1	 2	 -26.295100	 0.082366
6	 3	 1	 3	 -29.868957	 4.229297
6	 3	 1	 4	 -27.362300	 0.033538
6	 3	 1	 5	 -27.727800	 0.030564
6	 3	 1	 6	 -28.050100	 0.017684
6	 3	 2	 1	 -27.775269	 2.732209
6	 3	 2	 2	 -29.508896	 3.345914
6	 3	 2	 3	 -28.768200	 0.036365
6	 3	 2	 4	 -28.297800	 0.027271
6	 3	 2	 5	 -26.771000	 0.028299
6	 3	 2	 6	 -28.135300	 0.027810
6	 3	 3	 1	 -30.367143	 3.606329
6	 3	 3	 2	 -27.302800	 0.030488
6	 3	 3	 3	 -28.798900	 0.031119
6	 3	 3	 4	 -28.528000	 0.031369
6	 3	 3	 5	 -26.865200	 0.033271
6	 3	 3	 6	 -29.470150	 3.390726
6	 3	 4	 1	 -30.965201	 4.071205
6	 3	 4	 2	 -27.259700	 0.037851
6	 3	 4	 3	 -30.076533	 3.943095
6	 3	 4	 4	 -28.885215	 3.515665
6	 3	 4	 5	 -28.175122	 3.743736
6	 3	 4	 6	 -26.678900	 0.051965
6	 3	 5	 1	 -30.570268	 5.051982
6	 3	 5	 2	 -25.373000	 0.060807
6	 3	 5	 3	 -29.628123	 5.584726
6	 3	 5	 4	 -30.989172	 7.023897
6	 3	 5	 5	 -31.464569	 8.263715
6	 3	 5	 6	 -25.026200	 0.082762
6	 3	 6	 1	 -50.840349	 37.439074
6	 3	 6	 2	 -26.571429	 6.878436
6	 3	 6	 3	 -30.271341	 8.059739
6	 3	 6	 4	 -30.435176	 11.761859
6	 3	 6	 5	 -42.150880	 37.904599
6	 3	 6	 6	 -23.855579	 12.252102
6	 3	 7	 1	 -63.575312	 59.762390
6	 3	 7	 2	 -34.519522	 20.672667
6	 3	 7	 3	 -29.196900	 0.749895
6	 3	 7	 4	 -28.708600	 0.892460
6	 3	 7	 5	 -29.441600	 1.479960
6	 3	 7	 6	 -36.195100	 2.732220
6	 4	 1	 1	 -14.995800	 1.202000
6	 4	 1	 2	 -26.861100	 0.147039
6	 4	 1	 3	 -27.345600	 0.055938
6	 4	 1	 4	 -26.835800	 0.031462
6	 4	 1	 5	 -26.608800	 0.030099
6	 4	 1	 6	 -26.146500	 0.022260
6	 4	 2	 1	 -26.922700	 0.026540
6	 4	 2	 2	 -27.221500	 0.026488
6	 4	 2	 3	 -27.415200	 0.025467
6	 4	 2	 4	 -27.517500	 0.034846
6	 4	 2	 5	 -27.836100	 0.027870
6	 4	 2	 6	 -27.746400	 0.029965
6	 4	 3	 1	 -25.950000	 0.029933
6	 4	 3	 2	 -27.869600	 0.031263
6	 4	 3	 3	 -28.001900	 0.033697
6	 4	 3	 4	 -27.307800	 0.036599
6	 4	 3	 5	 -26.673700	 0.039379
6	 4	 3	 6	 -26.272600	 0.036805
6	 4	 4	 1	 -27.252500	 0.043317
6	 4	 4	 2	 -27.169400	 0.047085
6	 4	 4	 3	 -26.849700	 0.056759
6	 4	 4	 4	 -26.995800	 0.076477
6	 4	 4	 5	 -31.137399	 4.669307
6	 4	 4	 6	 -26.974300	 0.066026
6	 4	 5	 1	 -26.187300	 0.065763
6	 4	 5	 2	 -26.491000	 0.063933
6	 4	 5	 3	 -28.693991	 4.798537
6	 4	 5	 4	 -31.758363	 6.571275
6	 4	 5	 5	 -27.173500	 0.100714
6	 4	 5	 6	 -28.956515	 6.533944
6	 4	 6	 1	 -31.936987	 10.306901
6	 4	 6	 2	 -40.312476	 22.012741
6	 4	 6	 3	 -39.153345	 15.593437
6	 4	 6	 4	 -28.011400	 0.385480
6	 4	 6	 5	 -28.577486	 8.954376
6	 4	 6	 6	 -35.347208	 15.977475
6	 4	 7	 1	 -27.737600	 0.106700
6	 4	 7	 2	 -30.812200	 0.653589
6	 4	 7	 3	 -33.037900	 0.810159
6	 4	 7	 4	 -31.984000	 1.583650
6	 4	 7	 5	 -33.361200	 1.784530
6	 4	 7	 6	 -34.068600	 2.707830
6	 5	 1	 1	 11.347200	 2.964480
6	 5	 1	 2	 24.005200	 0.211970
6	 5	 1	 3	 22.099200	 0.099897
6	 5	 1	 4	 25.674000	 0.058529
6	 5	 1	 5	 27.510900	 0.046662
6	 5	 1	 6	 26.699000	 0.036977
6	 5	 2	 1	 23.341200	 0.013248
6	 5	 2	 2	 26.329200	 0.060359
6	 5	 2	 3	 22.262000	 0.011507
6	 5	 2	 4	 28.437800	 0.035060
6	 5	 2	 5	 26.922896	 4.277252
6	 5	 2	 6	 25.952200	 0.032647
6	 5	 3	 1	 25.146400	 0.033142
6	 5	 3	 2	 24.097100	 0.037002
6	 5	 3	 3	 23.728900	 0.042181
6	 5	 3	 4	 23.918700	 0.045811
6	 5	 3	 5	 25.603100	 0.054399
6	 5	 3	 6	 23.932712	 4.602249
6	 5	 4	 1	 28.118800	 0.067746
6	 5	 4	 2	 25.929651	 4.517292
6	 5	 4	 3	 29.813900	 0.074099
6	 5	 4	 4	 24.697500	 0.082702
6	 5	 4	 5	 23.683000	 0.093083
6	 5	 4	 6	 25.112330	 4.908029
6	 5	 5	 1	 24.486300	 0.104557
6	 5	 5	 2	 26.084200	 0.107201
6	 5	 5	 3	 22.831600	 0.190753
6	 5	 5	 4	 21.179900	 0.427252
6	 5	 5	 5	 15.489153	 3.805578
6	 5	 5	 6	 17.563544	 5.592204
6	 5	 6	 1	 17.925597	 6.112762
6	 5	 6	 2	 12.219654	 13.627724
6	 5	 6	 3	 10.389341	 8.290764
6	 5	 6	 4	 23.973700	 4.279000
6	 5	 6	 5	 10.386093	 9.830093
6	 5	 6	 6	 18.134966	 12.588970
6	 5	 7	 1	 -0.523191	 15.024104
6	 5	 7	 2	 17.536200	 0.802511
6	 5	 7	 3	 23.178700	 6.854000
6	 5	 7	 4	 15.381100	 1.783080
6	 5	 7	 5	 14.111700	 2.687400
6	 5	 7	 6	 31.139100	 5.761190
6	 6	 1	 1	 15.199600	 1.264610
6	 6	 1	 2	 25.671700	 1.191000
6	 6	 1	 3	 -2.554025	 10.230544
6	 6	 1	 4	 5.785317	 10.259734
6	 6	 1	 5	 15.130266	 6.741833
6	 6	 1	 6	 20.940400	 0.042894
6	 6	 2	 1	 20.134200	 0.033758
6	 6	 2	 2	 20.508639	 2.981540
6	 6	 2	 3	 18.848600	 0.029898
6	 6	 2	 4	 19.900800	 2.602030
6	 6	 2	 5	 17.967300	 0.027898
6	 6	 2	 6	 18.518800	 0.031292
6	 6	 3	 1	 22.087100	 0.048344
6	 6	 3	 2	 20.792900	 0.050385
6	 6	 3	 3	 16.120776	 3.650598
6	 6	 3	 4	 14.866900	 0.070487
6	 6	 3	 5	 19.320300	 0.056437
6	 6	 3	 6	 19.329500	 0.061063
6	 6	 4	 1	 18.604200	 3.358549
6	 6	 4	 2	 19.613500	 0.079782
6	 6	 4	 3	 18.213918	 3.504833
6	 6	 4	 4	 15.374753	 4.130572
6	 6	 4	 5	 17.899644	 3.463913
6	 6	 4	 6	 18.754198	 3.648168
6	 6	 5	 1	 18.806133	 4.097465
6	 6	 5	 2	 23.508600	 0.134130
6	 6	 5	 3	 25.056300	 0.174956
6	 6	 5	 4	 18.187165	 4.513837
6	 6	 5	 5	 22.590654	 6.546806
6	 6	 5	 6	 11.418100	 0.477421
6	 6	 6	 1	 14.812752	 6.163172
6	 6	 6	 2	 15.000295	 7.094417
6	 6	 6	 3	 18.501938	 7.110992
6	 6	 6	 4	 16.938246	 8.417537
6	 6	 6	 5	 14.020000	 0.105891
6	 6	 6	 6	 23.829300	 0.600396
6	 6	 7	 1	 19.334460	 16.849224
6	 6	 7	 2	 -0.125053	 28.886115
6	 6	 7	 3	 30.739700	 22.491300
6	 6	 7	 4	 23.097700	 3.904000
6	 6	 7	 5	 -25.415332	 67.259350
6	 6	 7	 6	 42.776800	 16.587400
