#& Sector Superlayer Slot Cable T0Correction T0Error
1	 1	 1	 1	 4.720000	 2.973491
1	 1	 1	 2	 0.582306	 1.971013
1	 1	 1	 3	 3.797163	 0.011387
1	 1	 1	 4	 -0.466923	 1.760282
1	 1	 1	 5	 1.297732	 0.996321
1	 1	 1	 6	 1.844042	 1.504991
1	 1	 2	 1	 2.016906	 1.956078
1	 1	 2	 2	 1.607590	 1.018468
1	 1	 2	 3	 3.151844	 1.469120
1	 1	 2	 4	 3.914951	 2.019754
1	 1	 2	 5	 5.379499	 1.744008
1	 1	 2	 6	 2.283098	 1.672498
1	 1	 3	 1	 1.179481	 1.135294
1	 1	 3	 2	 3.158163	 1.694933
1	 1	 3	 3	 1.253381	 1.863155
1	 1	 3	 4	 2.303388	 1.752239
1	 1	 3	 5	 3.975705	 1.556196
1	 1	 3	 6	 -0.034782	 2.984593
1	 1	 4	 1	 3.191342	 1.756938
1	 1	 4	 2	 3.660651	 1.807333
1	 1	 4	 3	 2.514120	 0.035467
1	 1	 4	 4	 2.174157	 1.120866
1	 1	 4	 5	 5.668241	 2.058966
1	 1	 4	 6	 2.905528	 2.325526
1	 1	 5	 1	 -1.546472	 2.008992
1	 1	 5	 2	 2.081102	 2.289400
1	 1	 5	 3	 3.285719	 2.234692
1	 1	 5	 4	 2.686693	 2.269501
1	 1	 5	 5	 -2.810355	 3.371793
1	 1	 5	 6	 5.191668	 2.652948
1	 1	 6	 1	 2.782659	 2.555573
1	 1	 6	 2	 6.631180	 0.030817
1	 1	 6	 3	 5.399691	 3.308596
1	 1	 6	 4	 4.181818	 7.332824
1	 1	 6	 5	 1.546264	 4.800524
1	 1	 6	 6	 6.431780	 0.100727
1	 1	 7	 1	 -49.463183	 45.848376
1	 1	 7	 2	 -6.955353	 14.118957
1	 1	 7	 3	 -38.812579	 59.653496
1	 1	 7	 4	 7.610200	 0.043473
1	 1	 7	 5	 4.100515	 0.131229
1	 1	 7	 6	 5.239520	 0.220162
1	 2	 1	 1	 -24.101677	 8.589884
1	 2	 1	 2	 -17.403390	 3.030910
1	 2	 1	 3	 -18.718085	 3.325583
1	 2	 1	 4	 -20.721286	 2.554189
1	 2	 1	 5	 -17.310891	 2.331741
1	 2	 1	 6	 -17.800158	 1.746250
1	 2	 2	 1	 -21.272921	 2.700838
1	 2	 2	 2	 -17.669481	 1.892742
1	 2	 2	 3	 -20.599908	 2.273705
1	 2	 2	 4	 -18.843900	 0.016433
1	 2	 2	 5	 -21.398881	 2.898260
1	 2	 2	 6	 -18.098202	 2.893228
1	 2	 3	 1	 -22.882083	 3.357545
1	 2	 3	 2	 -20.448719	 2.757058
1	 2	 3	 3	 -19.401713	 2.038705
1	 2	 3	 4	 -20.194619	 1.842283
1	 2	 3	 5	 -19.577401	 3.875510
1	 2	 3	 6	 -23.227154	 2.790144
1	 2	 4	 1	 -19.331409	 2.151856
1	 2	 4	 2	 -21.212390	 2.138469
1	 2	 4	 3	 -20.603012	 2.732219
1	 2	 4	 4	 -25.329125	 3.440729
1	 2	 4	 5	 -26.169573	 5.455602
1	 2	 4	 6	 -19.499203	 3.071357
1	 2	 5	 1	 -29.693568	 4.143783
1	 2	 5	 2	 -18.860415	 2.337382
1	 2	 5	 3	 -20.416430	 2.669242
1	 2	 5	 4	 -18.350000	 0.036730
1	 2	 5	 5	 -21.658532	 3.727661
1	 2	 5	 6	 -17.811400	 0.045449
1	 2	 6	 1	 -18.533333	 5.886013
1	 2	 6	 2	 -21.706147	 4.730809
1	 2	 6	 3	 -18.460801	 4.882175
1	 2	 6	 4	 -24.280956	 7.300512
1	 2	 6	 5	 -28.270643	 10.611692
1	 2	 6	 6	 -28.334512	 9.937428
1	 2	 7	 1	 -25.253333	 21.448294
1	 2	 7	 2	 -18.224720	 7.353076
1	 2	 7	 3	 -18.344200	 0.142191
1	 2	 7	 4	 -19.531600	 0.135391
1	 2	 7	 5	 -18.074400	 0.176544
1	 2	 7	 6	 -20.372800	 0.152579
1	 3	 1	 1	 -12.676100	 3.818290
1	 3	 1	 2	 -13.808504	 3.677212
1	 3	 1	 3	 -15.092242	 2.919314
1	 3	 1	 4	 -14.662807	 2.252621
1	 3	 1	 5	 -13.684400	 0.027174
1	 3	 1	 6	 -12.728549	 1.602476
1	 3	 2	 1	 -12.831558	 1.724849
1	 3	 2	 2	 -15.484997	 1.794117
1	 3	 2	 3	 -14.822550	 2.255009
1	 3	 2	 4	 -17.652664	 3.890360
1	 3	 2	 5	 -16.803887	 1.757998
1	 3	 2	 6	 -17.231196	 1.765433
1	 3	 3	 1	 -17.194069	 2.171854
1	 3	 3	 2	 -18.013584	 1.855150
1	 3	 3	 3	 -25.499940	 2.611421
1	 3	 3	 4	 -16.367736	 2.082123
1	 3	 3	 5	 -16.167069	 1.888213
1	 3	 3	 6	 -23.445607	 4.462604
1	 3	 4	 1	 -21.725678	 2.216019
1	 3	 4	 2	 -12.898600	 0.040526
1	 3	 4	 3	 -22.478413	 4.700043
1	 3	 4	 4	 -17.429441	 2.031057
1	 3	 4	 5	 -15.604794	 2.814970
1	 3	 4	 6	 -12.571700	 0.052187
1	 3	 5	 1	 -12.244122	 2.340177
1	 3	 5	 2	 -11.733669	 2.188355
1	 3	 5	 3	 -26.740545	 9.377655
1	 3	 5	 4	 -11.952422	 2.417047
1	 3	 5	 5	 -43.402100	 26.434039
1	 3	 5	 6	 -20.728961	 8.555921
1	 3	 6	 1	 -15.267919	 4.825848
1	 3	 6	 2	 -20.956702	 11.807627
1	 3	 6	 3	 -13.153229	 4.085770
1	 3	 6	 4	 -12.837565	 4.880198
1	 3	 6	 5	 -18.168483	 22.231068
1	 3	 6	 6	 -51.981253	 65.792676
1	 3	 7	 1	 -12.703800	 0.053604
1	 3	 7	 2	 -12.444200	 0.317304
1	 3	 7	 3	 -16.922000	 0.710913
1	 3	 7	 4	 -18.128100	 0.994972
1	 3	 7	 5	 -16.717000	 1.749730
1	 3	 7	 6	 -19.695700	 3.606850
1	 4	 1	 1	 -23.096800	 14.528700
1	 4	 1	 2	 -17.342263	 4.484337
1	 4	 1	 3	 -14.753700	 0.051202
1	 4	 1	 4	 -18.606799	 3.490049
1	 4	 1	 5	 -14.147806	 1.825151
1	 4	 1	 6	 -14.659200	 0.028198
1	 4	 2	 1	 -15.947700	 0.025591
1	 4	 2	 2	 -23.021552	 3.305678
1	 4	 2	 3	 -15.420900	 0.026461
1	 4	 2	 4	 -18.420340	 2.187477
1	 4	 2	 5	 -16.178008	 3.119708
1	 4	 2	 6	 -19.447173	 3.401514
1	 4	 3	 1	 -15.004100	 0.031482
1	 4	 3	 2	 -19.740058	 4.245060
1	 4	 3	 3	 -21.600507	 2.265829
1	 4	 3	 4	 -15.554200	 0.036175
1	 4	 3	 5	 -21.977372	 2.284176
1	 4	 3	 6	 -14.725816	 2.479442
1	 4	 4	 1	 -15.447500	 0.039475
1	 4	 4	 2	 -20.430978	 3.092907
1	 4	 4	 3	 -15.736400	 0.046094
1	 4	 4	 4	 -27.921595	 3.825306
1	 4	 4	 5	 -26.993249	 5.803797
1	 4	 4	 6	 -20.550414	 3.819419
1	 4	 5	 1	 -20.287172	 3.218327
1	 4	 5	 2	 -26.793407	 7.247565
1	 4	 5	 3	 -23.552298	 4.495538
1	 4	 5	 4	 -17.875966	 4.156808
1	 4	 5	 5	 -22.600417	 3.307257
1	 4	 5	 6	 -20.047737	 6.752175
1	 4	 6	 1	 -21.209293	 7.421480
1	 4	 6	 2	 -49.886790	 26.476901
1	 4	 6	 3	 -20.110460	 8.714725
1	 4	 6	 4	 -12.856638	 5.125513
1	 4	 6	 5	 -24.597738	 8.086302
1	 4	 6	 6	 -17.283300	 0.125591
1	 4	 7	 1	 -14.812600	 0.180590
1	 4	 7	 2	 -16.966200	 0.683434
1	 4	 7	 3	 -18.565400	 0.902941
1	 4	 7	 4	 -22.076800	 1.971960
1	 4	 7	 5	 -7.687400	 99.887500
1	 4	 7	 6	 -19.844500	 2.748620
1	 5	 1	 1	 11.099560	 5.943560
1	 5	 1	 2	 32.150574	 8.346263
1	 5	 1	 3	 34.493297	 10.528667
1	 5	 1	 4	 28.817968	 6.386510
1	 5	 1	 5	 33.165173	 7.557073
1	 5	 1	 6	 19.470632	 9.711637
1	 5	 2	 1	 26.561440	 12.482710
1	 5	 2	 2	 29.725269	 8.835974
1	 5	 2	 3	 17.915334	 15.237841
1	 5	 2	 4	 26.854923	 9.055595
1	 5	 2	 5	 18.027818	 10.851435
1	 5	 2	 6	 17.323069	 8.478665
1	 5	 3	 1	 27.875505	 8.311066
1	 5	 3	 2	 32.639034	 7.671793
1	 5	 3	 3	 20.105435	 10.205072
1	 5	 3	 4	 23.022871	 9.139188
1	 5	 3	 5	 34.435400	 0.046823
1	 5	 3	 6	 36.836069	 6.646614
1	 5	 4	 1	 20.529920	 7.958413
1	 5	 4	 2	 32.415659	 10.235577
1	 5	 4	 3	 12.239971	 11.699272
1	 5	 4	 4	 24.651312	 9.691503
1	 5	 4	 5	 28.817425	 8.678259
1	 5	 4	 6	 37.451237	 10.004222
1	 5	 5	 1	 28.221254	 5.998924
1	 5	 5	 2	 32.580295	 9.293250
1	 5	 5	 3	 26.889882	 8.237520
1	 5	 5	 4	 28.617054	 11.433899
1	 5	 5	 5	 37.510151	 9.706862
1	 5	 5	 6	 36.861565	 14.491324
1	 5	 6	 1	 22.485207	 12.680543
1	 5	 6	 2	 36.816898	 12.364673
1	 5	 6	 3	 29.224000	 19.635852
1	 5	 6	 4	 38.400960	 25.083827
1	 5	 6	 5	 26.221600	 0.743962
1	 5	 6	 6	 26.307700	 2.615300
1	 5	 7	 1	 9.229777	 24.986418
1	 5	 7	 2	 26.473500	 1.433250
1	 5	 7	 3	 22.810800	 1.953950
1	 5	 7	 4	 399.182030	 1127.334070
1	 5	 7	 5	 45.642200	 0.866746
1	 5	 7	 6	 49.175900	 13.204500
1	 6	 1	 1	 30.370354	 10.638792
1	 6	 1	 2	 24.707344	 6.489056
1	 6	 1	 3	 25.043186	 7.593581
1	 6	 1	 4	 22.408163	 8.213752
1	 6	 1	 5	 28.440628	 5.207467
1	 6	 1	 6	 25.106668	 5.406903
1	 6	 2	 1	 23.487981	 5.741317
1	 6	 2	 2	 18.965157	 6.432479
1	 6	 2	 3	 13.436495	 6.385523
1	 6	 2	 4	 22.649378	 8.026625
1	 6	 2	 5	 19.706415	 8.224871
1	 6	 2	 6	 19.704664	 8.013028
1	 6	 3	 1	 25.179147	 5.777641
1	 6	 3	 2	 20.401508	 6.788366
1	 6	 3	 3	 21.843816	 5.838989
1	 6	 3	 4	 24.585381	 6.498571
1	 6	 3	 5	 28.512000	 0.047699
1	 6	 3	 6	 11.188775	 9.043472
1	 6	 4	 1	 19.354419	 6.507420
1	 6	 4	 2	 26.143120	 6.736191
1	 6	 4	 3	 25.193609	 6.685896
1	 6	 4	 4	 22.297749	 7.215038
1	 6	 4	 5	 23.274308	 7.711977
1	 6	 4	 6	 16.836753	 6.737801
1	 6	 5	 1	 20.841279	 12.231350
1	 6	 5	 2	 30.078190	 10.244066
1	 6	 5	 3	 26.248172	 11.627749
1	 6	 5	 4	 22.336900	 7.916125
1	 6	 5	 5	 22.744786	 13.052608
1	 6	 5	 6	 11.126786	 10.632039
1	 6	 6	 1	 30.034311	 9.511232
1	 6	 6	 2	 23.450700	 0.424999
1	 6	 6	 3	 22.405443	 13.535689
1	 6	 6	 4	 24.794100	 0.566717
1	 6	 6	 5	 21.225966	 14.280069
1	 6	 6	 6	 24.722883	 21.743656
1	 6	 7	 1	 30.206617	 44.936940
1	 6	 7	 2	 51.133333	 22.474174
1	 6	 7	 3	 44.014007	 30.325333
1	 6	 7	 4	 1.882599	 70.974939
1	 6	 7	 5	 33.135700	 3.214290
1	 6	 7	 6	 33.715000	 5.225000
2	 1	 1	 1	 12.852129	 5.584194
2	 1	 1	 2	 14.630288	 4.300347
2	 1	 1	 3	 3.202377	 5.589947
2	 1	 1	 4	 6.682790	 4.408926
2	 1	 1	 5	 13.455251	 3.207553
2	 1	 1	 6	 12.919361	 3.374982
2	 1	 2	 1	 12.959539	 3.126778
2	 1	 2	 2	 12.796266	 2.021936
2	 1	 2	 3	 11.889890	 2.711372
2	 1	 2	 4	 12.125949	 3.585138
2	 1	 2	 5	 12.988574	 3.449259
2	 1	 2	 6	 12.781433	 3.904045
2	 1	 3	 1	 12.090686	 3.730469
2	 1	 3	 2	 12.670197	 4.584692
2	 1	 3	 3	 8.807403	 4.268946
2	 1	 3	 4	 9.930349	 2.970107
2	 1	 3	 5	 12.486861	 3.008565
2	 1	 3	 6	 11.644202	 5.037767
2	 1	 4	 1	 12.689073	 3.524039
2	 1	 4	 2	 11.615686	 6.778576
2	 1	 4	 3	 13.365886	 3.498628
2	 1	 4	 4	 14.258408	 3.345078
2	 1	 4	 5	 11.824302	 3.255895
2	 1	 4	 6	 10.450350	 3.799640
2	 1	 5	 1	 15.459498	 4.728272
2	 1	 5	 2	 13.257092	 4.375374
2	 1	 5	 3	 13.247119	 3.419241
2	 1	 5	 4	 10.980803	 6.622893
2	 1	 5	 5	 15.966013	 8.066596
2	 1	 5	 6	 6.605178	 5.121494
2	 1	 6	 1	 14.156577	 5.824284
2	 1	 6	 2	 17.222457	 7.137882
2	 1	 6	 3	 13.833333	 8.581019
2	 1	 6	 4	 12.824183	 11.789501
2	 1	 6	 5	 10.568889	 15.105795
2	 1	 6	 6	 8.781194	 8.760024
2	 1	 7	 1	 3.712655	 19.033630
2	 1	 7	 2	 11.188402	 13.201927
2	 1	 7	 3	 14.749500	 0.166562
2	 1	 7	 4	 -199.913042	 455.686489
2	 1	 7	 5	 13.776000	 0.222250
2	 1	 7	 6	 17.536100	 0.193318
2	 2	 1	 1	 14.168483	 9.934240
2	 2	 1	 2	 15.075556	 9.894152
2	 2	 1	 3	 15.757132	 4.568477
2	 2	 1	 4	 12.100412	 6.333776
2	 2	 1	 5	 16.882848	 4.025394
2	 2	 1	 6	 14.665254	 4.699014
2	 2	 2	 1	 21.331816	 3.883851
2	 2	 2	 2	 18.659984	 3.431561
2	 2	 2	 3	 19.232891	 4.077830
2	 2	 2	 4	 17.012471	 3.710203
2	 2	 2	 5	 13.981958	 2.518962
2	 2	 2	 6	 16.004443	 3.886607
2	 2	 3	 1	 11.249500	 2.790461
2	 2	 3	 2	 14.474727	 3.230797
2	 2	 3	 3	 12.415075	 3.509375
2	 2	 3	 4	 12.713086	 2.915579
2	 2	 3	 5	 10.567863	 2.994656
2	 2	 3	 6	 12.572562	 4.786837
2	 2	 4	 1	 14.295128	 3.792734
2	 2	 4	 2	 12.077209	 4.309979
2	 2	 4	 3	 13.271496	 3.370381
2	 2	 4	 4	 13.926918	 5.314338
2	 2	 4	 5	 15.811972	 3.942608
2	 2	 4	 6	 16.720971	 4.179709
2	 2	 5	 1	 9.897102	 5.127702
2	 2	 5	 2	 6.166825	 4.179679
2	 2	 5	 3	 3.659181	 4.757845
2	 2	 5	 4	 -14.490963	 17.176745
2	 2	 5	 5	 10.915528	 6.584819
2	 2	 5	 6	 9.535534	 6.436460
2	 2	 6	 1	 15.510875	 5.338901
2	 2	 6	 2	 15.305192	 6.149083
2	 2	 6	 3	 8.385338	 12.812620
2	 2	 6	 4	 -28.333021	 18.599495
2	 2	 6	 5	 -16.061348	 11.136305
2	 2	 6	 6	 16.218555	 8.529056
2	 2	 7	 1	 12.822491	 9.402038
2	 2	 7	 2	 16.913800	 0.690234
2	 2	 7	 3	 19.617600	 0.313706
2	 2	 7	 4	 -0.707683	 15.624966
2	 2	 7	 5	 16.934237	 18.627028
2	 2	 7	 6	 17.451400	 0.249777
2	 3	 1	 1	 31.829200	 2.363320
2	 3	 1	 2	 25.731800	 0.082556
2	 3	 1	 3	 21.701994	 12.831949
2	 3	 1	 4	 14.093321	 8.377315
2	 3	 1	 5	 18.397056	 5.938372
2	 3	 1	 6	 11.398715	 5.863538
2	 3	 2	 1	 18.590369	 4.176010
2	 3	 2	 2	 17.299953	 4.505070
2	 3	 2	 3	 15.938441	 4.580396
2	 3	 2	 4	 12.760660	 9.455790
2	 3	 2	 5	 15.884346	 8.313357
2	 3	 2	 6	 15.528484	 8.785677
2	 3	 3	 1	 4.953025	 8.950258
2	 3	 3	 2	 14.396050	 6.279482
2	 3	 3	 3	 18.877531	 4.742653
2	 3	 3	 4	 7.002689	 6.590080
2	 3	 3	 5	 12.261608	 5.609762
2	 3	 3	 6	 16.461368	 6.613322
2	 3	 4	 1	 18.409049	 4.594399
2	 3	 4	 2	 17.478349	 4.887204
2	 3	 4	 3	 11.471465	 6.015060
2	 3	 4	 4	 13.198349	 5.304672
2	 3	 4	 5	 19.031931	 6.972913
2	 3	 4	 6	 17.139746	 5.941704
2	 3	 5	 1	 14.921035	 6.594211
2	 3	 5	 2	 16.514743	 6.636576
2	 3	 5	 3	 14.404045	 9.871091
2	 3	 5	 4	 18.090232	 7.920671
2	 3	 5	 5	 10.708314	 13.519452
2	 3	 5	 6	 18.929840	 8.993207
2	 3	 6	 1	 12.760072	 13.840095
2	 3	 6	 2	 22.984100	 0.123075
2	 3	 6	 3	 19.730800	 0.073256
2	 3	 6	 4	 -117.463031	 382.649460
2	 3	 6	 5	 21.167900	 0.230312
2	 3	 6	 6	 33.709701	 20.936181
2	 3	 7	 1	 -159.133339	 1080.961294
2	 3	 7	 2	 25.204832	 23.484943
2	 3	 7	 3	 17.941001	 16.974431
2	 3	 7	 4	 18.380600	 1.355320
2	 3	 7	 5	 22.383500	 9.533030
2	 3	 7	 6	 20.814300	 2.710580
2	 4	 1	 1	 35.974500	 6.497670
2	 4	 1	 2	 13.812713	 21.239044
2	 4	 1	 3	 17.020075	 8.193497
2	 4	 1	 4	 19.231372	 6.462201
2	 4	 1	 5	 19.124763	 7.579804
2	 4	 1	 6	 20.883600	 0.030044
2	 4	 2	 1	 21.039743	 6.082097
2	 4	 2	 2	 17.006234	 9.746161
2	 4	 2	 3	 19.552298	 6.978022
2	 4	 2	 4	 7.948867	 9.778218
2	 4	 2	 5	 16.403917	 8.746067
2	 4	 2	 6	 9.505439	 8.643834
2	 4	 3	 1	 3.663997	 12.772173
2	 4	 3	 2	 7.239736	 8.086070
2	 4	 3	 3	 6.631415	 6.787298
2	 4	 3	 4	 19.108674	 8.382830
2	 4	 3	 5	 12.130991	 8.564950
2	 4	 3	 6	 15.082927	 5.006468
2	 4	 4	 1	 14.902344	 5.667992
2	 4	 4	 2	 17.589789	 4.941769
2	 4	 4	 3	 6.943744	 7.374098
2	 4	 4	 4	 15.578551	 4.883692
2	 4	 4	 5	 21.504400	 8.848400
2	 4	 4	 6	 15.131279	 5.491533
2	 4	 5	 1	 10.598537	 5.353410
2	 4	 5	 2	 16.310596	 6.978183
2	 4	 5	 3	 16.544400	 1.042820
2	 4	 5	 4	 8.767349	 8.927912
2	 4	 5	 5	 14.799027	 23.530750
2	 4	 5	 6	 13.802663	 11.419947
2	 4	 6	 1	 10.493283	 9.840640
2	 4	 6	 2	 15.368954	 9.320085
2	 4	 6	 3	 -1.686122	 42.152214
2	 4	 6	 4	 11.680553	 26.915675
2	 4	 6	 5	 6.096982	 16.052710
2	 4	 6	 6	 9.885287	 14.621347
2	 4	 7	 1	 26.085000	 2.804000
2	 4	 7	 2	 17.592700	 0.767783
2	 4	 7	 3	 16.628700	 0.981205
2	 4	 7	 4	 15.837400	 1.266970
2	 4	 7	 5	 17.180100	 1.997930
2	 4	 7	 6	 28.007000	 21.482100
2	 5	 1	 1	 19.187000	 1.543640
2	 5	 1	 2	 24.114959	 7.964932
2	 5	 1	 3	 28.705775	 8.416767
2	 5	 1	 4	 26.063499	 6.749387
2	 5	 1	 5	 26.416970	 6.729051
2	 5	 1	 6	 26.777623	 6.956330
2	 5	 2	 1	 19.437739	 11.138272
2	 5	 2	 2	 25.509601	 7.333906
2	 5	 2	 3	 17.112469	 7.407510
2	 5	 2	 4	 27.057329	 5.756057
2	 5	 2	 5	 32.806145	 9.406097
2	 5	 2	 6	 24.422158	 10.370560
2	 5	 3	 1	 34.923029	 7.142016
2	 5	 3	 2	 25.033574	 9.233463
2	 5	 3	 3	 28.290627	 6.672045
2	 5	 3	 4	 35.017900	 0.043544
2	 5	 3	 5	 35.703500	 0.052403
2	 5	 3	 6	 36.823000	 0.058558
2	 5	 4	 1	 23.916155	 10.225902
2	 5	 4	 2	 29.080846	 8.622636
2	 5	 4	 3	 28.670402	 6.703524
2	 5	 4	 4	 27.903714	 6.197684
2	 5	 4	 5	 25.094411	 10.144273
2	 5	 4	 6	 23.467138	 10.818554
2	 5	 5	 1	 26.420101	 7.658992
2	 5	 5	 2	 24.249307	 12.069654
2	 5	 5	 3	 24.323527	 12.190895
2	 5	 5	 4	 33.151313	 11.854686
2	 5	 5	 5	 37.623121	 15.107759
2	 5	 5	 6	 20.937014	 9.794168
2	 5	 6	 1	 23.948084	 12.602821
2	 5	 6	 2	 31.398388	 16.595333
2	 5	 6	 3	 31.006412	 23.846356
2	 5	 6	 4	 3.676201	 37.705876
2	 5	 6	 5	 22.693600	 0.965394
2	 5	 6	 6	 -3.968307	 47.648997
2	 5	 7	 1	 34.154556	 54.469984
2	 5	 7	 2	 18.862900	 1.639410
2	 5	 7	 3	 -122.254715	 250.559685
2	 5	 7	 4	 -27.650168	 11.141410
2	 5	 7	 5	 29.057300	 283.133000
2	 5	 7	 6	 34.971000	 4.388000
2	 6	 1	 1	 26.134411	 7.287378
2	 6	 1	 2	 21.262703	 6.753973
2	 6	 1	 3	 22.265272	 7.744230
2	 6	 1	 4	 24.626699	 8.077295
2	 6	 1	 5	 20.209195	 5.764287
2	 6	 1	 6	 27.825318	 9.095288
2	 6	 2	 1	 28.373500	 0.026153
2	 6	 2	 2	 31.099903	 13.393531
2	 6	 2	 3	 22.908340	 8.633629
2	 6	 2	 4	 24.402380	 9.589945
2	 6	 2	 5	 26.557403	 7.950699
2	 6	 2	 6	 34.303191	 7.239990
2	 6	 3	 1	 22.455155	 6.641521
2	 6	 3	 2	 24.867070	 9.554796
2	 6	 3	 3	 22.375782	 5.593358
2	 6	 3	 4	 18.265895	 8.211925
2	 6	 3	 5	 20.191233	 8.310171
2	 6	 3	 6	 32.842000	 0.056641
2	 6	 4	 1	 27.080717	 6.940789
2	 6	 4	 2	 16.677947	 8.458634
2	 6	 4	 3	 12.537177	 6.248390
2	 6	 4	 4	 19.244760	 8.504153
2	 6	 4	 5	 18.582912	 8.831631
2	 6	 4	 6	 19.271094	 8.859606
2	 6	 5	 1	 15.895661	 7.369470
2	 6	 5	 2	 18.905580	 7.536116
2	 6	 5	 3	 20.998483	 9.904703
2	 6	 5	 4	 24.769264	 9.033167
2	 6	 5	 5	 23.315798	 11.546728
2	 6	 5	 6	 15.565065	 8.434560
2	 6	 6	 1	 27.264414	 10.838993
2	 6	 6	 2	 16.682200	 0.453162
2	 6	 6	 3	 5.033217	 31.688351
2	 6	 6	 4	 11.994372	 27.922260
2	 6	 6	 5	 22.369475	 14.486421
2	 6	 6	 6	 16.919119	 18.109463
2	 6	 7	 1	 14.308940	 1.393920
2	 6	 7	 2	 24.764967	 19.914763
2	 6	 7	 3	 -5.003336	 52.588037
2	 6	 7	 4	 25.656600	 1.712620
2	 6	 7	 5	 47.627300	 1.549530
2	 6	 7	 6	 30.697600	 4.021000
3	 1	 1	 1	 41.853515	 9.628935
3	 1	 1	 2	 42.900462	 8.199062
3	 1	 1	 3	 40.779733	 10.925744
3	 1	 1	 4	 40.106575	 7.463736
3	 1	 1	 5	 37.567967	 6.324304
3	 1	 1	 6	 42.389574	 5.908492
3	 1	 2	 1	 41.033600	 6.283984
3	 1	 2	 2	 44.418605	 9.530350
3	 1	 2	 3	 42.625900	 0.016384
3	 1	 2	 4	 41.585722	 9.132822
3	 1	 2	 5	 42.873794	 6.231774
3	 1	 2	 6	 39.051762	 8.420868
3	 1	 3	 1	 38.138540	 5.136349
3	 1	 3	 2	 40.167085	 5.744059
3	 1	 3	 3	 43.064842	 6.165876
3	 1	 3	 4	 42.202248	 6.730833
3	 1	 3	 5	 37.655849	 5.667866
3	 1	 3	 6	 39.686933	 6.650306
3	 1	 4	 1	 43.268431	 6.756294
3	 1	 4	 2	 42.963014	 7.604215
3	 1	 4	 3	 40.362100	 0.020725
3	 1	 4	 4	 40.925330	 10.186972
3	 1	 4	 5	 41.793507	 8.385775
3	 1	 4	 6	 36.434678	 14.995745
3	 1	 5	 1	 38.137873	 9.120499
3	 1	 5	 2	 41.141724	 13.653219
3	 1	 5	 3	 37.768039	 7.685804
3	 1	 5	 4	 42.912281	 13.397809
3	 1	 5	 5	 32.470699	 17.232369
3	 1	 5	 6	 45.687500	 0.636391
3	 1	 6	 1	 37.052778	 17.574673
3	 1	 6	 2	 43.057229	 13.074546
3	 1	 6	 3	 43.624982	 13.323195
3	 1	 6	 4	 39.382260	 20.241686
3	 1	 6	 5	 44.696296	 24.616329
3	 1	 6	 6	 44.833300	 0.087696
3	 1	 7	 1	 41.671925	 23.292742
3	 1	 7	 2	 38.148149	 40.754556
3	 1	 7	 3	 35.281100	 34.510928
3	 1	 7	 4	 45.148800	 0.122981
3	 1	 7	 5	 44.935000	 0.161231
3	 1	 7	 6	 44.213500	 0.176222
3	 2	 1	 1	 47.878261	 23.379726
3	 2	 1	 2	 45.852292	 12.296046
3	 2	 1	 3	 43.562276	 9.444096
3	 2	 1	 4	 42.882583	 8.495883
3	 2	 1	 5	 43.501821	 7.935123
3	 2	 1	 6	 45.733218	 7.233045
3	 2	 2	 1	 44.905070	 7.092507
3	 2	 2	 2	 42.158216	 10.676017
3	 2	 2	 3	 43.830453	 7.676621
3	 2	 2	 4	 41.897305	 9.067431
3	 2	 2	 5	 44.437207	 7.848699
3	 2	 2	 6	 44.170424	 6.234228
3	 2	 3	 1	 43.294035	 8.676324
3	 2	 3	 2	 41.501947	 7.595630
3	 2	 3	 3	 36.916342	 6.280450
3	 2	 3	 4	 42.664883	 9.384748
3	 2	 3	 5	 42.811439	 9.023368
3	 2	 3	 6	 45.081200	 0.025228
3	 2	 4	 1	 40.169843	 6.788174
3	 2	 4	 2	 39.621269	 7.438454
3	 2	 4	 3	 38.279269	 6.535475
3	 2	 4	 4	 36.805874	 7.565183
3	 2	 4	 5	 38.974748	 6.725699
3	 2	 4	 6	 41.956115	 7.328926
3	 2	 5	 1	 41.478193	 7.444434
3	 2	 5	 2	 41.654508	 13.442109
3	 2	 5	 3	 35.747003	 13.887987
3	 2	 5	 4	 34.193054	 14.880471
3	 2	 5	 5	 39.809917	 8.304160
3	 2	 5	 6	 39.401842	 11.487499
3	 2	 6	 1	 40.980392	 14.005905
3	 2	 6	 2	 39.674787	 13.776670
3	 2	 6	 3	 36.539993	 25.025633
3	 2	 6	 4	 29.689269	 22.637723
3	 2	 6	 5	 37.220086	 11.966644
3	 2	 6	 6	 35.975956	 31.408151
3	 2	 7	 1	 44.238400	 0.103410
3	 2	 7	 2	 45.308278	 34.271276
3	 2	 7	 3	 37.912971	 15.280371
3	 2	 7	 4	 -66.933993	 151.323262
3	 2	 7	 5	 44.312100	 0.261522
3	 2	 7	 6	 45.856700	 0.243205
3	 3	 1	 1	 48.433000	 2.420030
3	 3	 1	 2	 43.183000	 0.094106
3	 3	 1	 3	 42.014000	 0.048930
3	 3	 1	 4	 42.976300	 0.036665
3	 3	 1	 5	 40.784784	 11.603452
3	 3	 1	 6	 39.095275	 14.802950
3	 3	 2	 1	 33.128248	 27.850647
3	 3	 2	 2	 42.467287	 11.894872
3	 3	 2	 3	 43.526706	 10.418371
3	 3	 2	 4	 40.762765	 15.451177
3	 3	 2	 5	 40.920377	 26.897330
3	 3	 2	 6	 48.155000	 0.032913
3	 3	 3	 1	 40.793832	 9.395970
3	 3	 3	 2	 36.581145	 16.377428
3	 3	 3	 3	 32.672169	 14.073601
3	 3	 3	 4	 36.388026	 10.112059
3	 3	 3	 5	 24.234158	 25.833480
3	 3	 3	 6	 47.714900	 0.041728
3	 3	 4	 1	 38.854610	 10.460830
3	 3	 4	 2	 43.210443	 9.626494
3	 3	 4	 3	 43.145028	 9.856840
3	 3	 4	 4	 -8.365142	 46.510239
3	 3	 4	 5	 38.709204	 8.317548
3	 3	 4	 6	 41.383653	 10.214161
3	 3	 5	 1	 37.718043	 14.853124
3	 3	 5	 2	 35.100301	 11.544011
3	 3	 5	 3	 38.126033	 11.361452
3	 3	 5	 4	 40.422659	 18.794688
3	 3	 5	 5	 52.936142	 18.934929
3	 3	 5	 6	 54.739314	 24.945871
3	 3	 6	 1	 -156.886769	 551.023019
3	 3	 6	 2	 41.271415	 28.489618
3	 3	 6	 3	 43.899763	 28.627040
3	 3	 6	 4	 23.872141	 23.554316
3	 3	 6	 5	 27.644276	 47.245235
3	 3	 6	 6	 44.041600	 0.404038
3	 3	 7	 1	 8.432710	 25.222220
3	 3	 7	 2	 12.536180	 96.808600
3	 3	 7	 3	 30.311308	 72.215497
3	 3	 7	 4	 41.945800	 1.415060
3	 3	 7	 5	 41.815400	 1.746690
3	 3	 7	 6	 45.038200	 18.623600
3	 4	 1	 1	 56.028500	 5.662000
3	 4	 1	 2	 44.484700	 0.137028
3	 4	 1	 3	 45.363500	 0.051981
3	 4	 1	 4	 35.013231	 19.278980
3	 4	 1	 5	 45.599200	 0.032020
3	 4	 1	 6	 40.797776	 17.277381
3	 4	 2	 1	 39.751243	 11.848513
3	 4	 2	 2	 42.255304	 10.328257
3	 4	 2	 3	 44.366436	 8.792169
3	 4	 2	 4	 48.843198	 11.181144
3	 4	 2	 5	 46.938135	 11.854876
3	 4	 2	 6	 39.401191	 11.553217
3	 4	 3	 1	 41.526464	 9.336198
3	 4	 3	 2	 42.688392	 9.351448
3	 4	 3	 3	 40.032659	 13.671139
3	 4	 3	 4	 36.783819	 8.969754
3	 4	 3	 5	 39.367296	 8.305366
3	 4	 3	 6	 37.656860	 9.441780
3	 4	 4	 1	 44.130769	 9.789674
3	 4	 4	 2	 44.150504	 16.760035
3	 4	 4	 3	 45.150706	 10.679013
3	 4	 4	 4	 36.336167	 12.183022
3	 4	 4	 5	 46.672650	 12.344418
3	 4	 4	 6	 34.382921	 23.584560
3	 4	 5	 1	 44.243423	 12.589454
3	 4	 5	 2	 37.127861	 12.102381
3	 4	 5	 3	 47.076153	 15.606752
3	 4	 5	 4	 48.640063	 21.210011
3	 4	 5	 5	 38.938181	 23.868978
3	 4	 5	 6	 47.483800	 0.275834
3	 4	 6	 1	 49.801834	 34.690098
3	 4	 6	 2	 54.178980	 24.599334
3	 4	 6	 3	 57.132797	 32.998442
3	 4	 6	 4	 49.302626	 36.679896
3	 4	 6	 5	 59.202314	 31.496226
3	 4	 6	 6	 43.665557	 41.057773
3	 4	 7	 1	 48.652500	 0.544026
3	 4	 7	 2	 42.050035	 37.733222
3	 4	 7	 3	 42.606400	 0.987559
3	 4	 7	 4	 -20.422657	 182.236011
3	 4	 7	 5	 44.267900	 1.866040
3	 4	 7	 6	 49.035500	 2.295420
3	 5	 1	 1	 67.949045	 25.751505
3	 5	 1	 2	 68.082677	 19.015482
3	 5	 1	 3	 74.075813	 17.686723
3	 5	 1	 4	 72.554684	 24.977976
3	 5	 1	 5	 76.500000	 0.039983
3	 5	 1	 6	 67.793456	 19.360812
3	 5	 2	 1	 74.967895	 15.307653
3	 5	 2	 2	 63.928959	 20.009568
3	 5	 2	 3	 70.667454	 16.723925
3	 5	 2	 4	 70.365475	 12.518861
3	 5	 2	 5	 70.480595	 17.609383
3	 5	 2	 6	 73.294152	 15.698690
3	 5	 3	 1	 67.001608	 13.595193
3	 5	 3	 2	 68.351867	 17.322205
3	 5	 3	 3	 76.073600	 0.039707
3	 5	 3	 4	 68.094158	 13.019079
3	 5	 3	 5	 68.081056	 13.087194
3	 5	 3	 6	 76.214649	 14.744210
3	 5	 4	 1	 64.550829	 18.243154
3	 5	 4	 2	 64.714005	 18.654202
3	 5	 4	 3	 77.310000	 0.075912
3	 5	 4	 4	 60.196319	 15.615842
3	 5	 4	 5	 72.678089	 17.217369
3	 5	 4	 6	 75.268600	 15.566735
3	 5	 5	 1	 62.656432	 13.479160
3	 5	 5	 2	 61.262400	 0.130261
3	 5	 5	 3	 61.670073	 17.642636
3	 5	 5	 4	 61.760600	 0.246662
3	 5	 5	 5	 42.996525	 37.167380
3	 5	 5	 6	 53.342962	 12.757154
3	 5	 6	 1	 70.000866	 21.151487
3	 5	 6	 2	 56.193888	 26.917246
3	 5	 6	 3	 65.317902	 21.158859
3	 5	 6	 4	 54.958244	 37.066864
3	 5	 6	 5	 68.838999	 63.697138
3	 5	 6	 6	 44.807415	 91.860322
3	 5	 7	 1	 50.915500	 1.783270
3	 5	 7	 2	 43.357511	 39.631077
3	 5	 7	 3	 54.873500	 1.733850
3	 5	 7	 4	 52.527747	 83.961691
3	 5	 7	 5	 65.830800	 12.885000
3	 5	 7	 6	 65.830800	 12.885000
3	 6	 1	 1	 67.288657	 33.747481
3	 6	 1	 2	 51.802961	 24.535114
3	 6	 1	 3	 64.932324	 20.339607
3	 6	 1	 4	 76.495455	 18.507758
3	 6	 1	 5	 77.662713	 15.922464
3	 6	 1	 6	 81.466271	 19.027083
3	 6	 2	 1	 72.526965	 12.166440
3	 6	 2	 2	 72.385865	 16.524846
3	 6	 2	 3	 56.897476	 18.340390
3	 6	 2	 4	 66.313045	 16.973845
3	 6	 2	 5	 72.541683	 14.436258
3	 6	 2	 6	 64.583079	 16.751529
3	 6	 3	 1	 68.454123	 27.370802
3	 6	 3	 2	 65.257540	 12.316573
3	 6	 3	 3	 61.520908	 15.378207
3	 6	 3	 4	 66.680214	 11.462257
3	 6	 3	 5	 71.375774	 15.983302
3	 6	 3	 6	 59.403638	 21.632385
3	 6	 4	 1	 65.849127	 12.346632
3	 6	 4	 2	 52.673096	 17.501827
3	 6	 4	 3	 75.676495	 14.584896
3	 6	 4	 4	 63.302607	 10.300696
3	 6	 4	 5	 68.233680	 12.728089
3	 6	 4	 6	 59.106658	 23.123831
3	 6	 5	 1	 52.285148	 13.622083
3	 6	 5	 2	 62.119953	 18.138062
3	 6	 5	 3	 49.918965	 18.700653
3	 6	 5	 4	 54.913408	 18.611788
3	 6	 5	 5	 58.532681	 16.140718
3	 6	 5	 6	 63.987459	 14.031846
3	 6	 6	 1	 61.872862	 22.389750
3	 6	 6	 2	 62.840877	 19.183485
3	 6	 6	 3	 65.616748	 27.645657
3	 6	 6	 4	 58.603340	 23.015164
3	 6	 6	 5	 39.177045	 27.888632
3	 6	 6	 6	 52.178900	 1.251850
3	 6	 7	 1	 49.931900	 1.271970
3	 6	 7	 2	 68.192473	 33.446444
3	 6	 7	 3	 49.435582	 25.871347
3	 6	 7	 4	 68.266143	 50.833275
3	 6	 7	 5	 65.278500	 2.188620
3	 6	 7	 6	 63.745200	 10.619000
4	 1	 1	 1	 2.289258	 3.014872
4	 1	 1	 2	 8.533300	 2.209440
4	 1	 1	 3	 7.226667	 2.796654
4	 1	 1	 4	 6.027706	 2.690950
4	 1	 1	 5	 6.234751	 1.906444
4	 1	 1	 6	 8.437899	 1.669831
4	 1	 2	 1	 8.770294	 2.121044
4	 1	 2	 2	 8.144979	 1.642725
4	 1	 2	 3	 9.799687	 1.987166
4	 1	 2	 4	 5.395711	 2.040577
4	 1	 2	 5	 6.758152	 1.951220
4	 1	 2	 6	 9.231643	 1.728790
4	 1	 3	 1	 6.864214	 1.961506
4	 1	 3	 2	 7.219087	 1.985777
4	 1	 3	 3	 5.907838	 2.077144
4	 1	 3	 4	 5.313504	 2.304435
4	 1	 3	 5	 6.156299	 2.144008
4	 1	 3	 6	 8.627556	 2.531059
4	 1	 4	 1	 10.084625	 3.693323
4	 1	 4	 2	 5.368192	 2.927777
4	 1	 4	 3	 2.040697	 4.573544
4	 1	 4	 4	 2.707317	 2.154034
4	 1	 4	 5	 4.439918	 2.135549
4	 1	 4	 6	 2.579566	 3.144823
4	 1	 5	 1	 4.410637	 2.513495
4	 1	 5	 2	 0.468202	 4.443099
4	 1	 5	 3	 4.085888	 3.899265
4	 1	 5	 4	 5.564462	 3.902770
4	 1	 5	 5	 3.049827	 4.565991
4	 1	 5	 6	 5.748590	 3.771474
4	 1	 6	 1	 10.057143	 4.116165
4	 1	 6	 2	 8.653968	 4.949822
4	 1	 6	 3	 4.125275	 3.280975
4	 1	 6	 4	 -1.067847	 10.633597
4	 1	 6	 5	 0.940643	 8.730637
4	 1	 6	 6	 1.549400	 5.727238
4	 1	 7	 1	 8.243260	 0.096403
4	 1	 7	 2	 5.600000	 8.438502
4	 1	 7	 3	 8.006472	 6.635549
4	 1	 7	 4	 6.900904	 16.246738
4	 1	 7	 5	 9.091650	 0.135373
4	 1	 7	 6	 9.207140	 0.238131
4	 2	 1	 1	 37.220908	 21.078782
4	 2	 1	 2	 35.712991	 5.909289
4	 2	 1	 3	 33.614524	 10.373169
4	 2	 1	 4	 34.693529	 5.909232
4	 2	 1	 5	 35.154055	 5.446276
4	 2	 1	 6	 34.078876	 4.812059
4	 2	 2	 1	 34.187014	 7.840958
4	 2	 2	 2	 48.115964	 5.949690
4	 2	 2	 3	 34.204313	 5.755800
4	 2	 2	 4	 31.709650	 7.046197
4	 2	 2	 5	 34.293209	 6.373405
4	 2	 2	 6	 33.613799	 5.227679
4	 2	 3	 1	 32.848710	 9.674206
4	 2	 3	 2	 33.507904	 6.303643
4	 2	 3	 3	 34.003893	 8.785104
4	 2	 3	 4	 31.569953	 4.649442
4	 2	 3	 5	 34.695635	 4.887962
4	 2	 3	 6	 33.233058	 9.788915
4	 2	 4	 1	 32.632851	 6.030643
4	 2	 4	 2	 31.537295	 5.186850
4	 2	 4	 3	 35.356295	 6.041046
4	 2	 4	 4	 32.173350	 6.715766
4	 2	 4	 5	 31.533301	 7.387075
4	 2	 4	 6	 35.626154	 9.262503
4	 2	 5	 1	 34.190638	 10.507360
4	 2	 5	 2	 34.001404	 5.877682
4	 2	 5	 3	 30.481979	 10.005331
4	 2	 5	 4	 33.759900	 0.039473
4	 2	 5	 5	 26.344303	 13.848392
4	 2	 5	 6	 29.546365	 7.236999
4	 2	 6	 1	 33.006007	 12.495253
4	 2	 6	 2	 34.359974	 9.910721
4	 2	 6	 3	 4.738160	 17.882993
4	 2	 6	 4	 34.935135	 16.214979
4	 2	 6	 5	 26.371413	 13.218653
4	 2	 6	 6	 27.378566	 25.163239
4	 2	 7	 1	 27.525465	 21.030954
4	 2	 7	 2	 19.053199	 16.730867
4	 2	 7	 3	 30.938300	 0.103276
4	 2	 7	 4	 42.752347	 45.863176
4	 2	 7	 5	 33.122100	 0.155404
4	 2	 7	 6	 32.369000	 0.167025
4	 3	 1	 1	 19.264800	 2.016820
4	 3	 1	 2	 15.354010	 17.449161
4	 3	 1	 3	 19.587347	 8.586741
4	 3	 1	 4	 15.135310	 5.813100
4	 3	 1	 5	 19.824452	 6.619951
4	 3	 1	 6	 17.660600	 0.033707
4	 3	 2	 1	 14.842286	 5.103372
4	 3	 2	 2	 13.824800	 0.025850
4	 3	 2	 3	 13.235079	 4.408563
4	 3	 2	 4	 5.128142	 7.398682
4	 3	 2	 5	 11.896832	 6.335646
4	 3	 2	 6	 15.560459	 7.934294
4	 3	 3	 1	 14.363736	 5.129133
4	 3	 3	 2	 5.458499	 5.605327
4	 3	 3	 3	 13.253297	 4.901087
4	 3	 3	 4	 12.301527	 5.356369
4	 3	 3	 5	 10.967709	 4.498997
4	 3	 3	 6	 7.254103	 4.925831
4	 3	 4	 1	 9.272398	 3.805231
4	 3	 4	 2	 -0.084416	 11.046315
4	 3	 4	 3	 3.317443	 5.147574
4	 3	 4	 4	 13.606998	 4.610066
4	 3	 4	 5	 11.372660	 8.732031
4	 3	 4	 6	 13.302676	 5.462974
4	 3	 5	 1	 0.356395	 10.258175
4	 3	 5	 2	 9.249246	 5.471036
4	 3	 5	 3	 8.900719	 6.905541
4	 3	 5	 4	 7.549271	 9.843759
4	 3	 5	 5	 11.620394	 6.170695
4	 3	 5	 6	 16.329687	 8.773769
4	 3	 6	 1	 10.996154	 8.964337
4	 3	 6	 2	 14.933456	 12.586678
4	 3	 6	 3	 11.938527	 13.732346
4	 3	 6	 4	 15.040300	 0.301173
4	 3	 6	 5	 11.046174	 15.501441
4	 3	 6	 6	 -52.280020	 176.361795
4	 3	 7	 1	 5.325914	 18.465402
4	 3	 7	 2	 14.661900	 0.351662
4	 3	 7	 3	 -186.081617	 642.369373
4	 3	 7	 4	 19.871100	 0.580228
4	 3	 7	 5	 10.211900	 1.837770
4	 3	 7	 6	 17.623900	 1.859180
4	 4	 1	 1	 17.378700	 5.969970
4	 4	 1	 2	 17.382700	 0.181820
4	 4	 1	 3	 9.681482	 11.064869
4	 4	 1	 4	 16.633600	 0.043296
4	 4	 1	 5	 12.825914	 5.806120
4	 4	 1	 6	 12.311111	 10.486733
4	 4	 2	 1	 14.870368	 6.596951
4	 4	 2	 2	 12.719107	 8.870611
4	 4	 2	 3	 -2.797386	 10.703093
4	 4	 2	 4	 16.839009	 7.078665
4	 4	 2	 5	 16.011064	 5.741164
4	 4	 2	 6	 17.974866	 4.914060
4	 4	 3	 1	 13.842628	 5.423230
4	 4	 3	 2	 6.520499	 5.340924
4	 4	 3	 3	 2.190450	 5.762085
4	 4	 3	 4	 8.964353	 6.380615
4	 4	 3	 5	 5.852075	 5.626267
4	 4	 3	 6	 6.227319	 5.476213
4	 4	 4	 1	 13.406496	 5.004474
4	 4	 4	 2	 9.029435	 5.868798
4	 4	 4	 3	 7.451364	 5.537865
4	 4	 4	 4	 7.738176	 4.677330
4	 4	 4	 5	 13.480676	 6.317309
4	 4	 4	 6	 15.716540	 5.208094
4	 4	 5	 1	 9.054580	 6.407091
4	 4	 5	 2	 7.826450	 7.750640
4	 4	 5	 3	 9.552437	 7.909872
4	 4	 5	 4	 11.219037	 7.579359
4	 4	 5	 5	 22.917756	 8.882505
4	 4	 5	 6	 12.044498	 8.704698
4	 4	 6	 1	 -22.580645	 31.915122
4	 4	 6	 2	 4.951347	 30.600079
4	 4	 6	 3	 13.320412	 15.906137
4	 4	 6	 4	 12.762512	 15.343001
4	 4	 6	 5	 -93.584673	 265.750053
4	 4	 6	 6	 10.897229	 33.086594
4	 4	 7	 1	 32.857978	 29.908927
4	 4	 7	 2	 5.235130	 14.862006
4	 4	 7	 3	 12.207540	 1.094060
4	 4	 7	 4	 20.607600	 3.539000
4	 4	 7	 5	 11.449980	 1.744610
4	 4	 7	 6	 10.206290	 4.105340
4	 5	 1	 1	 53.236434	 19.373926
4	 5	 1	 2	 46.941860	 12.220431
4	 5	 1	 3	 44.244849	 13.105107
4	 5	 1	 4	 49.205559	 8.358653
4	 5	 1	 5	 50.839017	 10.056176
4	 5	 1	 6	 50.848290	 10.007066
4	 5	 2	 1	 29.443246	 18.735925
4	 5	 2	 2	 42.378409	 22.681377
4	 5	 2	 3	 51.038668	 10.818693
4	 5	 2	 4	 57.050900	 0.013711
4	 5	 2	 5	 45.191687	 15.436659
4	 5	 2	 6	 53.803524	 17.880883
4	 5	 3	 1	 52.749614	 17.251099
4	 5	 3	 2	 46.941853	 14.335882
4	 5	 3	 3	 52.704971	 11.484465
4	 5	 3	 4	 49.442254	 7.931767
4	 5	 3	 5	 43.530066	 14.251231
4	 5	 3	 6	 53.038642	 12.480112
4	 5	 4	 1	 54.304319	 12.445382
4	 5	 4	 2	 44.168497	 11.243682
4	 5	 4	 3	 52.976540	 17.930562
4	 5	 4	 4	 41.401782	 17.364143
4	 5	 4	 5	 54.344576	 17.921626
4	 5	 4	 6	 48.140342	 12.419908
4	 5	 5	 1	 50.902642	 11.707626
4	 5	 5	 2	 55.351700	 0.117821
4	 5	 5	 3	 43.738152	 29.407743
4	 5	 5	 4	 53.555002	 12.740501
4	 5	 5	 5	 49.427676	 15.629646
4	 5	 5	 6	 35.739618	 20.894580
4	 5	 6	 1	 52.579051	 17.183552
4	 5	 6	 2	 58.518100	 0.509110
4	 5	 6	 3	 67.082671	 22.466785
4	 5	 6	 4	 41.627058	 24.979950
4	 5	 6	 5	 57.952326	 25.624587
4	 5	 6	 6	 58.547600	 1.454030
4	 5	 7	 1	 56.151927	 37.752339
4	 5	 7	 2	 55.313208	 36.857270
4	 5	 7	 3	 57.661689	 32.183985
4	 5	 7	 4	 39.230793	 26.481561
4	 5	 7	 5	 59.035200	 10.186000
4	 5	 7	 6	 59.035200	 10.186000
4	 6	 1	 1	 37.974449	 12.117459
4	 6	 1	 2	 33.388631	 25.258465
4	 6	 1	 3	 44.056643	 10.987702
4	 6	 1	 4	 41.404060	 14.325332
4	 6	 1	 5	 45.362650	 11.903835
4	 6	 1	 6	 33.886140	 15.014450
4	 6	 2	 1	 45.516787	 12.338414
4	 6	 2	 2	 37.578061	 11.618446
4	 6	 2	 3	 49.628011	 12.223101
4	 6	 2	 4	 53.022920	 14.875475
4	 6	 2	 5	 54.468100	 0.029210
4	 6	 2	 6	 47.468616	 9.741621
4	 6	 3	 1	 56.644435	 12.142920
4	 6	 3	 2	 49.845914	 14.746757
4	 6	 3	 3	 57.747600	 0.023995
4	 6	 3	 4	 38.876072	 9.910244
4	 6	 3	 5	 43.347685	 11.811442
4	 6	 3	 6	 34.012608	 14.489033
4	 6	 4	 1	 38.540305	 14.043679
4	 6	 4	 2	 43.605734	 13.212625
4	 6	 4	 3	 49.119748	 8.090736
4	 6	 4	 4	 52.882943	 14.113580
4	 6	 4	 5	 46.414643	 10.223027
4	 6	 4	 6	 45.100808	 10.306981
4	 6	 5	 1	 50.351837	 11.972624
4	 6	 5	 2	 48.276991	 14.420898
4	 6	 5	 3	 51.874134	 13.358398
4	 6	 5	 4	 52.906113	 16.569287
4	 6	 5	 5	 54.520246	 11.344936
4	 6	 5	 6	 52.535794	 25.749657
4	 6	 6	 1	 52.315315	 15.665338
4	 6	 6	 2	 50.405206	 20.976554
4	 6	 6	 3	 57.212436	 24.162401
4	 6	 6	 4	 62.531474	 26.058328
4	 6	 6	 5	 59.727500	 7.619000
4	 6	 6	 6	 48.216300	 0.910470
4	 6	 7	 1	 39.945193	 50.195409
4	 6	 7	 2	 45.158300	 1.347730
4	 6	 7	 3	 55.831740	 31.081322
4	 6	 7	 4	 58.871653	 35.089412
4	 6	 7	 5	 65.243300	 2.141150
4	 6	 7	 6	 63.112200	 0.724527
5	 1	 1	 1	 42.993700	 0.047207
5	 1	 1	 2	 28.877514	 6.486890
5	 1	 1	 3	 30.037503	 6.049221
5	 1	 1	 4	 24.578434	 4.023367
5	 1	 1	 5	 24.570814	 4.902911
5	 1	 1	 6	 25.629517	 3.388396
5	 1	 2	 1	 29.756700	 0.016078
5	 1	 2	 2	 25.139838	 3.776662
5	 1	 2	 3	 24.690415	 5.140821
5	 1	 2	 4	 27.634858	 6.516456
5	 1	 2	 5	 25.153589	 3.971483
5	 1	 2	 6	 23.167476	 8.626222
5	 1	 3	 1	 28.584615	 5.896562
5	 1	 3	 2	 28.705600	 0.018562
5	 1	 3	 3	 25.836904	 4.070099
5	 1	 3	 4	 23.529760	 5.899119
5	 1	 3	 5	 28.370300	 0.018406
5	 1	 3	 6	 26.954179	 5.388301
5	 1	 4	 1	 28.363150	 4.694237
5	 1	 4	 2	 28.094605	 5.234966
5	 1	 4	 3	 15.695212	 7.091672
5	 1	 4	 4	 28.944500	 0.023936
5	 1	 4	 5	 26.897690	 8.810380
5	 1	 4	 6	 29.324900	 0.026956
5	 1	 5	 1	 26.666721	 6.461135
5	 1	 5	 2	 25.572150	 7.972724
5	 1	 5	 3	 27.270449	 5.463696
5	 1	 5	 4	 29.717918	 5.984618
5	 1	 5	 5	 29.281890	 7.247767
5	 1	 5	 6	 30.488973	 8.265549
5	 1	 6	 1	 25.365434	 6.954960
5	 1	 6	 2	 29.289400	 0.048734
5	 1	 6	 3	 28.261728	 19.336907
5	 1	 6	 4	 18.177194	 24.494785
5	 1	 6	 5	 7.485782	 13.548583
5	 1	 6	 6	 28.621284	 17.801131
5	 1	 7	 1	 21.846334	 11.205002
5	 1	 7	 2	 29.474600	 0.120479
5	 1	 7	 3	 21.535029	 19.868006
5	 1	 7	 4	 14.568117	 46.935490
5	 1	 7	 5	 31.734800	 0.059412
5	 1	 7	 6	 32.920200	 0.230490
5	 2	 1	 1	 1.991578	 7.854726
5	 2	 1	 2	 3.563149	 3.324395
5	 2	 1	 3	 6.468224	 2.366701
5	 2	 1	 4	 -1.884289	 1.512390
5	 2	 1	 5	 2.601386	 1.321188
5	 2	 1	 6	 4.057568	 1.382893
5	 2	 2	 1	 5.598601	 1.634156
5	 2	 2	 2	 6.248790	 2.441697
5	 2	 2	 3	 4.131230	 1.376742
5	 2	 2	 4	 3.551568	 1.556752
5	 2	 2	 5	 -1.200699	 2.051006
5	 2	 2	 6	 2.655874	 1.603084
5	 2	 3	 1	 1.809109	 1.689674
5	 2	 3	 2	 1.445786	 1.917115
5	 2	 3	 3	 2.869065	 2.066317
5	 2	 3	 4	 0.754096	 2.067927
5	 2	 3	 5	 2.792488	 2.201177
5	 2	 3	 6	 3.762406	 2.155766
5	 2	 4	 1	 3.430412	 1.622403
5	 2	 4	 2	 0.508328	 1.803239
5	 2	 4	 3	 -0.909625	 2.293759
5	 2	 4	 4	 3.762672	 1.743371
5	 2	 4	 5	 -2.403187	 2.402256
5	 2	 4	 6	 5.598530	 0.028471
5	 2	 5	 1	 3.797579	 2.038513
5	 2	 5	 2	 4.251644	 1.927019
5	 2	 5	 3	 -1.371928	 2.574315
5	 2	 5	 4	 -7.677910	 4.848110
5	 2	 5	 5	 1.480699	 2.717834
5	 2	 5	 6	 4.705463	 2.611530
5	 2	 6	 1	 0.738125	 2.606203
5	 2	 6	 2	 -14.000361	 8.022571
5	 2	 6	 3	 -2.112534	 3.800132
5	 2	 6	 4	 -6.703753	 6.483353
5	 2	 6	 5	 5.733333	 4.965404
5	 2	 6	 6	 -1.942317	 5.460169
5	 2	 7	 1	 -5.584064	 3.882851
5	 2	 7	 2	 -12.901182	 13.851132
5	 2	 7	 3	 -6.390458	 7.536766
5	 2	 7	 4	 -0.750877	 7.710981
5	 2	 7	 5	 -9.063574	 12.067510
5	 2	 7	 6	 108.441464	 129.845952
5	 3	 1	 1	 11.501270	 4.254900
5	 3	 1	 2	 13.696900	 0.109522
5	 3	 1	 3	 8.039763	 9.798861
5	 3	 1	 4	 11.809967	 5.798028
5	 3	 1	 5	 13.740888	 3.978803
5	 3	 1	 6	 12.475286	 4.370244
5	 3	 2	 1	 12.075532	 4.242399
5	 3	 2	 2	 8.515885	 3.691466
5	 3	 2	 3	 10.367039	 3.430979
5	 3	 2	 4	 10.159594	 4.698214
5	 3	 2	 5	 10.301532	 3.638774
5	 3	 2	 6	 10.505972	 4.581197
5	 3	 3	 1	 1.571482	 3.856535
5	 3	 3	 2	 0.991900	 3.951267
5	 3	 3	 3	 1.708079	 3.659310
5	 3	 3	 4	 6.708475	 3.751679
5	 3	 3	 5	 4.019814	 3.447455
5	 3	 3	 6	 13.242510	 0.035145
5	 3	 4	 1	 8.270029	 3.136376
5	 3	 4	 2	 15.267800	 0.041515
5	 3	 4	 3	 -1.657462	 7.650730
5	 3	 4	 4	 11.406998	 3.905081
5	 3	 4	 5	 11.278282	 3.964444
5	 3	 4	 6	 8.545700	 3.650105
5	 3	 5	 1	 8.802162	 4.707295
5	 3	 5	 2	 8.669880	 4.982313
5	 3	 5	 3	 12.892378	 4.494564
5	 3	 5	 4	 -1.190389	 7.788364
5	 3	 5	 5	 11.402539	 11.170082
5	 3	 5	 6	 4.861134	 11.596196
5	 3	 6	 1	 16.708495	 7.780274
5	 3	 6	 2	 14.469890	 17.166812
5	 3	 6	 3	 13.289507	 8.690651
5	 3	 6	 4	 16.076949	 15.298908
5	 3	 6	 5	 12.250010	 0.127837
5	 3	 6	 6	 -45.771930	 84.768550
5	 3	 7	 1	 4.435562	 19.578622
5	 3	 7	 2	 2.334839	 54.820216
5	 3	 7	 3	 11.277350	 0.688711
5	 3	 7	 4	 13.945000	 0.288429
5	 3	 7	 5	 15.182400	 1.111480
5	 3	 7	 6	 10.685420	 3.777730
5	 4	 1	 1	 17.765200	 4.590380
5	 4	 1	 2	 16.713800	 0.428280
5	 4	 1	 3	 12.736030	 0.050407
5	 4	 1	 4	 12.042224	 5.302532
5	 4	 1	 5	 13.325642	 4.820147
5	 4	 1	 6	 13.160970	 0.026378
5	 4	 2	 1	 12.999511	 4.276666
5	 4	 2	 2	 13.495250	 4.190065
5	 4	 2	 3	 12.793180	 0.026043
5	 4	 2	 4	 4.953232	 5.037506
5	 4	 2	 5	 4.190444	 4.070729
5	 4	 2	 6	 -0.619418	 10.472798
5	 4	 3	 1	 12.173151	 3.285675
5	 4	 3	 2	 7.088611	 5.670493
5	 4	 3	 3	 2.083316	 3.825242
5	 4	 3	 4	 7.298172	 4.024681
5	 4	 3	 5	 6.371273	 3.333980
5	 4	 3	 6	 7.414844	 3.926768
5	 4	 4	 1	 10.780104	 2.819573
5	 4	 4	 2	 8.098030	 3.953165
5	 4	 4	 3	 7.244731	 4.135565
5	 4	 4	 4	 8.141906	 4.401510
5	 4	 4	 5	 7.223007	 3.952586
5	 4	 4	 6	 -1.752978	 8.761551
5	 4	 5	 1	 13.811100	 0.057336
5	 4	 5	 2	 5.116104	 9.335931
5	 4	 5	 3	 9.173894	 7.488179
5	 4	 5	 4	 14.324699	 4.037409
5	 4	 5	 5	 16.077807	 7.856998
5	 4	 5	 6	 -1.636766	 9.648878
5	 4	 6	 1	 -3.461692	 10.839408
5	 4	 6	 2	 -71.265188	 101.352097
5	 4	 6	 3	 11.213688	 11.876165
5	 4	 6	 4	 5.871533	 9.286686
5	 4	 6	 5	 12.202100	 0.128540
5	 4	 6	 6	 1.161154	 11.985197
5	 4	 7	 1	 12.687070	 2.146940
5	 4	 7	 2	 20.047100	 4.407000
5	 4	 7	 3	 22.911711	 24.967497
5	 4	 7	 4	 7.680390	 1.356980
5	 4	 7	 5	 20.047100	 4.407000
5	 4	 7	 6	 20.047100	 4.407000
5	 5	 1	 1	 51.584795	 14.372201
5	 5	 1	 2	 53.675764	 12.915884
5	 5	 1	 3	 36.136607	 20.547106
5	 5	 1	 4	 40.107641	 14.187350
5	 5	 1	 5	 48.959597	 10.599227
5	 5	 1	 6	 52.613300	 0.032934
5	 5	 2	 1	 56.206700	 0.014233
5	 5	 2	 2	 52.010268	 9.830179
5	 5	 2	 3	 50.522673	 18.295363
5	 5	 2	 4	 51.915505	 9.302261
5	 5	 2	 5	 44.731016	 11.141941
5	 5	 2	 6	 46.087648	 11.291432
5	 5	 3	 1	 43.288250	 8.912429
5	 5	 3	 2	 51.679661	 9.128490
5	 5	 3	 3	 44.939702	 10.773625
5	 5	 3	 4	 38.760161	 11.674701
5	 5	 3	 5	 46.623928	 20.339913
5	 5	 3	 6	 43.995386	 11.802239
5	 5	 4	 1	 40.335188	 11.671485
5	 5	 4	 2	 52.980750	 12.133723
5	 5	 4	 3	 36.505752	 19.270002
5	 5	 4	 4	 51.240300	 0.068545
5	 5	 4	 5	 41.286790	 18.497727
5	 5	 4	 6	 37.674549	 14.095379
5	 5	 5	 1	 53.792068	 12.817483
5	 5	 5	 2	 48.256239	 16.094714
5	 5	 5	 3	 45.778552	 18.147457
5	 5	 5	 4	 44.424117	 21.334478
5	 5	 5	 5	 51.818219	 12.008638
5	 5	 5	 6	 45.968871	 25.858277
5	 5	 6	 1	 44.130416	 27.524407
5	 5	 6	 2	 40.184063	 18.133340
5	 5	 6	 3	 45.524505	 24.157910
5	 5	 6	 4	 38.081048	 16.516941
5	 5	 6	 5	 64.399999	 27.401721
5	 5	 6	 6	 58.395455	 40.477068
5	 5	 7	 1	 53.701979	 15.676109
5	 5	 7	 2	 53.410666	 27.192778
5	 5	 7	 3	 49.629800	 0.881924
5	 5	 7	 4	 54.436900	 12.138100
5	 5	 7	 5	 45.526700	 3.377560
5	 5	 7	 6	 234.900470	 341.962345
5	 6	 1	 1	 33.116567	 12.109111
5	 6	 1	 2	 41.871914	 10.975527
5	 6	 1	 3	 48.479994	 13.139348
5	 6	 1	 4	 40.173851	 18.227813
5	 6	 1	 5	 43.095142	 14.440857
5	 6	 1	 6	 46.420000	 0.037146
5	 6	 2	 1	 43.472394	 8.233239
5	 6	 2	 2	 50.193652	 11.281482
5	 6	 2	 3	 40.962109	 13.932377
5	 6	 2	 4	 39.802925	 14.274710
5	 6	 2	 5	 44.439507	 10.253803
5	 6	 2	 6	 49.474137	 8.663894
5	 6	 3	 1	 47.158586	 8.457199
5	 6	 3	 2	 50.074830	 7.904581
5	 6	 3	 3	 41.079722	 12.926550
5	 6	 3	 4	 40.178472	 13.265786
5	 6	 3	 5	 45.889108	 9.014586
5	 6	 3	 6	 40.988172	 10.180654
5	 6	 4	 1	 38.634056	 13.288933
5	 6	 4	 2	 45.094482	 11.684618
5	 6	 4	 3	 40.170841	 12.586092
5	 6	 4	 4	 58.220200	 3.394540
5	 6	 4	 5	 50.362071	 10.517372
5	 6	 4	 6	 54.784815	 13.520377
5	 6	 5	 1	 33.059789	 16.190153
5	 6	 5	 2	 37.583813	 22.659369
5	 6	 5	 3	 38.828882	 12.566037
5	 6	 5	 4	 49.240515	 18.152659
5	 6	 5	 5	 50.818793	 12.883691
5	 6	 5	 6	 53.003577	 24.419289
5	 6	 6	 1	 47.295722	 15.166157
5	 6	 6	 2	 43.656860	 12.365621
5	 6	 6	 3	 52.955703	 17.696705
5	 6	 6	 4	 49.798863	 32.392194
5	 6	 6	 5	 51.020042	 21.808278
5	 6	 6	 6	 42.255570	 23.866878
5	 6	 7	 1	 49.223251	 28.620557
5	 6	 7	 2	 54.679300	 8.904000
5	 6	 7	 3	 49.232305	 45.457367
5	 6	 7	 4	 44.430293	 27.621810
5	 6	 7	 5	 53.198500	 1.536170
5	 6	 7	 6	 82.097400	 176.966000
6	 1	 1	 1	 7.796720	 0.034791
6	 1	 1	 2	 10.106667	 2.424762
6	 1	 1	 3	 8.468616	 2.275502
6	 1	 1	 4	 11.331540	 0.019634
6	 1	 1	 5	 12.025287	 2.564767
6	 1	 1	 6	 11.789162	 1.948505
6	 1	 2	 1	 7.329777	 2.519947
6	 1	 2	 2	 9.082715	 2.387648
6	 1	 2	 3	 9.110000	 3.248993
6	 1	 2	 4	 10.419359	 2.358968
6	 1	 2	 5	 10.049257	 3.302796
6	 1	 2	 6	 6.649001	 2.571464
6	 1	 3	 1	 8.346667	 3.779001
6	 1	 3	 2	 10.238828	 2.554472
6	 1	 3	 3	 10.104503	 2.433765
6	 1	 3	 4	 4.984165	 2.385957
6	 1	 3	 5	 9.862754	 2.674437
6	 1	 3	 6	 6.045578	 2.320420
6	 1	 4	 1	 7.462261	 3.445623
6	 1	 4	 2	 4.569706	 5.058011
6	 1	 4	 3	 9.911746	 2.416515
6	 1	 4	 4	 9.913511	 3.918062
6	 1	 4	 5	 11.367273	 3.610906
6	 1	 4	 6	 8.422609	 3.707281
6	 1	 5	 1	 7.522648	 2.460077
6	 1	 5	 2	 2.874191	 3.441371
6	 1	 5	 3	 5.318096	 1.994764
6	 1	 5	 4	 8.973967	 4.302844
6	 1	 5	 5	 7.577211	 3.932040
6	 1	 5	 6	 8.158959	 5.298982
6	 1	 6	 1	 6.592922	 2.707174
6	 1	 6	 2	 2.995605	 4.458027
6	 1	 6	 3	 6.166611	 5.467355
6	 1	 6	 4	 4.741536	 4.076040
6	 1	 6	 5	 4.389996	 5.200462
6	 1	 6	 6	 0.562026	 4.865199
6	 1	 7	 1	 9.057230	 0.108113
6	 1	 7	 2	 11.391680	 0.141363
6	 1	 7	 3	 9.234030	 0.120706
6	 1	 7	 4	 174.137008	 459.968320
6	 1	 7	 5	 5.788164	 16.096392
6	 1	 7	 6	 10.413670	 0.047324
6	 2	 1	 1	 -37.076617	 29.138407
6	 2	 1	 2	 10.275992	 3.248395
6	 2	 1	 3	 10.418569	 2.305518
6	 2	 1	 4	 10.908094	 2.695449
6	 2	 1	 5	 10.011571	 1.959715
6	 2	 1	 6	 8.941921	 2.482146
6	 2	 2	 1	 7.368649	 1.880624
6	 2	 2	 2	 7.665753	 3.625858
6	 2	 2	 3	 5.945682	 2.055819
6	 2	 2	 4	 7.335507	 2.816848
6	 2	 2	 5	 7.086333	 2.895184
6	 2	 2	 6	 8.404718	 2.745795
6	 2	 3	 1	 6.903706	 1.738108
6	 2	 3	 2	 7.712380	 2.394585
6	 2	 3	 3	 3.940861	 2.482012
6	 2	 3	 4	 5.522423	 3.253889
6	 2	 3	 5	 9.199180	 0.022965
6	 2	 3	 6	 5.509959	 2.599089
6	 2	 4	 1	 6.048385	 1.945003
6	 2	 4	 2	 10.809800	 0.033436
6	 2	 4	 3	 9.162594	 2.561558
6	 2	 4	 4	 3.170052	 2.480066
6	 2	 4	 5	 6.416778	 2.534956
6	 2	 4	 6	 5.696738	 3.175548
6	 2	 5	 1	 8.949571	 3.456177
6	 2	 5	 2	 12.174994	 3.468679
6	 2	 5	 3	 11.117870	 3.495004
6	 2	 5	 4	 3.749918	 3.537678
6	 2	 5	 5	 5.325367	 3.140388
6	 2	 5	 6	 0.997701	 9.283488
6	 2	 6	 1	 5.832082	 4.073913
6	 2	 6	 2	 0.089614	 7.763127
6	 2	 6	 3	 4.948246	 3.657309
6	 2	 6	 4	 12.459457	 8.004365
6	 2	 6	 5	 4.614484	 12.259193
6	 2	 6	 6	 11.352155	 10.489798
6	 2	 7	 1	 8.366446	 8.391316
6	 2	 7	 2	 -0.301654	 6.979007
6	 2	 7	 3	 -1.466097	 14.076877
6	 2	 7	 4	 5.014360	 0.147430
6	 2	 7	 5	 7.637130	 0.179757
6	 2	 7	 6	 6.706650	 0.222671
6	 3	 1	 1	 -24.165500	 2.345780
6	 3	 1	 2	 -24.091800	 0.082366
6	 3	 1	 3	 -23.856491	 7.848784
6	 3	 1	 4	 -27.804088	 6.136944
6	 3	 1	 5	 -27.742476	 5.407196
6	 3	 1	 6	 -23.515143	 3.452922
6	 3	 2	 1	 -24.500839	 4.571021
6	 3	 2	 2	 -24.800638	 4.204080
6	 3	 2	 3	 -26.564900	 0.036365
6	 3	 2	 4	 -24.840383	 3.885084
6	 3	 2	 5	 -29.983579	 3.571989
6	 3	 2	 6	 -25.701537	 2.845510
6	 3	 3	 1	 -29.449287	 3.907136
6	 3	 3	 2	 -31.015823	 4.185432
6	 3	 3	 3	 -27.144711	 3.177904
6	 3	 3	 4	 -25.503704	 4.016406
6	 3	 3	 5	 -30.748168	 3.661355
6	 3	 3	 6	 -27.387466	 3.415915
6	 3	 4	 1	 -33.754119	 4.046654
6	 3	 4	 2	 -26.465424	 3.383149
6	 3	 4	 3	 -33.385334	 4.290297
6	 3	 4	 4	 -31.646002	 3.768122
6	 3	 4	 5	 -38.825574	 8.984177
6	 3	 4	 6	 -32.469006	 6.047237
6	 3	 5	 1	 -33.854129	 4.155686
6	 3	 5	 2	 -29.777506	 4.953265
6	 3	 5	 3	 -25.762523	 4.443703
6	 3	 5	 4	 -31.354424	 5.357143
6	 3	 5	 5	 -28.017404	 4.687066
6	 3	 5	 6	 -26.926748	 7.000852
6	 3	 6	 1	 -16.329884	 3.884152
6	 3	 6	 2	 -25.774607	 9.280274
6	 3	 6	 3	 -54.989894	 30.630955
6	 3	 6	 4	 -30.081696	 15.024116
6	 3	 6	 5	 -15.485373	 9.182387
6	 3	 6	 6	 -23.021800	 0.174288
6	 3	 7	 1	 -35.375442	 30.991476
6	 3	 7	 2	 -18.252213	 10.275592
6	 3	 7	 3	 -26.993600	 0.749895
6	 3	 7	 4	 -26.505300	 0.892460
6	 3	 7	 5	 -27.238300	 1.479960
6	 3	 7	 6	 -33.991800	 2.732220
6	 4	 1	 1	 -12.659200	 1.202000
6	 4	 1	 2	 -24.524500	 0.147039
6	 4	 1	 3	 -25.009000	 0.055938
6	 4	 1	 4	 -24.499200	 0.031462
6	 4	 1	 5	 -31.719530	 7.382868
6	 4	 1	 6	 -25.351249	 4.150724
6	 4	 2	 1	 -25.607341	 4.184885
6	 4	 2	 2	 -45.861092	 10.069437
6	 4	 2	 3	 -28.161379	 5.183824
6	 4	 2	 4	 -37.501795	 11.763736
6	 4	 2	 5	 -28.433749	 3.542596
6	 4	 2	 6	 -28.696859	 3.747320
6	 4	 3	 1	 -23.781153	 3.744036
6	 4	 3	 2	 -28.748557	 3.608411
6	 4	 3	 3	 -30.226110	 4.026021
6	 4	 3	 4	 -31.288204	 4.565457
6	 4	 3	 5	 -31.281292	 3.392829
6	 4	 3	 6	 -39.847998	 5.333338
6	 4	 4	 1	 -28.601057	 3.686670
6	 4	 4	 2	 -33.608015	 5.290565
6	 4	 4	 3	 -30.063332	 3.458693
6	 4	 4	 4	 -27.469285	 2.874868
6	 4	 4	 5	 -39.691495	 7.434822
6	 4	 4	 6	 -58.744919	 17.311732
6	 4	 5	 1	 -26.088862	 4.110213
6	 4	 5	 2	 -50.821137	 18.749958
6	 4	 5	 3	 -27.249356	 3.837173
6	 4	 5	 4	 -28.759543	 5.969576
6	 4	 5	 5	 -24.836900	 0.100714
6	 4	 5	 6	 -24.885714	 6.241793
6	 4	 6	 1	 -24.434268	 11.763193
6	 4	 6	 2	 -28.646827	 10.095605
6	 4	 6	 3	 -30.808507	 10.608724
6	 4	 6	 4	 -22.336126	 8.346215
6	 4	 6	 5	 -32.918860	 12.678654
6	 4	 6	 6	 -25.857093	 14.902456
6	 4	 7	 1	 -24.458361	 13.215281
6	 4	 7	 2	 -30.034925	 16.927021
6	 4	 7	 3	 -30.701300	 0.810159
6	 4	 7	 4	 -29.647400	 1.583650
6	 4	 7	 5	 -31.024600	 1.784530
6	 4	 7	 6	 -31.732000	 2.707830
6	 5	 1	 1	 20.392022	 22.413018
6	 5	 1	 2	 17.788989	 9.451270
6	 5	 1	 3	 12.214454	 17.183541
6	 5	 1	 4	 26.228112	 14.113123
6	 5	 1	 5	 19.100815	 7.123008
6	 5	 1	 6	 27.610190	 6.365379
6	 5	 2	 1	 23.223730	 6.766659
6	 5	 2	 2	 18.811495	 7.886967
6	 5	 2	 3	 12.261980	 9.302004
6	 5	 2	 4	 30.289619	 8.059343
6	 5	 2	 5	 30.935953	 8.540809
6	 5	 2	 6	 28.252706	 8.881072
6	 5	 3	 1	 26.878029	 6.419162
6	 5	 3	 2	 30.427589	 5.069742
6	 5	 3	 3	 22.400518	 6.762341
6	 5	 3	 4	 20.228186	 5.566059
6	 5	 3	 5	 23.676044	 7.059629
6	 5	 3	 6	 29.614200	 0.062693
6	 5	 4	 1	 33.002088	 10.815716
6	 5	 4	 2	 24.539156	 9.379076
6	 5	 4	 3	 14.754285	 11.018976
6	 5	 4	 4	 17.310089	 16.492305
6	 5	 4	 5	 17.605518	 7.897811
6	 5	 4	 6	 30.102487	 8.900205
6	 5	 5	 1	 23.948950	 7.585287
6	 5	 5	 2	 24.730621	 6.290345
6	 5	 5	 3	 25.749023	 10.586588
6	 5	 5	 4	 26.840422	 7.717061
6	 5	 5	 5	 15.707505	 11.857731
6	 5	 5	 6	 35.975608	 7.998060
6	 5	 6	 1	 22.702400	 0.371811
6	 5	 6	 2	 33.667747	 13.692325
6	 5	 6	 3	 22.620454	 12.288854
6	 5	 6	 4	 19.646403	 14.630720
6	 5	 6	 5	 23.349600	 1.250090
6	 5	 6	 6	 39.754459	 18.316821
6	 5	 7	 1	 30.820744	 18.293481
6	 5	 7	 2	 20.628200	 0.802511
6	 5	 7	 3	 26.270700	 6.854000
6	 5	 7	 4	 25.624165	 26.327313
6	 5	 7	 5	 17.203700	 2.687400
6	 5	 7	 6	 34.231100	 5.761190
6	 6	 1	 1	 26.689522	 11.962386
6	 6	 1	 2	 36.919954	 12.708815
6	 6	 1	 3	 13.589972	 12.702106
6	 6	 1	 4	 15.860521	 23.976107
6	 6	 1	 5	 23.999200	 0.052622
6	 6	 1	 6	 22.658918	 10.375119
6	 6	 2	 1	 17.466776	 11.807678
6	 6	 2	 2	 13.537259	 5.445588
6	 6	 2	 3	 18.049826	 6.309104
6	 6	 2	 4	 14.562687	 6.958252
6	 6	 2	 5	 12.430361	 7.674031
6	 6	 2	 6	 21.138365	 5.057981
6	 6	 3	 1	 14.321937	 8.784135
6	 6	 3	 2	 11.366534	 7.429371
6	 6	 3	 3	 21.490601	 7.206513
6	 6	 3	 4	 23.145514	 6.561069
6	 6	 3	 5	 15.900166	 4.789554
6	 6	 3	 6	 16.354106	 7.986491
6	 6	 4	 1	 14.832039	 8.160443
6	 6	 4	 2	 22.984600	 0.079782
6	 6	 4	 3	 19.558007	 4.784116
6	 6	 4	 4	 19.442371	 5.742258
6	 6	 4	 5	 15.492710	 5.191468
6	 6	 4	 6	 9.142236	 10.647143
6	 6	 5	 1	 15.376704	 10.120506
6	 6	 5	 2	 26.441309	 8.032051
6	 6	 5	 3	 25.880628	 8.440850
6	 6	 5	 4	 25.583700	 0.211571
6	 6	 5	 5	 20.224250	 8.616463
6	 6	 5	 6	 21.806231	 10.721490
6	 6	 6	 1	 25.520400	 0.145203
6	 6	 6	 2	 5.776322	 8.904162
6	 6	 6	 3	 19.412737	 14.652916
6	 6	 6	 4	 34.242428	 13.512450
6	 6	 6	 5	 17.391100	 0.105891
6	 6	 6	 6	 20.669855	 22.206404
6	 6	 7	 1	 28.556364	 19.791162
6	 6	 7	 2	 32.472624	 25.718103
6	 6	 7	 3	 11.663125	 15.343898
6	 6	 7	 4	 42.932695	 43.432453
6	 6	 7	 5	 32.161900	 2.298580
6	 6	 7	 6	 46.147900	 16.587400
